0.0	1.0	0.0
1.209442127	0.9994840521551782	2.25975904655229e-11
2.418884254	0.9979386196408613	2.475980531713162e-10
3.6283263810000004	0.9953705113219938	8.581919341832389e-10
4.837768508	0.9917906444162371	1.9411247609291138e-09
6.047210635000001	0.9872138744101733	3.5243816337571232e-09
7.256652762000001	0.9816588241134013	5.601642510955074e-09
8.466094889	0.9751477061676637	8.13799760392142e-09
9.675537016	0.9677061380899757	1.108683164545432e-08
10.884979143	0.9593629485236657	1.4395676921352685e-08
12.094421270000002	0.9501499750026927	1.800315261452079e-08
13.303863397	0.9401018540303103	2.1853414904071666e-08
14.513305524000002	0.9292558042586552	2.5881607565447773e-08
15.722747651	0.9176514041065992	3.001678761105353e-08
16.932189778	0.9053303651094583	3.4196143486320274e-08
18.141631905	0.8923363022144403	3.836256504130553e-08
19.351074032	0.8787145024304489	4.2459770019376286e-08
20.560516159000002	0.8645116931978211	4.6432906283810915e-08
21.769958286	0.8497758117534389	5.022802054832631e-08
22.979400413	0.8345557767202348	5.379196366117611e-08
24.188842540000003	0.8189012630764404	5.707322270342985e-08
25.398284667000002	0.8028624815811124	6.00223858115978e-08
26.607726794	0.7864899636457713	6.259215409865071e-08
27.817168921	0.7698343525502255	6.473708652476873e-08
29.026611048000003	0.752946201805646	6.641303240684238e-08
30.236053175000002	0.7358757813727802	6.757597686979366e-08
31.445495302	0.7186728923495614	6.818051756507515e-08
32.654937429	0.7013866906521257	6.817949702031534e-08
33.864379556	0.6840655201195691	6.752524861486364e-08
35.073821683000006	0.666756755381753	6.616971751083334e-08
36.28326381	0.6495066547524027	6.406366073741232e-08
37.492705937000004	0.6323602233363297	6.115665218686672e-08
38.702148064	0.6153610864647159	5.739775697788385e-08
39.911590191	0.5985513735018771	5.273642490755126e-08
41.121032318000005	0.5819716120050707	4.712387866034895e-08
42.330474445	0.5656606321644257	4.051568996965571e-08
43.539916572	0.5496554814023589	3.28736829147136e-08
44.749358699000005	0.533991348967973	2.4162562589635783e-08
45.958800826	0.5187015003229949	1.4340349449581957e-08
47.168242953000004	0.5038172210829476	3.351073377122482e-09
48.377685080000006	0.48936777024252265	-8.872063181342149e-09
49.587127207	0.4753803423831046	-2.2392679752125666e-08
50.796569334000004	0.46188003854418064	-3.725926868425322e-08
52.00601146100001	0.44888984543329413	-5.351011377052739e-08
53.215453588	0.43643062263386634	-7.118570445607819e-08
54.424895715000005	0.42452109745963046	-9.033591268081675e-08
55.634337842	0.41317786709686505	-1.110208275797997e-07
56.843779969	0.40241540767105394	-1.3330783900367127e-07
58.053222096000006	0.3922460898738812	-1.572676580213761e-07
59.262664223	0.3826802007881794	-1.8297097086061864e-07
60.472106350000004	0.3737259715519615	-2.1048649390814633e-07
61.68154847700001	0.3653896105071551	-2.398805066528009e-07
62.890990604	0.3576753414844325	-2.712177458313869e-07
64.100432731	0.35058544688190507	-3.0456344776025324e-07
65.309874858	0.3441203152028375	-3.399863438974249e-07
66.519316985	0.3382784927254506	-3.7756244426062624e-07
67.728759112	0.33305673898621396	-4.173794202755321e-07
68.93820123900001	0.32845008576661106	-4.5954141718318464e-07
70.14764336600001	0.32445189928224044	-5.041741439476555e-07
71.357085493	0.32105394528183845	-5.51430144039855e-07
72.56652762	0.3182464567724994	-6.014942502442777e-07
73.775969747	0.31601820409580844	-6.545891768627854e-07
74.98541187400001	0.31435656708755333	-7.109812599562226e-07
76.19485400100001	0.3132476090613992	-7.709861220145386e-07
77.404296128	0.312676152364391	-8.349740497765046e-07
78.613738255	0.3126258552601401	-9.03374683031144e-07
79.823180382	0.31307928990383616	-9.76680522513096e-07
81.032622509	0.314018021180619	-1.055448563887229e-06
82.24206463600001	0.31542268618444297	-1.1402996214840422e-06
83.45150676300001	0.31727307411932293	-1.2319151478715207e-06
84.66094889	0.3195482064100322	-1.3310313410064278e-06
85.870391017	0.32222641681547315	-1.4384298756831004e-06
87.079833144	0.32528543134463506	-1.5549243748275154e-06
88.28927527100001	0.3287024477814771	-1.681342431475441e-06
89.49871739800001	0.3324542146304489	-1.818504358076789e-06
90.708159525	0.33651710929842477	-1.967201177600908e-06
91.917601652	0.3408672153328095	-2.128174284674045e-06
93.127043779	0.3454803985409363	-2.302098093424909e-06
94.33648590600001	0.35033238182299054	-2.4895656548715173e-06
95.54592803300001	0.3553988185585304	-2.6910766827148436e-06
96.75537016000001	0.3606553643942996	-2.9070277641068953e-06
97.964812287	0.3660777472877983	-3.1377050647846128e-06
99.174254414	0.37164183566719333	-3.383280023139257e-06
100.383696541	0.3773237045730778	-3.643808283340655e-06
101.59313866800001	0.38309969965226814	-3.919231272908608e-06
102.80258079500001	0.3889464988789832	-4.209378995187474e-06
104.01202292200001	0.3948411718852368	-4.513972428121793e-06
105.221465049	0.4007612367902437	-4.832624512576822e-06
106.430907176	0.40668471442714643	-5.164839355045747e-06
107.64034930300001	0.4125901798744833	-5.510009440809482e-06
108.84979143000001	0.4184568112092012	-5.867410806256745e-06
110.05923355700001	0.42426443540763686	-6.236196806230776e-06
111.268675684	0.4299935713299964	-6.61539251983756e-06
112.478117811	0.43562546973255983	-7.003892626922248e-06
113.687559938	0.441142150260088	-7.400464044460264e-06
114.89700206500001	0.44652643537885867	-7.803752661100782e-06
116.10644419200001	0.4517619812188479	-8.212294039758317e-06
117.31588631900001	0.45683330530254124	-8.624528495662642e-06
118.525328446	0.4617258111476697	-9.03881933048134e-06
119.734770573	0.46642580974036	-9.453472010687025e-06
120.94421270000001	0.47092053788396854	-9.86675277983573e-06
122.15365482700001	0.47519817343742726	-1.0276906026868149e-05
123.36309695400001	0.4792478474655162	-1.0682170129228119e-05
124.572539081	0.4830596533318243	-1.1080791654710653e-05
125.781981208	0.4866246527732121	-1.1471037971555464e-05
126.99142333500001	0.4899348790024255	-1.1851208600782703e-05
128.200865462	0.49298333689336316	-1.2219646634975545e-05
129.410307589	0.4957640003118671	-1.257475299884514e-05
130.619749716	0.4982718066638078	-1.2915007992109206e-05
131.82919184300002	0.5005026487413201	-1.3239002421921997e-05
133.03863397	0.5024533639547668	-1.35454708257432e-05
134.24807609700002	0.5041217210383163	-1.383330765875046e-05
135.457518224	0.5055064043136944	-1.4101554086820567e-05
136.666960351	0.5066069956004117	-1.4349369492322461e-05
137.87640247800002	0.5074239538767457	-1.457601394147523e-05
139.085844605	0.5079585928102567	-1.4780850068313311e-05
140.29528673200002	0.5082130562780857	-1.496335399933657e-05
141.504728859	0.5081902919942417	-1.5123125520266623e-05
142.714170986	0.507894023363805	-1.52598959013428e-05
143.92361311300002	0.5073287196890417	-1.5373534781454312e-05
145.13305524	0.506499564855314	-1.546405625069136e-05
146.34249736700002	0.5054124246256477	-1.5531623430459218e-05
147.551939494	0.5040738126737567	-1.5576550960905156e-05
148.761381621	0.5024908554865424	-1.5599305352359538e-05
149.97082374800002	0.5006712562677658	-1.5600503448148784e-05
151.180265875	0.4986232579747424	-1.5580909126039488e-05
152.38970800200002	0.4963556056195275	-1.5541427896670346e-05
153.599150129	0.4938775079653242	-1.5483098641411175e-05
154.808592256	0.4911985987478935	-1.540708153918713e-05
156.018034383	0.4883288975505393	-1.5314641492875092e-05
157.22747651	0.4852787704595072	-1.5207127031929835e-05
158.43691863700002	0.4820588906237954	-1.5085945334475381e-05
159.646360764	0.478680198840143	-1.4952534571927023e-05
160.85580289100002	0.4751538642803943	-1.480833502284784e-05
162.065245018	0.47149124547486027	-1.4654760466359384e-05
163.274687145	0.4677038516620514	-1.4493171375445923e-05
164.48412927200002	0.4638033046117848	-1.4324851013020057e-05
165.693571399	0.4598013010254325	-1.4150985464617127e-05
166.90301352600002	0.4557095756136744	-1.3972648434973367e-05
168.112455653	0.45153986494857756	-1.3790792062914892e-05
169.32189778	0.44730387218242085	-1.3606245354819135e-05
170.53133990700002	0.44301323272023524	-1.3419721598087464e-05
171.740782034	0.4386794809264128	-1.3231834579199853e-05
172.95022416100002	0.4343140179393424	-1.3043121515995959e-05
174.159666288	0.42992808066231	-1.2854069044027083e-05
175.369108415	0.425532711994439	-1.266513842530792e-05
176.57855054200002	0.42113873236071814	-1.2476786790505123e-05
177.787992669	0.4167567125947033	-1.2289482136981777e-05
178.99743479600002	0.41239694822141887	-1.2103710948382918e-05
180.206876923	0.4080694351822573	-1.191997874566697e-05
181.41631905	0.4037838470388342	-1.1738805787489537e-05
182.62576117700002	0.3995495136888843	-1.156072170470368e-05
183.835203304	0.3953754016230464	-1.1386262563015115e-05
185.04464543100002	0.3912700957458328	-1.1215971592024032e-05
186.254087558	0.38724178277739424	-1.1050402200479814e-05
187.46352968500003	0.38329823624645987	-1.089012088567598e-05
188.67297181200001	0.3794468030799576	-1.073570846199523e-05
189.882413939	0.3756943917906015	-1.0587759240787697e-05
191.09185606600002	0.37204746225942154	-1.0446878486045086e-05
192.301298193	0.36851201710538584	-1.0313678304743612e-05
193.51074032000002	0.3650935946296059	-1.018877212961844e-05
194.720182447	0.3617972633172092	-1.007276826806014e-05
195.929624574	0.3586276178758995	-9.966263650337814e-06
197.13906670100002	0.35558877678639467	-9.869838471010528e-06
198.348508828	0.3526843813355933	-9.784051614891709e-06
199.55795095500002	0.3499175960985739	-9.709436768812196e-06
200.767393082	0.34729111083194236	-9.646499558937927e-06
201.976835209	0.34480714373853993	-9.595715783614067e-06
203.18627733600002	0.3424674460611671	-9.557530710677109e-06
204.395719463	0.3402733079601323	-9.532359220229547e-06
205.60516159000002	0.33822556562634276	-9.520586581754364e-06
206.814603717	0.3363246095786798	-9.522569538636394e-06
208.02404584400003	0.33457039409186834	-9.538637357212054e-06
209.23348797100002	0.3329624476989178	-9.5690926193992e-06
210.442930098	0.3314998847104924	-9.614211634909053e-06
211.65237222500002	0.3301814176922626	-9.67424455300403e-06
212.861814352	0.3290053708399624	-9.749415230311809e-06
214.07125647900003	0.3279696941909204	-9.839921000079355e-06
215.28069860600002	0.32707197860975756	-9.945932376104194e-06
216.490140733	0.3263094714851458	-1.0067592798271296e-05
217.69958286000002	0.32567909307394133	-1.0205018403056099e-05
218.909024987	0.3251774534284742	-1.0358297846041475e-05
220.11846711400003	0.32480086984268103	-1.0527492186537812e-05
221.32790924100001	0.3245453847526364	-1.0712634789550313e-05
222.537351368	0.3244067840273408	-1.0913731246495195e-05
223.74679349500002	0.3243806155859244	-1.1130759270158719e-05
224.956235622	0.3244622082780428	-1.1363668505501301e-05
226.16567774900003	0.3246466909649802	-1.1612380170666903e-05
227.375119876	0.3249290117398529	-1.1876786415732088e-05
228.584562003	0.3253039572264219	-1.2156749217034912e-05
229.79400413000002	0.3257661718971234	-1.2452098639773035e-05
231.003446257	0.32631017735230083	-1.2762630372142869e-05
232.21288838400002	0.3269303915040384	-1.3088102546562896e-05
233.422330511	0.3276211476097625	-1.3428232006409968e-05
234.63177263800003	0.3283767131026435	-1.3782690131608488e-05
235.84121476500002	0.32919130816773295	-1.4151098274406415e-05
237.050656892	0.33005912401477944	-1.4533022907645132e-05
238.26009901900002	0.3309743408006882	-1.4927970627687248e-05
239.469541146	0.33193114515680494	-1.5335383164380434e-05
240.67898327300003	0.33292374727845997	-1.5754632723283257e-05
241.88842540000002	0.33394639753652694	-1.618501778551107e-05
243.097867527	0.33499340257313687	-1.6625759696298203e-05
244.30730965400002	0.3360591408461663	-1.7076000141905134e-05
245.516751781	0.3371380775895188	-1.7534799711643734e-05
246.72619390800003	0.338224779158685	-1.8001137584780502e-05
247.93563603500002	0.3393139267336395	-1.8473912415412075e-05
249.145078162	0.34040032935354625	-1.8951944331421777e-05
250.35452028900002	0.34147893626036924	-1.9433977973479233e-05
251.563962416	0.3425448485308908	-1.9918686401249053e-05
252.77340454300003	0.34359332997927755	-2.040467566309656e-05
253.98284667000001	0.3446198173147899	-2.0890489768374265e-05
255.192288797	0.3456199295418058	-2.13746158365391e-05
256.401730924	0.34658947659182504	-2.185548918351432e-05
257.61117305100004	0.3475244671797524	-2.2331498210903522e-05
258.820615178	0.348421115879231	-2.2800989054910792e-05
260.030057305	0.3492758494143928	-2.3262270087878734e-05
261.239499432	0.3500853121679097	-2.3713616493004075e-05
262.448941559	0.3508463709077287	-2.4153275214683356e-05
263.65838368600004	0.3515561187372276	-2.457947066836219e-05
264.867825813	0.35221187827593603	-2.4990411515893318e-05
266.07726794	0.35281120408012423	-2.5384298789385418e-05
267.286710067	0.3533518843147219	-2.5759335454900167e-05
268.49615219400005	0.3538319416899506	-2.6113737429903083e-05
269.70559432100004	0.35424963367788614	-2.6445745903963536e-05
270.915036448	0.35460345202581955	-2.6753640760032726e-05
272.124478575	0.35489212158483585	-2.7035754809653922e-05
273.333920702	0.35511459847342713	-2.7290488549255865e-05
274.54336282900005	0.35527006759747015	-2.751632508279922e-05
275.75280495600003	0.3553579395492071	-2.7711844855574097e-05
276.962247083	0.3553778469091715	-2.7875739857005644e-05
278.17168921	0.35532963997634487	-2.8006826927273742e-05
279.381131337	0.35521338195285396	-2.810405992405285e-05
280.59057346400004	0.3550293436106078	-2.8166540490690006e-05
281.80001559100003	0.3547779974681542	-2.819352726285418e-05
283.009457718	0.3544600115068258	-2.818444340135784e-05
284.218899845	0.35407624245595765	-2.813888235156381e-05
285.428341972	0.3536277286775456	-2.805661179891561e-05
286.63778409900004	0.3531156826811782	-2.7937575842323925e-05
287.84722622600003	0.35254148330035867	-2.7781895467635098e-05
289.056668353	0.3519066675612917	-2.7589867432675774e-05
290.26611048	0.3512129222753121	-2.7361961643296295e-05
291.475552607	0.3504620753864172	-2.709881707012307e-05
292.68499473400004	0.34965608710569573	-2.6801236332751888e-05
293.89443686100003	0.3487970408642963	-2.647017912302263e-05
295.103878988	0.3478871341161074	-2.6106754593344106e-05
296.313321115	0.3469286690211083	-2.571221286720715e-05
297.522763242	0.3459240430398729	-2.528793573568222e-05
298.73220536900004	0.3448757394693756	-2.483542668582639e-05
299.94164749600003	0.343786317949675	-2.435630034038072e-05
301.151089623	0.34265840497048927	-2.3852271428162486e-05
302.36053175	0.3414946844059416	-2.332514337968772e-05
303.569973877	0.3402978881050547	-2.277679666441712e-05
304.77941600400004	0.3390707865647142	-2.2209176960691357e-05
305.98885813100003	0.3378161797109508	-2.162428328632282e-05
307.198300258	0.3365368878134541	-2.102415617642739e-05
308.407742385	0.33523574255724076	-2.0410866034104025e-05
309.617184512	0.3339155782943647	-1.9786501762208974e-05
310.82662663900004	0.3325792234974534	-1.9153159769996764e-05
312.036068766	0.33122949243574973	-1.8512933452660696e-05
313.245510893	0.32986917709318364	-1.7867903246149286e-05
314.45495302	0.3285010393467723	-1.722012729422906e-05
315.664395147	0.3271278034224669	-1.6571632819331605e-05
316.87383727400004	0.3257521486442925	-1.59244081956722e-05
318.083279401	0.3243767024913743	-1.5280395775266187e-05
319.292721528	0.32300403397617333	-1.4641485424307654e-05
320.502163655	0.321636647355939	-1.4009508783524582e-05
321.71160578200005	0.320276976188142	-1.338623418123408e-05
322.92104790900004	0.3189273777392926	-1.2773362174506309e-05
324.130490036	0.31759012775535495	-1.2172521652031865e-05
325.339932163	0.31626741560059674	-1.1585266456851095e-05
326.54937429	0.31496133977060536	-1.1013072458612716e-05
327.75881641700005	0.31367390378378324	-1.0457335044913862e-05
328.96825854400004	0.3124070124545965	-9.91936693844897e-06
330.177700671	0.31116246855053464	-9.400396307743253e-06
331.387142798	0.30994196983356054	-8.901565055841054e-06
332.596584925	0.30874710648572146	-8.423927243692009e-06
333.80602705200005	0.3075793589173916	-7.968447618911245e-06
335.01546917900004	0.306440095955537	-7.536000245389474e-06
336.224911306	0.3053305734083324	-7.127367281367647e-06
337.434353433	0.3042519330013639	-6.743237947304248e-06
338.64379556	0.30320520167973725	-6.384207744264403e-06
339.85323768700005	0.30219129126936495	-6.050777970917354e-06
341.06267981400003	0.3012109984898558	-5.743355557960572e-06
342.272121941	0.30026500531055655	-5.462253249960414e-06
343.481564068	0.2993538796404331	-5.207690127392861e-06
344.691006195	0.29847807634177725	-4.97979248355318e-06
345.90044832200005	0.2976379385569456	-4.7785950423179235e-06
347.10989044900003	0.29683369933668946	-4.604042515732321e-06
348.319332576	0.29606548355799855	-4.455991489626943e-06
349.528774703	0.2953333101188156	-4.334212616599609e-06
350.73821683	0.2946370943964375	-4.238393125022277e-06
351.94765895700004	0.29397665095599035	-4.168139612001354e-06
353.15710108400003	0.2933516964948636	-4.122981104637269e-06
354.366543211	0.2927618530087062	-4.102372389888642e-06
355.575985338	0.2922066511642292	-4.1056975827319375e-06
356.785427465	0.2916855338637835	-4.1322738995319686e-06
357.99486959200004	0.29119785998648406	-4.1813556445613465e-06
359.20431171900003	0.29074290829050475	-4.252138358015745e-06
360.413753846	0.29031988146100635	-4.343763112354959e-06
361.623195973	0.28992791028816145	-4.455320929186435e-06
362.8326381	0.2895660579596496	-4.585857293862294e-06
364.04208022700004	0.28923332445209965	-4.7343767424351535e-06
365.25152235400003	0.28892865100597964	-4.899847469388985e-06
366.460964481	0.2886509246685708	-5.081205976475989e-06
367.670406608	0.2883989828898596	-5.277361692507254e-06
368.87984873500005	0.2881716181563201	-5.487201571494071e-06
370.08929086200004	0.2879675826478767	-5.709594614308755e-06
371.29873298900003	0.28778559290356365	-5.9433963338628715e-06
372.508175116	0.28762433448176355	-6.187453107736607e-06
373.717617243	0.28748246660123905	-6.440606415719641e-06
374.92705937000005	0.2873586267495438	-6.701696946664892e-06
376.13650149700004	0.2872514352458587	-6.969568555670325e-06
377.34594362400003	0.2871594997457153	-7.243072069215706e-06
378.555385751	0.28708141967556805	-7.521068911955919e-06
379.764827878	0.287015790585637	-7.80243456560692e-06
380.97427000500005	0.2869612084100124	-8.086061834958191e-06
382.18371213200004	0.28691627362351607	-8.370863935916462e-06
383.393154259	0.2868795952854062	-8.655777385069285e-06
384.602596386	0.2868497949605632	-8.939764696472285e-06
385.812038513	0.2868255105094002	-9.221816886506584e-06
387.02148064000005	0.2868053997383465	-9.500955786542753e-06
388.23092276700004	0.2867881439033526	-9.776236160219387e-06
389.440364894	0.28677245105950333	-1.0046747635730768e-05
390.649807021	0.2867570592504283	-1.0311616450403571e-05
391.859249148	0.286740739531871	-1.0570007005286652e-05
393.06869127500005	0.2867222988243493	-1.0821123252346965e-05
394.27813340200004	0.2867005825905392	-1.1064209894010024e-05
395.487575529	0.2866744773335819	-1.1298553427283031e-05
396.697017656	0.28664291291318966	-1.1523483011727231e-05
397.906459783	0.28660486467701274	-1.1738371174394024e-05
399.11590191000005	0.286559355405367	-1.1942634362008264e-05
400.32534403700004	0.2865054570679867	-1.2135733343049404e-05
401.534786164	0.2864422923921239	-1.2317173455581032e-05
402.744228291	0.28636903624182775	-1.2486504727418635e-05
403.953670418	0.28628491680885293	-1.2643321836258714e-05
405.16311254500005	0.2861892166161558	-1.2787263962088513e-05
406.37255467200004	0.28608127333554834	-1.2918014499138653e-05
407.581996799	0.2859604804214709	-1.3035300645794501e-05
408.791438926	0.2858262875634787	-1.313889289641934e-05
410.000881053	0.2856782009604354	-1.322860440479412e-05
411.21032318000005	0.2855157834198858	-1.3304290260099383e-05
412.41976530700003	0.28533865428649763	-1.3365846656523961e-05
413.629207434	0.2851464892039403	-1.3413209981952279e-05
414.838649561	0.2849390197148718	-1.3446355819402012e-05
416.04809168800006	0.2847160327041364	-1.3465297863154979e-05
417.25753381500004	0.2844773696906026	-1.3470086778308299e-05
418.46697594200003	0.284222925973373	-1.3460808979140482e-05
419.676418069	0.2839526496384218	-1.3437585369424632e-05
420.885860196	0.2836665404319482	-1.3400570003194168e-05
422.09530232300006	0.28336464850703996	-1.3349948723068161e-05
423.30474445000004	0.2830470730503568	-1.3285937749449306e-05
424.51418657700003	0.28271396079586925	-1.320878223243227e-05
425.723628704	0.2823655044327263	-1.3118754786697884e-05
426.933070831	0.2820019409145671	-1.3016153997152946e-05
428.14251295800005	0.28162354967766473	-1.2901302913606583e-05
429.35195508500004	0.2812306507753711	-1.277454753297047e-05
430.56139721200003	0.2808236029364445	-1.2636255280168429e-05
431.770839339	0.2804028015548424	-1.2486813484272052e-05
432.980281466	0.2799686766186237	-1.2326627861311557e-05
434.18972359300005	0.2795216905855626	-1.2156121008022325e-05
435.39916572000004	0.2790623362130715	-1.1975730893731829e-05
436.60860784700003	0.2785911343499994	-1.1785909389550042e-05
437.818049974	0.27810863169777633	-1.1587120790440553e-05
439.027492101	0.2776153985483071	-1.1379840374775574e-05
440.23693422800005	0.27711202650589695	-1.1164552978656928e-05
441.44637635500004	0.27659912620036553	-1.0941751595716642e-05
442.65581848200003	0.27607732499837884	-1.0711936000981637e-05
443.865260609	0.2755472647198457	-1.0475611409030416e-05
445.074702736	0.2750095993660444	-1.0233287157157545e-05
446.28414486300005	0.2744649928659826	-9.985475416071643e-06
447.49358699000004	0.27391411684723754	-9.732689935385008e-06
448.703029117	0.27335764843734467	-9.475444825379764e-06
449.912471244	0.2727962681015382	-9.214253363074021e-06
451.121913371	0.27223065752241477	-8.949626837284619e-06
452.33135549800005	0.2716614975268322	-8.682073428981085e-06
453.54079762500004	0.27108946606507756	-8.412097122420525e-06
454.750239752	0.2705152362470826	-8.140196654016219e-06
455.959681879	0.2699394744401646	-7.866864490516101e-06
457.169124006	0.2693628384324822	-7.592585849924838e-06
458.37856613300005	0.26878597566610857	-7.317837753262335e-06
459.58800826000004	0.2682095215433229	-7.043088102454131e-06
460.797450387	0.2676340978094169	-6.768794808223455e-06
462.006892514	0.26706031101498584	-6.4954049358023624e-06
463.216334641	0.2664887510604042	-6.223353888848426e-06
464.42577676800005	0.2659199898248653	-5.953064633149041e-06
465.63521889500004	0.2653545798820192	-5.6849469342590275e-06
466.844661022	0.2647930533039915	-5.419396642905583e-06
468.054103149	0.2642359205552232	-5.156795001320935e-06
469.26354527600006	0.2636836694772896	-4.897507990153649e-06
470.47298740300005	0.2631367643655348	-4.641885691283876e-06
471.68242953000004	0.2625956451381074	-4.390261710340848e-06
472.891871657	0.26206072659761914	-4.142952612903872e-06
474.101313784	0.2615323977854711	-3.900257411482144e-06
475.31075591100006	0.26101102142850496	-3.6624570857041183e-06
476.52019803800005	0.2604969334774404	-3.4298141615707323e-06
477.72964016500003	0.2599904427362968	-3.2025723153139563e-06
478.939082292	0.25949183058167935	-2.9809560429389093e-06
480.148524419	0.25900135077067543	-2.765170376312076e-06
481.35796654600006	0.2585192293357528	-2.5554006451988798e-06
482.56740867300005	0.25804566456492906	-2.351812304124401e-06
483.77685080000003	0.2575808270652255	-2.154550806612865e-06
484.986292927	0.2571248599072015	-1.9637415451800866e-06
486.195735054	0.25667787884820986	-1.7794898384965174e-06
487.40517718100006	0.2562399726318323	-1.601880991436433e-06
488.61461930800004	0.25581120336075186	-1.4309804058643127e-06
489.82406143500003	0.2553916069402179	-1.2668337561888565e-06
491.033503562	0.25498119358905674	-1.1094672181799492e-06
492.242945689	0.2545799484151174	-9.588877563082576e-07
493.45238781600005	0.25418783205185835	-8.150834676784457e-07
494.66182994300004	0.2538047813527487	-6.780239770742824e-07
495.87127207000003	0.253430710139977	-5.476608816723516e-07
497.080714197	0.25306551000397737	-4.239282508228248e-07
498.290156324	0.2527090511501414	-3.067431754988359e-07
499.49959845100005	0.25236118328905977	-1.960063597122863e-07
500.70904057800004	0.2520217365666028	-9.160275893371761e-08
501.91848270500003	0.2516905225300925	6.597747279069033e-09
503.127924832	0.2513673351268361	9.873963977002909e-08
504.337366959	0.2510519517312523	1.849810166570931e-07
505.54680908600005	0.25074413419684094	2.654928259460121e-07
506.75625121300004	0.25044362992926583	3.4045806487914554e-07
507.96569334000003	0.2501501729768424	4.100709648374723e-07
509.175135467	0.24986348513475232	4.7453615795167714e-07
510.384577594	0.249583277059369	5.34067834581653e-07
511.59401972100005	0.24930924938912347	5.888888881533383e-07
512.803461848	0.24904109386841225	6.392300508778481e-07
514.0129039750001	0.24877849447111647	6.853290308167503e-07
515.2223461020001	0.24852112852039823	7.274296517784107e-07
516.4317882290001	0.2482686678015143	7.65780996600518e-07
517.641230356	0.24802077966449987	8.006365447982278e-07
518.850672483	0.24777712811368097	8.322533398830156e-07
520.06011461	0.24753737488107713	8.608911485630255e-07
521.269556737	0.24730118048086805	8.868116465193809e-07
522.478998864	0.2470682052422596	9.102776115099687e-07
523.688440991	0.24683811031817993	9.315521448532982e-07
524.897883118	0.24661055866734125	9.508979019329233e-07
526.1073252450001	0.2463852160074425	9.68576349000272e-07
527.3167673720001	0.2461617517373071	9.848470439721702e-07
528.5262094990001	0.24593983982598439	9.99966941472863e-07
529.735651626	0.24571915966693392	1.014189717651881e-06
530.945093753	0.24549939689561542	1.027765133651548e-06
532.15453588	0.2452802441688895	1.0409384153808876e-06
533.363978007	0.24506140190483944	1.0539496672901105e-06
534.573420134	0.2448425789817665	1.0670333190077042e-06
535.782862261	0.24462349339523248	1.080417594348515e-06
536.9923043880001	0.24440387287222348	1.0943240209004834e-06
538.2017465150001	0.24418345544162012	1.1089669614133824e-06
539.4111886420001	0.24396198996030655	1.1245531853082413e-06
540.6206307690001	0.24373923659444918	1.1412814660272108e-06
541.830072896	0.24351496725555977	1.159342217810222e-06
543.039515023	0.24328896599113908	1.1789171576320756e-06
544.24895715	0.2430610293298266	1.200179003194024e-06
545.458399277	0.24283096658110362	1.2232912044302102e-06
546.667841404	0.24259860008978038	1.2484077065999521e-06
547.877283531	0.2423637654455607	1.2756727448409722e-06
549.0867256580001	0.24212631164815	1.3052206654928789e-06
550.2961677850001	0.24188610122848986	1.337175793605927e-06
551.5056099120001	0.2416430103267914	1.3716523133977532e-06
552.715052039	0.24139692872818858	1.408754190621031e-06
553.924494166	0.24114775985691506	1.448575117371509e-06
555.133936293	0.24089542073001	1.4911984883292373e-06
556.34337842	0.24063984187167234	1.536697413692667e-06
557.552820547	0.24038096718946259	1.585134741161065e-06
558.762262674	0.24011875381362008	1.6365631178710816e-06
559.971704801	0.2398531719008763	1.6910250787843806e-06
561.1811469280001	0.23958420440419279	1.7485531439709323e-06
562.3905890550001	0.23931184680993253	1.8091699617722723e-06
563.6000311820001	0.23903610684401191	1.8728884514929156e-06
564.809473309	0.2387570041486698	1.939711986267967e-06
566.018915436	0.2384745699315237	2.009634586644382e-06
567.228357563	0.23818884658860223	2.0826411303714876e-06
568.43779969	0.23789988730311357	2.158707591071174e-06
569.647241817	0.2376077556217384	2.2378012857066087e-06
570.856683944	0.2373125250102243	2.319881139273283e-06
572.066126071	0.2370142783901172	2.404897966559738e-06
573.2755681980001	0.23671310765845843	2.492794765066031e-06
574.4850103250001	0.23640911319229202	2.583507028086629e-06
575.6944524520001	0.23610240333980537	2.6769630575712577e-06
576.903894579	0.2357930938999664	2.773084297122419e-06
578.113336706	0.23548130759245403	2.871785672500793e-06
579.322778833	0.23516717351972294	2.9729759404295564e-06
580.53222096	0.23485082662296008	3.0765580448510743e-06
581.741663087	0.23453240713373796	3.1824294803445285e-06
582.951105214	0.2342120600230735	3.290482662440808e-06
584.160547341	0.233889934449594	3.4006053014484783e-06
585.3699894680001	0.2335661832085139	3.512680780082267e-06
586.5794315950001	0.23324096218298618	3.626588536503883e-06
587.7888737220001	0.2329144297994595	3.7422044481816297e-06
588.998315849	0.23258674648853153	3.85940121809536e-06
590.207757976	0.23225807415279848	3.9780487567087075e-06
591.417200103	0.23192857564309338	4.098014572517794e-06
592.62664223	0.23159841424449454	4.21916415326018e-06
593.836084357	0.23126775317339104	4.341361346374417e-06
595.045526484	0.23093675508683642	4.464468741263716e-06
596.2549686110001	0.2306055816053686	4.588348044690105e-06
597.4644107380001	0.230274392850384	4.712860449701539e-06
598.6738528650001	0.2299433469970964	4.837867002241425e-06
599.8832949920001	0.22961259984404825	4.9632289601808655e-06
601.092737119	0.22928230440005234	5.088808149200652e-06
602.302179246	0.2289526104893756	5.2144673035880995e-06
603.511621373	0.22862366437591036	5.34007040491058e-06
604.7210635	0.22829560840700214	5.465483013014638e-06
605.930505627	0.22796858067750342	5.590572579289299e-06
607.139947754	0.22764271471459238	5.715208757514634e-06
608.3493898810001	0.22731813918378907	5.83926370159582e-06
609.5588320080001	0.2269949776165368	5.9626123507655615e-06
610.7682741350001	0.226673348159642	6.085132700076046e-06
611.9777162620001	0.22635336334680417	6.206706067990453e-06
613.187158389	0.22603512989237134	6.327217339577307e-06
614.396600516	0.22571874850741896	6.44655520154469e-06
615.606042643	0.22540431373816247	6.564612367102041e-06
616.81548477	0.22509191382664068	6.681285778187274e-06
618.024926897	0.2247816305935555	6.796476800144391e-06
619.234369024	0.2244735393430991	6.91009140038612e-06
620.4438111510001	0.2241677087894985	7.022040309626054e-06
621.6532532780001	0.22386420100500223	7.132239170606902e-06
622.8626954050001	0.2235630713889411	7.240608672770543e-06
624.072137532	0.2232643686574382	7.347074665292608e-06
625.281579659	0.2229681348533181	7.451568264815744e-06
626.491021786	0.2226744053757039	7.554025940742504e-06
627.700463913	0.22238320902872724	7.654389586969623e-06
628.90990604	0.22209456808875597	7.752606579813914e-06
630.119348167	0.22180849838950467	7.8486298167868e-06
631.328790294	0.22152500942432435	7.942417752260233e-06
632.5382324210001	0.22124410446496776	8.033934403323117e-06
633.7476745480001	0.22096578069608844	8.12314935129399e-06
634.9571166750001	0.2206900293646775	8.210037725303598e-06
636.166558802	0.22041683594363906	8.294580175788324e-06
637.376000929	0.22014618030870015	8.376762830247797e-06
638.585443056	0.21987803692776614	8.45657723969051e-06
639.794885183	0.2196123750618944	8.534020310493884e-06
641.00432731	0.21934915897699978	8.609094223954727e-06
642.213769437	0.21908834816538303	8.681806346305665e-06
643.4232115640001	0.21882989757622145	8.752169126893805e-06
644.6326536910001	0.21857375785408012	8.820199981329768e-06
645.8420958180001	0.21831987558458246	8.885921175025291e-06
647.0515379450001	0.21806819354629123	8.949359683443903e-06
648.260980072	0.2178186509679374	9.010547053531215e-06
649.470422199	0.21757118379007895	9.069519255888725e-06
650.679864326	0.21732572493031663	9.126316521931854e-06
651.889306453	0.21708220455117425	9.18098317977123e-06
653.09874858	0.21684055032980362	9.233567483293847e-06
654.308190707	0.21660068772864144	9.284121430766512e-06
655.5176328340001	0.2163625402662095	9.332700579456343e-06
656.7270749610001	0.21612602978723158	9.379363860542722e-06
657.9365170880001	0.21589107673128388	9.424173377473033e-06
659.1459592150001	0.21565760039922255	9.467194211298935e-06
660.355401342	0.21542551921662353	9.508494214924279e-06
661.564843469	0.2151947509935455	9.548143808255083e-06
662.774285596	0.21496521317991707	9.586215768367379e-06
663.983727723	0.21473682311589182	9.622785020618752e-06
665.19316985	0.21450949827654697	9.657928422099338e-06
666.402611977	0.2142831565103342	9.691724547705727e-06
667.6120541040001	0.21405771627072073	9.724253477588762e-06
668.8214962310001	0.21383309684048263	9.75559657848124e-06
670.0309383580001	0.21360921854818032	9.785836289813443e-06
671.2403804850001	0.21338600297633303	9.81505590602616e-06
672.449822612	0.21316337316088926	9.843339364601356e-06
673.659264739	0.21294125378159814	9.870771032066683e-06
674.868706866	0.2127195713429337	9.897435495162532e-06
676.078148993	0.21249825434526226	9.923417348442487e-06
677.28759112	0.21227723344597466	9.948800989645346e-06
678.497033247	0.21205644161034126	9.97367041831454e-06
679.7064753740001	0.21183581425188158	9.998109030406876e-06
680.9159175010001	0.21161528936210908	1.002219943120608e-05
682.1253596280001	0.21139480762947438	1.0046023238757806e-05
683.3348017550001	0.2111743125474524	1.0069660893272103e-05
684.544243882	0.2109537505116841	1.0093191485510689e-05
685.753686009	0.2107330709061656	1.0116692572295638e-05
686.963128136	0.21051222617847015	1.0140240009517965e-05
688.172570263	0.21029117190405788	1.0163907785160076e-05
689.38201239	0.21006986683974355	1.0187767865751929e-05
690.5914545170001	0.20984827296640562	1.0211890043590466e-05
691.8008966440001	0.2096263555210839	1.0236341789995884e-05
693.0103387710001	0.20940408301862365	1.0261188124416343e-05
694.2197808980001	0.20918142726303987	1.0286491477953796e-05
695.429223025	0.20895836334882878	1.0312311582480471e-05
696.638665152	0.20873486965245394	1.0338705350165789e-05
697.848107279	0.20851092781427238	1.036572677214076e-05
699.057549406	0.20828652271118275	1.0393426823254726e-05
700.266991533	0.2080616424202952	1.0421853372216683e-05
701.47643366	0.20783627817396233	1.0451051111012855e-05
702.6858757870001	0.20761042430648052	1.048106147774619e-05
703.8953179140001	0.20738407819286314	1.051192260063949e-05
705.1047600410001	0.20715724018001624	1.0543669248061494e-05
706.3142021680001	0.2069299135107353	1.0576332786754739e-05
707.523644295	0.2067021042409016	1.0609941150555025e-05
708.733086422	0.20647382115029783	1.0644518815938753e-05
709.942528549	0.2062450756474584	1.0680086793057875e-05
711.151970676	0.20601588166898918	1.0716662617843431e-05
712.361412803	0.20578625557376837	1.0754260359013834e-05
713.57085493	0.20555621603249186	1.0792890634658825e-05
714.7802970570001	0.2053257839129821	1.0832560631557353e-05
715.9897391840001	0.20509498216172628	1.0873274143258227e-05
717.1991813110001	0.2048638356820589	1.0915031604649683e-05
718.4086234380001	0.20463237120946637	1.0957830146748893e-05
719.618065565	0.2044006171844132	1.100166365197719e-05
720.827507692	0.2041686036231687	1.104652282342411e-05
722.036949819	0.20393636198704032	1.1092395253611831e-05
723.246391946	0.20370392505045617	1.1139265510662355e-05
724.455834073	0.2034713267682986	1.1187115224339794e-05
725.6652762	0.20323860214292438	1.1235923182431606e-05
726.8747183270001	0.20300578709126837	1.1285665430862957e-05
728.0841604540001	0.2027729183124074	1.1336315384372075e-05
729.2936025810001	0.20254003315600277	1.1387843939170139e-05
730.5030447080001	0.202307169491948	1.1440219592248613e-05
731.712486835	0.20207436558162173	1.1493408565599328e-05
732.921928962	0.20184165995107284	1.1547374937428967e-05
734.131371089	0.20160909126645932	1.1602080771805356e-05
735.340813216	0.20137669821208368	1.1657486256880234e-05
736.550255343	0.2011445193712961	1.171354984809414e-05
737.7596974700001	0.2009125931105848	1.1770228409813122e-05
738.9691395970001	0.2006809574670885	1.1827477355647043e-05
740.1785817240001	0.2004496500398066	1.1885250803533864e-05
741.3880238510001	0.2002187078847431	1.1943501722233574e-05
742.5974659780001	0.19998816741418413	1.2002182080660118e-05
743.806908105	0.19975806430032722	1.2061242996921906e-05
745.016350232	0.19952843338343562	1.212063489359344e-05
746.225792359	0.19929930858469525	1.218030764491701e-05
747.435234486	0.19907072282390634	1.2240210728646506e-05
748.644676613	0.19884270794214004	1.230029337372096e-05
749.8541187400001	0.19861529462949007	1.236050470844463e-05
751.0635608670001	0.1983885123579888	1.242079390609968e-05
752.2730029940001	0.19816238931977823	1.2481110326124922e-05
753.4824451210001	0.19793695237058684	1.2541403657556627e-05
754.6918872480001	0.1977122269785606	1.2601624053545923e-05
755.901329375	0.19748823717847042	1.2661722263981878e-05
757.110771502	0.19726500553129145	1.2721649773395072e-05
758.320213629	0.19704255308916818	1.278135891643467e-05
759.529655756	0.19682089936572283	1.2840803006577972e-05
760.739097883	0.1966000623116722	1.2899936452745453e-05
761.9485400100001	0.19638005829569535	1.29587148691504e-05
763.1579821370001	0.19616090209050002	1.301709518308769e-05
764.3674242640001	0.19594260686397694	1.3075035737358798e-05
765.5768663910001	0.1957251841753711	1.3132496384987702e-05
766.786308518	0.1955086439763468	1.3189438579537527e-05
767.995750645	0.19529299461682337	1.324582546564923e-05
769.205192772	0.1950782428554732	1.3301621946106013e-05
770.414634899	0.1948643938747082	1.3356794762574287e-05
771.624077026	0.19465145130001754	1.341131256133582e-05
772.833519153	0.19443941722350405	1.3465145947098855e-05
774.0429612800001	0.19422829223142224	1.3518267542415863e-05
775.2524034070001	0.1940180754355666	1.3570652030801822e-05
776.4618455340001	0.19380876450831125	1.3622276195966732e-05
777.6712876610001	0.19360035572111176	1.3673118960687292e-05
778.880729788	0.1933928439862596	1.3723161405930495e-05
780.090171915	0.1931862229017152	1.3772386798831249e-05
781.299614042	0.1929804847987785	1.3820780604072158e-05
782.509056169	0.19277562079241237	1.386833048926811e-05
783.718498296	0.19257162083399518	1.3915026330371671e-05
784.9279404230001	0.1923684737662761	1.3960860205497472e-05
786.1373825500001	0.19216616738034137	1.4005826383306497e-05
787.3468246770001	0.19196468847435696	1.4049921306082125e-05
788.5562668040001	0.19176402291386252	1.4093143570613476e-05
789.7657089310001	0.19156415569342733	1.4135493895277296e-05
790.975151058	0.19136507099941336	1.4176975092657085e-05
792.184593185	0.1911667522736702	1.4217592022573722e-05
793.394035312	0.1909691822779277	1.4257351552866837e-05
794.603477439	0.19077234315867092	1.4296262511717672e-05
795.812919566	0.19057621651231793	1.433433562974401e-05
797.0223616930001	0.1903807834504771	1.4371583484690253e-05
798.2318038200001	0.1901860246650941	1.4408020439025948e-05
799.4412459470001	0.18999192049329908	1.4443662573138116e-05
800.6506880740001	0.18979845098176953	1.4478527614610048e-05
801.8601302010001	0.18960559595041726	1.4512634863253493e-05
803.069572328	0.18941333505523975	1.4546005119187022e-05
804.279014455	0.18922164785016066	1.4578660597321103e-05
805.488456582	0.18903051384770403	1.4610624847234688e-05
806.697898709	0.18883991257834112	1.4641922669006435e-05
807.907340836	0.18864982364837365	1.4672580024126247e-05
809.1167829630001	0.188460226796212	1.4702623948960325e-05
810.3262250900001	0.18827110194691782	1.4732082460416906e-05
811.5356672170001	0.18808242926489094	1.476098446884233e-05
812.7451093440001	0.18789418920459625	1.4789359678739344e-05
813.9545514710001	0.18770636255920783	1.4817238499595375e-05
815.163993598	0.18751893050708862	1.484465195099316e-05
816.373435725	0.1873318746560207	1.487163156700666e-05
817.582877852	0.1871451770851044	1.4898209298959408e-05
818.792319979	0.18695882038425107	1.4924417428223424e-05
820.001762106	0.18677278769121694	1.4950288466375472e-05
821.2112042330001	0.1865870627261261	1.4975855061966081e-05
822.4206463600001	0.18640162982343694	1.5001149914581347e-05
823.6300884870001	0.18621647396132301	1.502620567746249e-05
824.8395306140001	0.18603158078843535	1.5051054872927683e-05
826.0489727410001	0.18584693664803037	1.5075729804046867e-05
827.258414868	0.18566252859946597	1.5100262466948011e-05
828.467856995	0.18547834443704764	1.512468447003451e-05
829.677299122	0.1852943727062437	1.5149026951807865e-05
830.886741249	0.18511060271728252	1.5173320505212917e-05
832.0961833760001	0.1849270245561495	1.5197595100574501e-05
833.3056255030001	0.1847436290930173	1.522188001213537e-05
834.5150676300001	0.1845604079881445	1.5246203748847664e-05
835.7245097570001	0.18437735369528768	1.5270593989785697e-05
836.9339518840001	0.18419445946267143	1.529507751955872e-05
838.143394011	0.184011719331577	1.5319680169927075e-05
839.352836138	0.1838291281326063	1.5344426763021224e-05
840.562278265	0.18364668147969207	1.5369341060542108e-05
841.771720392	0.1834643757619291	1.5394445715272154e-05
842.981162519	0.1832822081332931	1.5419762225465927e-05
844.1906046460001	0.183100176500332	1.544531089488904e-05
845.4000467730001	0.18291827950792347	1.5471110798852272e-05
846.6094889000001	0.18273651652317788	1.5497179748517886e-05
847.8189310270001	0.1825548876175784	1.552353426412939e-05
849.0283731540001	0.18237339354746254	1.5550189550975202e-05
850.237815281	0.1821920357329355	1.5577159479390756e-05
851.447257408	0.18201081623532153	1.5604456565780633e-05
852.656699535	0.18182973773324101	1.5632091965582517e-05
853.866141662	0.18164880349744547	1.566007546253967e-05
855.075583789	0.18146801736448398	1.5688415465557604e-05
856.2850259160001	0.18128738370932695	1.571711900597711e-05
857.4944680430001	0.1811069074170526	1.5746191747309513e-05
858.7039101700001	0.18092659385369286	1.577563798729753e-05
859.9133522970001	0.18074644883635171	1.5805460673021243e-05
861.1227944240001	0.18056647860270703	1.5835661414075053e-05
862.332236551	0.1803866897799954	1.5866240504466833e-05
863.541678678	0.18020708935358712	1.5897196938834124e-05
864.751120805	0.18002768463524835	1.5928528443044654e-05
865.960562932	0.17984848323120897	1.596023150129966e-05
867.170005059	0.1796694930101109	1.5992301388344232e-05
868.3794471860001	0.17949072207096645	1.6024732202829517e-05
869.5888893130001	0.17931217871119154	1.6057516908141167e-05
870.7983314400001	0.17913387139482762	1.6090647364970512e-05
872.0077735670001	0.17895580872102881	1.6124114383495036e-05
873.2172156940001	0.17877799939291694	1.6157907760751267e-05
874.426657821	0.17860045218687504	1.619201633205891e-05
875.636099948	0.17842317592236573	1.6226428019044947e-05
876.845542075	0.17824617943235616	1.6261129877591374e-05
878.054984202	0.17806947153440505	1.6296108152312472e-05
879.2644263290001	0.1778930610025108	1.6331348332884743e-05
880.4738684560001	0.17771695653976524	1.636683520386817e-05
881.6833105830001	0.17754116675187945	1.6402552904450085e-05
882.8927527100001	0.17736570012163505	1.6438484985906165e-05
884.1021948370001	0.17719056498433342	1.6474614467194837e-05
885.3116369640001	0.1770157695042731	1.651092389418768e-05
886.521079091	0.17684132165230348	1.654739539821981e-05
887.730521218	0.17666722918450836	1.658401075720073e-05
888.939963345	0.1764934996220345	1.6620751452409155e-05
890.149405472	0.1763201402321228	1.6657598725502987e-05
891.3588475990001	0.17614715801035577	1.6694533640268516e-05
892.5682897260001	0.17597455966413147	1.673153713994263e-05
893.7777318530001	0.17580235159741886	1.676859010465298e-05
894.9871739800001	0.1756305398967781	1.680567340580502e-05
896.1966161070001	0.1754591303186714	1.6842767960892346e-05
897.406058234	0.1752881282780655	1.6879854794579763e-05
898.615500361	0.17511753883833042	1.6916915083924067e-05
899.824942488	0.17494736670244435	1.6953930217507296e-05
901.034384615	0.17477761620547308	1.6990881840692196e-05
902.243826742	0.1746082913083487	1.702775190223077e-05
903.4532688690001	0.1744393955929078	1.7064522710080743e-05
904.6627109960001	0.17427093225818824	1.7101176968084553e-05
905.8721531230001	0.1741029041179616	1.7137697824298748e-05
907.0815952500001	0.17393531359947811	1.7174068906375406e-05
908.2910373770001	0.17376816274340118	1.7210274370377254e-05
909.500479504	0.1736014532048996	1.7246298927277304e-05
910.709921631	0.1734351862558735	1.7282127882378706e-05
911.919363758	0.17326936278826507	1.731774716890594e-05
913.128805885	0.1731039833184352	1.7353143373727287e-05
914.338248012	0.17293904799256532	1.7388303770238256e-05
915.5476901390001	0.17277455659302543	1.742321633498023e-05
916.7571322660001	0.17261050854569088	1.7457869779489987e-05
917.9665743930001	0.17244690292814857	1.7492253563129723e-05
919.1760165200001	0.17228373847875025	1.7526357915506607e-05
920.3854586470001	0.1721210136064587	1.7560173845368454e-05
921.594900774	0.17195872640146137	1.7593693158436674e-05
922.804342901	0.17179687464646917	1.7626908465073754e-05
924.013785028	0.17163545582867568	1.765981318471721e-05
925.223227155	0.1714744671523099	1.7692401556496096e-05
926.432669282	0.17131390555174383	1.772466863301375e-05
927.6421114090001	0.17115376770508878	1.7756610290783903e-05
928.8515535360001	0.1709940500482382	1.7788223215714494e-05
930.0609956630001	0.1708347487893051	1.7819504909324935e-05
931.2704377900001	0.17067585992338966	1.785045367202337e-05
932.4798799170001	0.17051737924764107	1.788106859907518e-05
933.689322044	0.17035930237654276	1.7911349566940293e-05
934.898764171	0.17020162475739636	1.7941297222032193e-05
936.108206298	0.17004434168592278	1.7970912958735485e-05
937.317648425	0.16988744832195576	1.800019890808857e-05
938.5270905520001	0.16973093970516862	1.8029157917168193e-05
939.7365326790001	0.1695748107707815	1.8057793522534282e-05
940.9459748060001	0.16941905636521443	1.8086109933881933e-05
942.1554169330001	0.16926367126163297	1.8114112004440075e-05
943.3648590600001	0.16910865017534535	1.8141805209211104e-05
944.5743011870001	0.16895398777900666	1.816919561297564e-05
945.783743314	0.16879967871758977	1.819628984461169e-05
946.993185441	0.1686457176230866	1.822309506680636e-05
948.202627568	0.16849209912890425	1.8249618943727564e-05
949.412069695	0.16833881788390923	1.8275869613344764e-05
950.6215118220001	0.16818586856609707	1.8301855647308296e-05
951.8309539490001	0.1680332458958559	1.832758602423462e-05
953.0403960760001	0.16788094464878384	1.8353070094331847e-05
954.2498382030001	0.16772895966804827	1.837831754381708e-05
955.4592803300001	0.16757728587624074	1.84033383601942e-05
956.6687224570001	0.16742591828672596	1.8428142797455305e-05
957.878164584	0.16727485201444972	1.8452741340282963e-05
959.087606711	0.16712408228618553	1.847714466902267e-05
960.297048838	0.16697360445021364	1.850136362546717e-05
961.506490965	0.16682341398540457	1.8525409177024e-05
962.7159330920001	0.16667350650970922	1.8549292381417337e-05
963.9253752190001	0.16652387778802202	1.8573024353513157e-05
965.1348173460001	0.1663745237394339	1.859661622744674e-05
966.3442594730001	0.16622544044385207	1.862007912915159e-05
967.5537016000001	0.1660766241479869	1.8643424139361264e-05
968.763143727	0.1659280712707031	1.866666226148228e-05
969.972585854	0.1657797784077314	1.868980439395651e-05
971.182027981	0.1656317423357474	1.87128612938528e-05
972.391470108	0.16548396001581892	1.873584355267799e-05
973.600912235	0.16533642859622222	1.8758761565061677e-05
974.8103543620001	0.16518914541463764	1.878162550321416e-05
976.0197964890001	0.16504210799973884	1.880444528809533e-05
977.2292386160001	0.16489531407216929	1.8827230566578756e-05
978.4386807430001	0.16474876154493692	1.8849990686527207e-05
979.6481228700001	0.1646024485232204	1.887273467549716e-05
980.857564997	0.16445637330362162	1.8895471219103344e-05
982.067007124	0.16431053437286458	1.8918208640902878e-05
983.276449251	0.16416493040596364	1.894095488363945e-05
984.485891378	0.1640195602638809	1.896371749320752e-05
985.6953335050001	0.16387442299068472	1.8986503602887173e-05
986.9047756320001	0.16372951781024525	1.9009319920479384e-05
988.1142177590001	0.16358484412246566	1.903217271538582e-05
989.3236598860001	0.1634404014990887	1.9055067807097203e-05
990.5331020130001	0.16329618967909887	1.9078010556228264e-05
991.7425441400001	0.16315220856373885	1.9101005855066966e-05
992.951986267	0.16300845821115625	1.912405812540957e-05
994.161428394	0.1628649388307365	1.9147171310934796e-05
995.370870521	0.1627216507771049	1.9170348872242504e-05
996.580312648	0.16257859454384838	1.919359378862312e-05
997.7897547750001	0.16243577075699034	1.9216908556211887e-05
998.9991969020001	0.1622931801682139	1.9240295187947232e-05
1000.2086390290001	0.1621508236478902	1.9263755216776535e-05
1001.4180811560001	0.16200870217791652	1.928728970099214e-05
1002.6275232830001	0.16186681684440063	1.9310899226882006e-05
1003.8369654100001	0.16172516883021648	1.9334583915779635e-05
1005.046407537	0.16158375940744985	1.9358343433258096e-05
1006.255849664	0.1614425899297644	1.9382176996637912e-05
1007.465291791	0.1613016618247148	1.9406083385097028e-05
1008.674733918	0.16116097658602496	1.9430060951834693e-05
1009.8841760450001	0.16102053576585756	1.9454107632925488e-05
1011.0936181720001	0.16088034096709994	1.9478220967712734e-05
1012.3030602990001	0.16074039383569225	1.9502398104172258e-05
1013.5125024260001	0.16060069605300473	1.9526635818813143e-05
1014.7219445530001	0.16046124932830713	1.9550930532519217e-05
1015.9313866800001	0.16032205539133623	1.9575278325814627e-05
1017.140828807	0.1601831159849765	1.9599674955593505e-05
1018.350270934	0.16004443285809275	1.962411587282109e-05
1019.559713061	0.15990600775851585	1.9648596244203897e-05
1020.769155188	0.15976784242620054	1.9673110967274865e-05
1021.9785973150001	0.15962993858658	1.9697654692327204e-05
1023.1880394420001	0.15949229794412487	1.9722221839497955e-05
1024.397481569	0.1593549221761209	1.9746806620667134e-05
1025.606923696	0.15921781292668385	1.9771403059969106e-05
1026.816365823	0.15908097180102176	1.979600501130635e-05
1028.0258079500002	0.1589444003599451	1.982060618376663e-05
1029.235250077	0.15880810011465987	1.984520015690938e-05
1030.4446922040001	0.15867207252182775	1.9869780405148973e-05
1031.654134331	0.15853631897890708	1.9894340313957037e-05
1032.8635764580001	0.15840084081979805	1.991887320534902e-05
1034.073018585	0.1582656393107749	1.994337235362159e-05
1035.282460712	0.15813071564672807	1.996783100764038e-05
1036.491902839	0.15799607094770626	1.9992242409283545e-05
1037.701344966	0.1578617062557744	2.0016599812718028e-05
1038.9107870930002	0.1577276225321808	2.004089650178148e-05
1040.12022922	0.15759382065483302	2.0065125810549145e-05
1041.3296713470002	0.15746030141609763	2.0089281141180693e-05
1042.539113474	0.1573270655208953	2.0113355979220482e-05
1043.7485556010001	0.15719411358512125	2.0137343907850047e-05
1044.957997728	0.15706144613436088	2.0161238630821143e-05
1046.167439855	0.15692906360291808	2.0185033980102407e-05
1047.376881982	0.15679696633313395	2.0208723936696038e-05
1048.586324109	0.15666515457500907	2.0232302639450195e-05
1049.795766236	0.1565336284861045	2.0255764402184184e-05
1051.005208363	0.1564023881317323	2.027910372267433e-05
1052.2146504900002	0.15627143348541375	2.0302315295810114e-05
1053.424092617	0.15614076442960856	2.0325394024453547e-05
1054.6335347440001	0.1560103807566973	2.0348335026419695e-05
1055.842976871	0.15588028217021582	2.037113364984633e-05
1057.0524189980001	0.15575046828632721	2.039378547279147e-05
1058.261861125	0.15562093863552018	2.0416286317229138e-05
1059.471303252	0.1554916926645307	2.0438632253108602e-05
1060.680745379	0.1553627297384701	2.0460819601303415e-05
1061.890187506	0.15523404914313982	2.0482844940994394e-05
1063.0996296330002	0.15510565008754185	2.0504705113770505e-05
1064.30907176	0.15497753170655837	2.052639722348315e-05
1065.5185138870002	0.15484969306378635	2.0547918641693197e-05
1066.727956014	0.15472213315452693	2.0569267005179914e-05
1067.9373981410001	0.15459485090890834	2.0590440219937778e-05
1069.146840268	0.15446784519512263	2.061143645803315e-05
1070.356282395	0.15434111482279395	2.063225415591119e-05
1071.565724522	0.1542146585464186	2.0652892014576263e-05
1072.775166649	0.1540884750689122	2.067334899373552e-05
1073.9846087760002	0.15396256304521158	2.069362431228461e-05
1075.194050903	0.1538369210859483	2.071371743708056e-05
1076.4034930300002	0.15371154776116758	2.0733628085238542e-05
1077.612935157	0.15358644160407708	2.0753356215395813e-05
1078.8223772840001	0.15346160111482432	2.0772902018420525e-05
1080.031819411	0.15333702476428146	2.0792265916141917e-05
1081.2412615380001	0.15321271099783584	2.0811448548374578e-05
1082.450703665	0.15308865823916443	2.0830450770753517e-05
1083.660145792	0.1529648648939839	2.0849273639773902e-05
1084.869587919	0.15284132935377098	2.0867918406657082e-05
1086.079030046	0.1527180499994399	2.0886386510189647e-05
1087.2884721730002	0.15259502520496304	2.0904679564275053e-05
1088.4979143	0.15247225334093917	2.092279934771263e-05
1089.7073564270001	0.15234973277806685	2.094074779514926e-05
1090.916798554	0.15222746189056513	2.0958526984554693e-05
1092.1262406810001	0.15210543905948146	2.0976139128429938e-05
1093.335682808	0.151983662675923	2.0993586560658084e-05
1094.545124935	0.151862131144167	2.1010871726061253e-05
1095.754567062	0.15174084288466988	2.1027997170179613e-05
1096.964009189	0.15161979633695877	2.1044965525150727e-05
1098.1734513160002	0.15149898996239497	2.1061779498461608e-05
1099.382893443	0.1513784222468153	2.1078441865475528e-05
1100.5923355700002	0.1512580917030371	2.1094955452827246e-05
1101.801777697	0.15113799687322643	2.1111323129471837e-05
1103.0112198240001	0.15101813633112288	2.11275477941808e-05
1104.220661951	0.15089850868412663	2.1143632363926357e-05
1105.430104078	0.1507791125752297	2.1159579765818448e-05
1106.639546205	0.1506599466848048	2.1175392923671044e-05
1107.848988332	0.15054100973224357	2.119107474662235e-05
1109.058430459	0.15042230047743108	2.120662811997548e-05
1110.267872586	0.1503038177220818	2.122205589405457e-05
1111.4773147130002	0.15018556031091523	2.1237360875364653e-05
1112.68675684	0.1500675271326792	2.1252545817765367e-05
1113.8961989670001	0.14994971712101685	2.1267613410987096e-05
1115.105641094	0.14983212925518502	2.1282566273747583e-05
1116.3150832210001	0.1497147625606294	2.1297406943135422e-05
1117.524525348	0.14959761610939568	2.131213786953773e-05
1118.733967475	0.149480689020413	2.132676140664813e-05
1119.943409602	0.1493639804596159	2.134127980564504e-05
1121.152851729	0.14924748963994114	2.13556952064764e-05
1122.3622938560002	0.1491312158211831	2.1370009634050224e-05
1123.571735983	0.14901515830970566	2.1384224991698175e-05
1124.7811781100002	0.14889931645804377	2.139834305604077e-05
1125.990620237	0.14878368966436561	2.1412365469181127e-05
1127.2000623640001	0.14866827737181693	2.1426293739607027e-05
1128.409504491	0.1485530790677581	2.1440129234322203e-05
1129.618946618	0.14843809428288027	2.1453873177132432e-05
1130.828388745	0.14832332259022407	2.1467526645599366e-05
1132.037830872	0.1482087636040891	2.1481090568882533e-05
1133.2472729990002	0.14809441697886672	2.1494565724825e-05
1134.456715126	0.14798028240776323	2.1507952741438296e-05
1135.6661572530002	0.14786635962145667	2.1521252093502363e-05
1136.87559938	0.14775264838666785	2.1534464101628792e-05
1138.0850415070001	0.14763914850467003	2.154758893464087e-05
1139.294483634	0.14752585980972321	2.1560626611585865e-05
1140.5039257610001	0.14741278216745962	2.1573576997196975e-05
1141.713367888	0.1472999154732132	2.1586439807978752e-05
1142.922810015	0.1471872596503026	2.1599214611638107e-05
1144.132252142	0.14707481464827768	2.1611900832170516e-05
1145.341694269	0.14696258044113275	2.1624497751018823e-05
1146.5511363960002	0.14685055702548977	2.1637004510771662e-05
1147.760578523	0.14673874441875884	2.1649420117036966e-05
1148.9700206500002	0.14662714265729168	2.1661743442799586e-05
1150.179462777	0.14651575179451964	2.1673973234742627e-05
1151.3889049040001	0.14640457189908357	2.1686108115960556e-05
1152.598347031	0.14629360305298195	2.1698146591316025e-05
1153.807789158	0.1461828453497082	2.1710087053157523e-05
1155.017231285	0.1460722988924117	2.1721927784983108e-05
1156.226673412	0.1459619637920743	2.173366696697765e-05
1157.4361155390002	0.14585184016570876	2.1745302686018708e-05
1158.645557666	0.14574192813458897	2.175683293435121e-05
1159.8549997930002	0.14563222782250781	2.1768255622625632e-05
1161.06444192	0.14552273935407375	2.1779568582638853e-05
1162.2738840470001	0.14541346285305068	2.179076957353754e-05
1163.483326174	0.1453043984407393	2.1801856291331356e-05
1164.6927683010001	0.14519554623441117	2.1812826372445693e-05
1165.902210428	0.1450869063457898	2.182367740138913e-05
1167.111652555	0.1449784788795941	2.183440691774785e-05
1168.321094682	0.14487026393213337	2.1845012423984955e-05
1169.530536809	0.14476226158997085	2.1855491387730297e-05
1170.7399789360002	0.1446544719286392	2.186584125564439e-05
1171.949421063	0.1445468950114432	2.1876059454112307e-05
1173.1588631900001	0.1444395308883047	2.1886143397500946e-05
1174.368305317	0.144332379594695	2.1896090497020015e-05
1175.5777474440001	0.1442254411506389	2.1905898162366544e-05
1176.787189571	0.14411871555977818	2.19155638141455e-05
1177.996631698	0.14401220280852053	2.1925084883113455e-05
1179.206073825	0.14390590286525867	2.1934458822578384e-05
1180.415515952	0.14379981567966937	2.194368311002337e-05
1181.6249580790002	0.14369394118207746	2.1952755254510403e-05
1182.834400206	0.14358827928290363	2.1961672804132748e-05
1184.0438423330002	0.14348282987218336	2.1970433345668006e-05
1185.25328446	0.143377592819168	2.1979034515222373e-05
1186.4627265870001	0.14327256797198668	2.198747399933393e-05
1187.672168714	0.14316775515739605	2.199574954206418e-05
1188.881610841	0.14306315418059112	2.200385894760709e-05
1190.091052968	0.14295876482509337	2.201180008593734e-05
1191.300495095	0.14285458685270852	2.2019570893573592e-05
1192.5099372220002	0.1427506200035499	2.202716938162763e-05
1193.719379349	0.14264686399613177	2.2034593634485955e-05
1194.9288214760002	0.14254331852752317	2.204184181671398e-05
1196.138263603	0.14243998327356514	2.2048912171911128e-05
1197.3477057300001	0.1423368578891559	2.2055803028456222e-05
1198.557147857	0.14223394200858402	2.20625127997226e-05
1199.7665899840001	0.14213123524592158	2.206903998563936e-05
1200.976032111	0.14202873719547324	2.2075383176195507e-05
1202.185474238	0.14192644743227328	2.2081541050801567e-05
1203.394916365	0.14182436551262878	2.208751237840062e-05
1204.604358492	0.14172249097471107	2.2093296020431197e-05
1205.8138006190002	0.1416208233391907	2.209889093100076e-05
1207.023242746	0.14151936210990604	2.2104296153929726e-05
1208.2326848730002	0.1414181067745764	2.2109510827109102e-05
1209.442127	0.14131705680554327	2.2114534177934686e-05
