0.0	0.0	0.0
1.209442127	0.0004971972025747626	1.402609419920626e-08
2.418884254	0.001986351428301744	1.4933722689122915e-08
3.6283263810000004	0.00446054991277908	1.6285599459562932e-08
4.837768508	0.007908662103727546	1.8292236709107712e-08
6.047210635000001	0.0123154891885218	2.0956380413275893e-08
7.256652762000001	0.017661917436431772	2.3766074969990003e-08
8.466094889	0.023925084963679885	2.7018244942115383e-08
9.675537016	0.03107856002015352	3.071522946792096e-08
10.884979143	0.03909253207615372	3.473887769632478e-08
12.094421270000002	0.04793401586656702	3.901617677201652e-08
13.303863397	0.05756706727400414	4.346036586860835e-08
14.513305524000002	0.06795300955550353	4.801529119094483e-08
15.722747651	0.0790506686004398	5.262572523936915e-08
16.932189778	0.0908166154914695	5.72203531327975e-08
18.141631905	0.10320541463654982	6.172202625734369e-08
19.351074032	0.11616987569371756	6.606532601191595e-08
20.560516159000002	0.12966130756771863	7.020482326383637e-08
21.769958286	0.1436297727648673	7.409836406610526e-08
22.979400413	0.1580243404420515	7.768851611675287e-08
24.188842540000003	0.17279333659649826	8.089195323648934e-08
25.398284667000002	0.18788458993091986	8.359738470908873e-08
26.607726794	0.20324567208940275	8.563920384646595e-08
27.817168921	0.21882413099166514	8.669429649860172e-08
29.026611048000003	0.23456771545819521	8.643236334288096e-08
30.236053175000002	0.2504245905447441	8.503809458687561e-08
31.445495302	0.2663435444626537	8.294455338536677e-08
32.654937429	0.28227418471965976	8.0390436370259e-08
33.864379556	0.2981671221140495	7.741471814287637e-08
35.073821683000006	0.3139741428317617	7.396301501122471e-08
36.28326381	0.32964836850991225	6.995450037294848e-08
37.492705937000004	0.3451444039428205	6.531647969015841e-08
38.702148064	0.3604184722105753	6.000708937733967e-08
39.911590191	0.37542853713818236	5.4031641963554755e-08
41.121032318000005	0.3901344131276967	4.745354825405612e-08
42.330474445	0.40449786252899655	4.040762516255292e-08
43.539916572	0.4184826807509013	3.31145253440468e-08
44.749358699000005	0.4320547692844875	2.589938655206403e-08
45.958800826	0.4451821968983429	1.9204510634529548e-08
47.168242953000004	0.45783524948775806	1.3516606667263176e-08
48.377685080000006	0.46998646902456304	9.242458895442063e-09
49.587127207	0.48161068190255896	6.675307612225012e-09
50.796569334000004	0.4926850171772371	6.033050808929019e-09
52.00601146100001	0.5031889152630131	7.492307635414974e-09
53.215453588	0.513104127588485	1.120634932072484e-08
54.424895715000005	0.5224147077277707	1.7318012746070366e-08
55.634337842	0.531106994555771	2.5964804223344018e-08
56.843779969	0.5391695879523315	3.727000383313417e-08
58.053222096000006	0.5465933175416522	5.1330909328628493e-08
59.262664223	0.5533712049613861	6.821511283616744e-08
60.472106350000004	0.5594984201716311	8.796182443537859e-08
61.68154847700001	0.5649722323005125	1.1058252519235978e-07
62.890990604	0.5697919554985765	1.3605896340140866e-07
64.100432731	0.5739588902530477	1.643388371774801e-07
65.309874858	0.5774762605942577	1.953296598633525e-07
66.519316985	0.5803491476080204	2.2889049955399088e-07
67.728759112	0.5825844196491143	2.648209666139545e-07
68.93820123900001	0.5841906596323929	3.028465934001856e-07
70.14764336600001	0.5851780897600297	3.4260082334980346e-07
71.357085493	0.5855584940248567	3.836053399097761e-07
72.56652762	0.5853451388103316	4.252520211800448e-07
73.775969747	0.584552691887496	4.6679015396067225e-07
74.98541187400001	0.5831971400898053	5.073216466922048e-07
76.19485400100001	0.5812957059294668	5.458048875361943e-07
77.404296128	0.5788667634054014	5.81065713586848e-07
78.613738255	0.5759297532406218	6.118132328258863e-07
79.823180382	0.5725050977749455	6.366589697867631e-07
81.032622509	0.5686141157272327	6.541389626149585e-07
82.24206463600001	0.5642789370300199	6.627388028923598e-07
83.45150676300001	0.5595224179298904	6.609210129876475e-07
84.66094889	0.5543680565379068	6.471529468109194e-07
85.870391017	0.5488399090078776	6.19930744339553e-07
87.079833144	0.5429625065143838	5.777971812843952e-07
88.28927527100001	0.5367607731941157	5.193548131901538e-07
89.49871739800001	0.5302599452069723	4.4327536323713126e-07
90.708159525	0.5234854910675132	3.483063220821245e-07
91.917601652	0.5164630333913665	2.3327624172272965e-07
93.127043779	0.5092182721982372	9.710082263594821e-08
94.33648590600001	0.5017769099163005	-6.120477306567618e-08
95.54592803300001	0.4941645782385559	-2.4249700369960436e-07
96.75537016000001	0.4864067669803159	-4.4745286340366897e-07
97.964812287	0.47852875506639414	-6.765150303532363e-07
99.174254414	0.4705555437358043	-9.298730166695801e-07
100.383696541	0.4625117920177618	-1.2074981495940884e-06
101.59313866800001	0.45442175454829525	-1.5092018761930781e-06
102.80258079500001	0.4463092218540043	-1.8346815277986428e-06
104.01202292200001	0.43819746325962816	-2.1835525123165e-06
105.221465049	0.43010917255276593	-2.555382746946555e-06
106.430907176	0.4220664165025401	-2.9497301269262866e-06
107.64034930300001	0.4140905863055535	-3.366167211742155e-06
108.84979143000001	0.4062023520199685	-3.8042797514750704e-06
110.05923355700001	0.39842162004050113	-4.263639053446455e-06
111.268675684	0.39076749366064545	-4.743757847397445e-06
112.478117811	0.38325823676200066	-5.2440397686308315e-06
113.687559938	0.37591124066331055	-5.76372858139898e-06
114.89700206500001	0.36874299415515627	-6.3018602176820315e-06
116.10644419200001	0.36176905674261106	-6.857221576443695e-06
117.31588631900001	0.35500403511790907	-7.428323910284307e-06
118.525328446	0.3484615628809889	-8.013401351810584e-06
119.734770573	0.3421542835108268	-8.610440647559281e-06
120.94421270000001	0.3360938365725759	-9.217236095548226e-06
122.15365482700001	0.3302908471354717	-9.831454392674605e-06
123.36309695400001	0.3247549183709545	-1.0450695441276137e-05
124.572539081	0.3194946272921941	-1.1072542802888566e-05
125.781981208	0.3145175235865752	-1.1694603948958146e-05
126.99142333500001	0.30983013148414645	-1.2314542870928147e-05
128.200865462	0.305437954597614	-1.2930107297971262e-05
129.410307589	0.30134548366150316	-1.3539151443299653e-05
130.619749716	0.29755620708952396	-1.4139654074896493e-05
131.82919184300002	0.29407262426083514	-1.4729731476455146e-05
133.03863397	0.29089626143852865	-1.530764539801324e-05
134.24807609700002	0.2880276902176276	-1.587180662083066e-05
135.457518224	0.2854665483945239	-1.642077505481336e-05
136.666960351	0.2832115631446684	-1.6953257279391475e-05
137.87640247800002	0.28126057639018553	-1.746810246155625e-05
139.085844605	0.2796105722341397	-1.79642975670722e-05
140.29528673200002	0.27825770633343516	-1.844096271072862e-05
141.504728859	0.27719733707807487	-1.8897347251255886e-05
142.714170986	0.2764240584411136	-1.9332827003233632e-05
143.92361311300002	0.2759317343616451	-1.9746902562248203e-05
145.13305524	0.27571353452191366	-2.0139198508940803e-05
146.34249736700002	0.27576197137864944	-2.0509463098714042e-05
147.551939494	0.27606893830756424	-2.085756817173795e-05
148.761381621	0.27662574871924206	-2.1183509144220847e-05
149.97082374800002	0.2774231760043816	-2.1487404994594006e-05
151.180265875	0.27845149416670295	-2.1769498073760662e-05
152.38970800200002	0.2797005190026588	-2.2030153418881038e-05
153.599150129	0.2811596496882984	-2.2269857109839808e-05
154.808592256	0.28281791063538275	-2.248921317136998e-05
156.018034383	0.2846639934812294	-2.268893862993754e-05
157.22747651	0.2866862990795058	-2.2869856432135294e-05
158.43691863700002	0.28887297936270084	-2.3032886243112838e-05
159.646360764	0.29121197895077106	-2.317903324409315e-05
160.85580289100002	0.29369107638460057	-2.330937519748333e-05
162.065245018	0.29629792486726547	-2.3425048016147143e-05
163.274687145	0.29902009240054095	-2.352723005254881e-05
164.48412927200002	0.3018451012087633	-2.3617125220032342e-05
165.693571399	0.30476046634691495	-2.3695945177398814e-05
166.90301352600002	0.3077537333948383	-2.376489099963075e-05
168.112455653	0.31081251514475333	-2.3825135082311544e-05
169.32189778	0.31392452719501396	-2.3877804364261235e-05
170.53133990700002	0.3170776223689902	-2.392396603566327e-05
171.740782034	0.3202598238840553	-2.396461666016869e-05
172.95022416100002	0.3234593572016183	-2.4000675028112983e-05
174.159666288	0.3266646804946451	-2.4032978490337586e-05
175.369108415	0.32986451367446856	-2.4062282151890435e-05
176.57855054200002	0.3330478659241987	-2.4089260338075458e-05
177.787992669	0.336204061691858	-2.4114509869443967e-05
178.99743479600002	0.33932276510233916	-2.413855467137127e-05
180.206876923	0.3423940027532417	-2.4161851064491424e-05
181.41631905	0.3454081848653032	-2.4184792976694736e-05
182.62576117700002	0.34835612476367595	-2.4207716350185815e-05
183.835203304	0.3512290566719243	-2.4230902466268467e-05
185.04464543100002	0.35401865180663944	-2.425458035618111e-05
186.254087558	0.35671703276662964	-2.4278928747498152e-05
187.46352968500003	0.3593167862163981	-2.430407774021981e-05
188.67297181200001	0.3618109738690253	-2.4330109901618546e-05
189.882413939	0.3641931417787971	-2.4357060211199766e-05
191.09185606600002	0.36645732795901353	-2.43849142638336e-05
192.301298193	0.36859806834206166	-2.441360311514207e-05
193.51074032000002	0.37061040109878285	-2.4442994528403594e-05
194.720182447	0.37248986934241457	-2.447288701407091e-05
195.929624574	0.37423252225674847	-2.450301450068748e-05
197.13906670100002	0.3758349146908452	-2.4533059429385218e-05
198.348508828	0.37729410525496554	-2.456266540103169e-05
199.55795095500002	0.37860765295284016	-2.4591444890170733e-05
200.767393082	0.37977361239519847	-2.4618983311602838e-05
201.976835209	0.38079052764721233	-2.4644842238533138e-05
203.18627733600002	0.38165742476479575	-2.466856335645029e-05
204.395719463	0.38237380307540714	-2.468967343818851e-05
205.60516159000002	0.38293962526017156	-2.4707689939632016e-05
206.814603717	0.3833553062960672	-2.472212685100672e-05
208.02404584400003	0.38362170131884926	-2.4732500553723002e-05
209.23348797100002	0.3837400924692023	-2.4738335603374795e-05
210.442930098	0.383712174786104	-2.4739170365939422e-05
211.65237222500002	0.38354004121272006	-2.4734562425479667e-05
212.861814352	0.3832261667811366	-2.4724093668881952e-05
214.07125647900003	0.38277339204304944	-2.470737496891584e-05
215.28069860600002	0.3821849058141247	-2.4684050368192767e-05
216.490140733	0.38146422730010354	-2.465380068507328e-05
217.69958286000002	0.38061518767278907	-2.4616346492131735e-05
218.909024987	0.37964191116404966	-2.4571450384883176e-05
220.11846711400003	0.3785487957456064	-2.4518918515605004e-05
221.32790924100001	0.3773404934618693	-2.4458601312386807e-05
222.537351368	0.37602189048238693	-2.4390393367990093e-05
223.74679349500002	0.3745980869395778	-2.431423241865127e-05
224.956235622	0.3730743766163671	-2.4230097358579616e-05
226.16567774900003	0.37145622654719596	-2.41380052579121e-05
227.375119876	0.369749256594555	-2.4038007405621786e-05
228.584562003	0.3679592190618368	-2.393018447507944e-05
229.79400413000002	0.36609197840183777	-2.381464104892622e-05
231.003446257	0.3641534910786724	-2.3691499842645736e-05
232.21288838400002	0.362149785639249	-2.3560895976611207e-05
233.422330511	0.3600869430486186	-2.342297159542428e-05
234.63177263800003	0.35797107734144795	-2.327787110716073e-05
235.84121476500002	0.3558083166396098	-2.3125737179524597e-05
237.050656892	0.3536047845836606	-2.2966707565304223e-05
238.26009901900002	0.3513665822235349	-2.2800912638190618e-05
239.469541146	0.3490997704113953	-2.262847346937158e-05
240.67898327300003	0.3468103527367984	-2.2449500272379852e-05
241.88842540000002	0.3445042590418069	-2.226409115430733e-05
243.097867527	0.34218732955093195	-2.2072331222124097e-05
244.30730965400002	0.3398652996481189	-2.187429214745018e-05
245.516751781	0.3375437853303334	-2.167003235791637e-05
246.72619390800003	0.33522826936450134	-2.14595979880286e-05
247.93563603500002	0.33292408817187696	-2.1243024699212076e-05
249.145078162	0.33063641946115285	-2.102034037603645e-05
250.35452028900002	0.32837027062891694	-2.079156865061882e-05
251.563962416	0.3261304679433728	-2.0556733132080784e-05
252.77340454300003	0.323921646524593	-2.0315862138180207e-05
253.98284667000001	0.32174824113192624	-2.0068993681246483e-05
255.192288797	0.31961447776658536	-1.9816180457279953e-05
256.401730924	0.31752436609481755	-1.9557494606178838e-05
257.61117305100004	0.3154816926943893	-1.9293032058949333e-05
258.820615178	0.31349001512460145	-1.902291650229121e-05
260.030057305	0.3115526568174466	-1.874730314244122e-05
261.239499432	0.30967270278538517	-1.8466382626244893e-05
262.448941559	0.3078529961394159	-1.818038543018735e-05
263.65838368600004	0.3060961354095068	-1.7889586621064324e-05
264.867825813	0.30440447265755594	-1.7594310243340683e-05
266.07726794	0.30278011237026853	-1.7294932399443408e-05
267.286710067	0.3012249111163012	-1.699188237560406e-05
268.49615219400005	0.29974047794972924	-1.6685641935819395e-05
269.70559432100004	0.2983281755405201	-1.637674335290551e-05
270.915036448	0.29698912201150945	-1.606576669299642e-05
272.124478575	0.2957241934599505	-1.5753336668256068e-05
273.333920702	0.29453402713986965	-1.5440119150549048e-05
274.54336282900005	0.2934190252799291	-1.5126817330568532e-05
275.75280495600003	0.29237935950998345	-1.481416756557441e-05
276.962247083	0.29141497586849496	-1.4502934889915053e-05
278.17168921	0.29052560036197167	-1.419390824188016e-05
279.381131337	0.28971074504677835	-1.3887895374278814e-05
280.59057346400004	0.2889697146029748	-1.3585717486414017e-05
281.80001559100003	0.2883016133689183	-1.3288203572367485e-05
283.009457718	0.2877053528047047	-1.2996184582239612e-05
284.218899845	0.2871796593518149	-1.2710487504973e-05
285.428341972	0.2867230826558924	-1.2431929478459725e-05
286.63778409900004	0.28633400411936555	-1.2161312027116067e-05
287.84722622600003	0.2860106457504577	-1.1899415480159936e-05
289.056668353	0.2857510792751599	-1.1646993578383336e-05
290.26611048	0.28555323547874006	-1.1404768320087688e-05
291.475552607	0.285414913743477	-1.1173425043121965e-05
292.68499473400004	0.2853337917495221	-1.0953607757338557e-05
293.89443686100003	0.2853074353060714	-1.0745914761634001e-05
295.103878988	0.2853333082804394	-1.0550894560500124e-05
296.313321115	0.2854087825930766	-1.0369042096280978e-05
297.522763242	0.2855311482472168	-1.0200795355935766e-05
298.73220536900004	0.2856976233624016	-1.0046532335064584e-05
299.94164749600003	0.28590536418193324	-9.906568429855767e-06
301.151089623	0.28615147502506516	-9.781154232994804e-06
302.36053175	0.2864330181555914	-9.670473768562393e-06
303.569973877	0.2867470235394258	-9.574643163270946e-06
304.77941600400004	0.28709049846474666	-9.49370974576147e-06
305.98885813100003	0.2874604369993051	-9.427651573627738e-06
307.198300258	0.2878538292606233	-9.37637738513547e-06
308.407742385	0.28826767047587937	-9.339726947416027e-06
309.617184512	0.28869896980952714	-9.317471797373744e-06
310.82662663900004	0.289144758937868	-9.309316358716013e-06
312.036068766	0.2896021003510856	-9.314899429964385e-06
313.245510893	0.290068095364483	-9.33379601751605e-06
314.45495302	0.29053989182202267	-9.365519517086363e-06
315.664395147	0.29101469147654324	-9.409524238460087e-06
316.87383727400004	0.2914897570323892	-9.465208255260427e-06
318.083279401	0.291962418837542	-9.531916596430823e-06
319.292721528	0.2924300812136706	-9.608944762942717e-06
320.502163655	0.2928902284138857	-9.695542587187522e-06
321.71160578200005	0.293340430199362	-9.790918410038096e-06
322.92104790900004	0.29377834702729333	-9.894243583122297e-06
324.130490036	0.29420173484401985	-1.000465730249811e-05
325.339932163	0.2946084494784835	-1.0121271728641412e-05
326.54937429	0.29499645063246505	-1.0243177382115998e-05
327.75881641700005	0.2953638054653464	-1.0369448770808365e-05
328.96825854400004	0.2957086917723637	-1.049915016744507e-05
330.177700671	0.2960294007565911	-1.0631341446132314e-05
331.387142798	0.29632433939607655	-1.0765083823791044e-05
332.596584925	0.2965920324088011	-1.0899445390580298e-05
333.80602705200005	0.29683112381936466	-1.1033506306115659e-05
335.01546917900004	0.29704037813241974	-1.116636367387569e-05
336.224911306	0.29721868111896943	-1.1297136150625886e-05
337.434353433	0.2973650402225112	-1.142496842183871e-05
338.64379556	0.2974785845928807	-1.1549035538890862e-05
339.85323768700005	0.29755856475654674	-1.1668547018131581e-05
341.06267981400003	0.2976043519330442	-1.1782750522354446e-05
342.272121941	0.297615437008135	-1.189093495562732e-05
343.481564068	0.29759142917509496	-1.1992432892043992e-05
344.691006195	0.297532054256176	-1.2086622327919794e-05
345.90044832200005	0.297437152716959	-1.217292782765278e-05
347.10989044900003	0.2973066773868472	-1.225082112807363e-05
348.319332576	0.2971406908995185	-1.2319821276279841e-05
349.528774703	0.2969393628676352	-1.2379494405467817e-05
350.73821683	0.29670296680659136	-1.242945320810429e-05
351.94765895700004	0.2964318768224313	-1.2469356160935141e-05
353.15710108400003	0.29612656407945975	-1.2498906549127109e-05
354.366543211	0.2957875930633337	-1.251785132946881e-05
355.575985338	0.2954156176556201	-1.2525979847841096e-05
356.785427465	0.2950113770360864	-1.2523122429164424e-05
357.99486959200004	0.29457569142899315	-1.2509148883503574e-05
359.20431171900003	0.2941094577098386	-1.2483966942540559e-05
360.413753846	0.2936136448889658	-1.2447520635956721e-05
361.623195973	0.29308928948845625	-1.2399788641724585e-05
362.8326381	0.2925374908285985	-1.2340782599908062e-05
364.04208022700004	0.2919594062401757	-1.227054541017708e-05
365.25152235400003	0.2913562462185427	-1.2189149505049957e-05
366.460964481	0.2907292695353808	-1.2096695118528344e-05
367.670406608	0.29007977832363224	-1.1993308550659054e-05
368.87984873500005	0.2894091131509644	-1.1879140466797278e-05
370.08929086200004	0.2887186480966893	-1.1754364223043323e-05
371.29873298900003	0.2880097858467292	-1.1619174246101094e-05
372.508175116	0.28728395282081437	-1.1473784472054716e-05
373.717617243	0.28654259434567064	-1.1318426837651774e-05
374.92705937000005	0.2857871698874671	-1.1153349854832462e-05
376.13650149700004	0.28501914835629244	-1.0978817251580675e-05
377.34594362400003	0.2842400034949546	-1.0795106689838463e-05
378.555385751	0.283451209363828	-1.0602508570052571e-05
379.764827878	0.2826542359328488	-1.0401324911812893e-05
380.97427000500005	0.281850544791304	-1.0191868320401365e-05
382.18371213200004	0.2810415849853189	-9.974461036864335e-06
383.393154259	0.2802287889924329	-9.749434072482688e-06
384.602596386	0.27941356884195634	-9.517126402243392e-06
385.812038513	0.27859731238919977	-9.277884259313585e-06
387.02148064000005	0.27778137975099204	-9.032060471522718e-06
388.23092276700004	0.2769670999092668	-8.780013873395387e-06
389.440364894	0.2761557674888024	-8.522108769060122e-06
390.649807021	0.27534863971459134	-8.258714443570847e-06
391.859249148	0.2745469335535654	-7.990204708187287e-06
393.06869127500005	0.27375182304484635	-7.716957501090194e-06
394.27813340200004	0.27296443682190474	-7.439354502418449e-06
395.487575529	0.2721858558294728	-7.157780798114355e-06
396.697017656	0.2714171112373123	-6.872624579462583e-06
397.906459783	0.27065918255235566	-6.584276881813067e-06
399.11590191000005	0.2699129959300843	-6.293131377600736e-06
400.32534403700004	0.26917942268537914	-5.999584193040752e-06
401.534786164	0.26845927800249525	-5.704033755118965e-06
402.744228291	0.2677533198432357	-5.406880604866271e-06
403.953670418	0.2670622480518019	-5.108527170817612e-06
405.16311254500005	0.2663867036543166	-4.809377425987749e-06
406.37255467200004	0.2657272683504836	-4.50983644526004e-06
407.581996799	0.26508446419432785	-4.210309837271442e-06
408.791438926	0.2644587534605227	-3.9112030755725224e-06
410.000881053	0.26385053869225744	-3.6129207498097893e-06
411.21032318000005	0.263260162926215	-3.3158657550338977e-06
412.41976530700003	0.26268791008971676	-3.0204384470211565e-06
413.629207434	0.2621340055647233	-2.7270357708247817e-06
414.838649561	0.2615986169129969	-2.4360503663167776e-06
416.04809168800006	0.26108185475639245	-2.1478696698717936e-06
417.25753381500004	0.26058377380589304	-1.8628750007160244e-06
418.46697594200003	0.26010437403274345	-1.58144064126009e-06
419.676418069	0.2596436019747928	-1.3039329067252026e-06
420.885860196	0.25920135217086826	-1.03070921804449e-06
422.09530232300006	0.25877746871585494	-7.621171689495276e-07
423.30474445000004	0.25837174692890824	-4.984935910515298e-07
424.51418657700003	0.25798393512714424	-2.4016363785184236e-07
425.723628704	0.25761373649696506	1.2560144042883525e-08
426.933070831	0.2572608110550997	2.593787051252683e-07
428.14251295800005	0.2569247776913555	5.000073841007757e-07
429.35195508500004	0.25660521628503036	7.341767784066477e-07
430.56139721200003	0.2563016698869058	9.616335736178927e-07
431.770839339	0.256013646958736	1.1821413661156077e-06
432.980281466	0.25574062366217165	1.3954814336511467e-06
434.18972359300005	0.2554820461891083	1.6014534705288686e-06
435.39916572000004	0.25523733312552416	1.7998762878376762e-06
436.60860784700003	0.25500587784093437	1.9905884502124938e-06
437.818049974	0.25478705089572395	2.1734488700672627e-06
439.027492101	0.2545802024587697	2.3483373399260654e-06
440.23693422800005	0.254384664727869	2.51515500351851e-06
441.44637635500004	0.25419975434570435	2.673824752268128e-06
442.65581848200003	0.254024774804243	2.824291562210368e-06
443.865260609	0.2538590188306715	2.9665227481087686e-06
445.074702736	0.25370177074819883	3.100508141541669e-06
446.28414486300005	0.253552308805293	3.226260186596497e-06
447.49358699000004	0.2534099074671575	3.3438139432698244e-06
448.703029117	0.2532738396635248	3.4532270209580718e-06
449.912471244	0.25314337898711275	3.5545794091276783e-06
451.121913371	0.2530178018373686	3.647973218653955e-06
452.33135549800005	0.2528963895044306	3.733532340392809e-06
453.54079762500004	0.25277843018851803	3.8114020109378255e-06
454.750239752	0.25266322095029053	3.881748287595799e-06
455.959681879	0.2525500695880176	3.944757442558844e-06
457.169124006	0.2524382964377144	4.000635269153785e-06
458.37856613300005	0.25232723609272417	4.049606307919562e-06
459.58800826000004	0.2522162390395735	4.091912999597269e-06
460.797450387	0.25210467320721475	4.127814766566318e-06
462.006892514	0.25199192542712867	4.157587028534582e-06
463.216334641	0.25187740280207227	4.181520157298113e-06
464.42577676800005	0.2517605339815857	4.1999183852739486e-06
465.63521889500004	0.2516407703427056	4.213098670144411e-06
466.844661022	0.2515175870746202	4.221389508340945e-06
468.054103149	0.2513904841663633	4.225129743060108e-06
469.26354527600006	0.25125898729692503	4.224667335010757e-06
470.47298740300005	0.251122648627459	4.220358128678714e-06
471.68242953000004	0.2509810474955932	4.212564612977865e-06
472.891871657	0.25083379101211783	4.201654685030698e-06
474.101313784	0.25068051456061835	4.188000425911498e-06
475.31075591100006	0.25052088220089513	4.171976891662044e-06
476.52019803800005	0.2503545869772821	4.1539609206137085e-06
477.72964016500003	0.25018135113321505	4.134329972232953e-06
478.939082292	0.2500009262336946	4.113460979365824e-06
480.148524419	0.24981309319743047	4.091729244079523e-06
481.35796654600006	0.24961766224080859	4.069507341657175e-06
482.56740867300005	0.2494144727358878	4.047164059807484e-06
483.77685080000003	0.2492033929849763	4.025063373797044e-06
484.986292927	0.24898431991440334	4.003563437500468e-06
486.195735054	0.24875717869037567	3.983015614036911e-06
487.40517718100006	0.24852192225989203	3.963763533350317e-06
488.61461930800004	0.24827853081990983	3.9461421848449585e-06
489.82406143500003	0.2480270112180536	3.930477051959647e-06
491.033503562	0.24776739628827782	3.9170832720897275e-06
492.242945689	0.24749974412504652	3.906264850840613e-06
493.45238781600005	0.2472241372996551	3.898313910628837e-06
494.66182994300004	0.24694068202240757	3.893509980298915e-06
495.87127207000003	0.24664950725446755	3.892119343394673e-06
497.080714197	0.24635076377321075	3.894394422276903e-06
498.290156324	0.246044623194997	3.900573208523439e-06
499.49959845100005	0.24573127695929164	3.910878748507318e-06
500.70904057800004	0.2454109352780804	3.925518677665163e-06
501.91848270500003	0.2450838260545593	3.944684799715714e-06
503.127924832	0.24475019377504134	3.968552721216045e-06
504.337366959	0.2444102983780237	3.997281533121844e-06
505.54680908600005	0.2440644141043503	4.0310135452498175e-06
506.75625121300004	0.24371282833232677	4.069874069603796e-06
507.96569334000003	0.24335584040163327	4.113971259545046e-06
509.175135467	0.24299376042980655	4.163395996265029e-06
510.384577594	0.24262690812497476	4.218221826217394e-06
511.59401972100005	0.2422556115985124	4.278504952978657e-06
512.803461848	0.241880206181111	4.344284277743582e-06
514.0129039750001	0.24150103324572764	4.4155814920843195e-06
515.2223461020001	0.2411184390407632	4.492401220794473e-06
516.4317882290001	0.24073277353668968	4.57473120776819e-06
517.641230356	0.24034438928922894	4.6625425608459725e-06
518.850672483	0.2399536403220993	4.7557900314659785e-06
520.06011461	0.2395608810321634	4.854412344587611e-06
521.269556737	0.23916646511971976	4.958332575646929e-06
522.478998864	0.23877074454651043	5.0674585588550425e-06
523.688440991	0.23837406852388762	5.1816833438397825e-06
524.897883118	0.23797678253343585	5.300885680535605e-06
526.1073252450001	0.2375792273821867	5.42493054735832e-06
527.3167673720001	0.23718173829441427	5.553669704894126e-06
528.5262094990001	0.23678464404183588	5.686942279765905e-06
529.735651626	0.23638826611388827	5.824575381931096e-06
530.945093753	0.23599291792961083	5.966384733935293e-06
532.15453588	0.23559890409246073	6.112175340633463e-06
533.363978007	0.23520651968927636	6.261742166689677e-06
534.573420134	0.23481604963440897	6.414870834629827e-06
535.782862261	0.23442776805989418	6.571338347881317e-06
536.9923043880001	0.23404193775238935	6.7309138215912445e-06
538.2017465150001	0.2336588096374371	6.893359232054697e-06
539.4111886420001	0.2332786223114412	7.058430174566865e-06
540.6206307690001	0.23290160162163184	7.225876633418227e-06
541.830072896	0.23252796029411793	7.3954437630821546e-06
543.039515023	0.23215789760996453	7.566872668771096e-06
544.24895715	0.23179159912915095	7.739901202390154e-06
545.458399277	0.23142923646204416	7.91426474998358e-06
546.667841404	0.23107096708797042	8.089697024274423e-06
547.877283531	0.23071693422026546	8.26593085791888e-06
549.0867256580001	0.2303672667171142	8.44269898964134e-06
550.2961677850001	0.23002207903734465	8.619734842521543e-06
551.5056099120001	0.22968147124022176	8.796773295800808e-06
552.715052039	0.22934552902820374	8.973551446238293e-06
553.924494166	0.22901432383148537	9.149809354201677e-06
555.133936293	0.22868791293308416	9.325290779765849e-06
556.34337842	0.22836633963314323	9.499743896468349e-06
557.552820547	0.22804963345097062	9.672921986517147e-06
558.762262674	0.22773781036336957	9.844584117540967e-06
559.971704801	0.22743087307763205	1.0014495796108192e-05
561.1811469280001	0.22712881133757024	1.0182429593941222e-05
562.3905890550001	0.22683160226088334	1.0348165752009642e-05
563.6000311820001	0.2265392107060965	1.0511492749637474e-05
564.809473309	0.22625158966725975	1.067220784569528e-05
566.018915436	0.22596868069459047	1.0830117596664912e-05
567.228357563	0.2256904143391522	1.0985038329622276e-05
568.43779969	0.22541671061968552	1.1136796578922747e-05
569.647241817	0.22514747950966943	1.1285229503554817e-05
570.856683944	0.22488262144265525	1.14301852501969e-05
572.066126071	0.22462202783395654	1.1571523284056862e-05
573.2755681980001	0.22436558161672193	1.1709114685815036e-05
574.4850103250001	0.22411315779046434	1.1842842400161535e-05
575.6944524520001	0.22386462398009843	1.1972601451526454e-05
576.903894579	0.22361984100357798	1.2098299115290145e-05
578.113336706	0.22337866344622245	1.2219855049649953e-05
579.322778833	0.22314094023987605	1.2337201387851993e-05
580.53222096	0.2229065152450411	1.2450282786971578e-05
581.741663087	0.2226752278341798	1.2559056442186523e-05
582.951105214	0.22244691347442755	1.2663492051812053e-05
584.160547341	0.22222140430798706	1.2763571755419756e-05
585.3699894680001	0.22199852972852074	1.2859290020275638e-05
586.5794315950001	0.22177811695193184	1.2950653499009535e-05
587.7888737220001	0.22155999157995343	1.3037680849127542e-05
588.998315849	0.22134397815505963	1.3120402513021323e-05
590.207757976	0.2211299007052249	1.3198860465253592e-05
591.417200103	0.2209175832771618	1.3273107929652472e-05
592.62664223	0.22070685045673144	1.3343209061697503e-05
593.836084357	0.2204975278752731	1.340923859659282e-05
595.045526484	0.2202894427006826	1.3471281479979225e-05
596.2549686110001	0.22008242411214682	1.3529432459170876e-05
597.4644107380001	0.21987630375749395	1.3583795656225972e-05
598.6738528650001	0.21967091619224643	1.3634484117952539e-05
599.8832949920001	0.21946609929946523	1.3681619340594198e-05
601.092737119	0.21926169468962936	1.3725330779951195e-05
602.302179246	0.21905754807981245	1.3765755340122698e-05
603.511621373	0.21885350965154063	1.3803036844430017e-05
604.7210635	0.21864943438677162	1.383732550354344e-05
605.930505627	0.21844518238150643	1.3868777357803341e-05
607.139947754	0.2182406191366509	1.3897553721498035e-05
608.3493898810001	0.21803561582580305	1.3923820613860605e-05
609.5588320080001	0.2178300495397159	1.3947748186991793e-05
610.7682741350001	0.21762380350726734	1.3969510149938746e-05
611.9777162620001	0.2174167672928454	1.3989283189033697e-05
613.187158389	0.2172088369701343	1.4007246389197148e-05
614.396600516	0.21699991527232337	1.4023580660008084e-05
615.606042643	0.2167899117188928	1.4038468168726947e-05
616.81548477	0.21657874271912914	1.405209175983635e-05
618.024926897	0.2163663316526388	1.406463441155914e-05
619.234369024	0.21615260892716423	1.4076278675306808e-05
620.4438111510001	0.21593751201407582	1.4087206136825792e-05
621.6532532780001	0.21572098546196916	1.4097596890895459e-05
622.8626954050001	0.21550298088885717	1.4107629018871026e-05
624.072137532	0.2152834569534895	1.4117478094322067e-05
625.281579659	0.215062379306382	1.4127316690967784e-05
626.491021786	0.21483972052119346	1.4137313914974747e-05
627.700463913	0.21461546000712867	1.4147634950043009e-05
628.90990604	0.2143895839030828	1.4158440629033486e-05
630.119348167	0.21416208495426775	1.4169887014532645e-05
631.328790294	0.21393296237212658	1.418212500799848e-05
632.5382324210001	0.21370222167834985	1.4195299975039433e-05
633.7476745480001	0.21346987453382796	1.420955139645741e-05
634.9571166750001	0.2132359385534247	1.4225012538608695e-05
636.166558802	0.21300043710746105	1.4241810146864431e-05
637.376000929	0.21276339911081027	1.4260064172322284e-05
638.585443056	0.21252485880054484	1.4279887505873334e-05
639.794885183	0.2122848555030587	1.4301385748288764e-05
641.00432731	0.21204343339161968	1.4324657006230257e-05
642.213769437	0.21180064123529974	1.4349791708077875e-05
643.4232115640001	0.21155653214024195	1.4376872446181244e-05
644.6326536910001	0.21131116328421226	1.4405973849510034e-05
645.8420958180001	0.21106459564539695	1.4437162478259102e-05
647.0515379450001	0.21081689372638493	1.4470496743010375e-05
648.260980072	0.210568125274274	1.4506026852760534e-05
649.470422199	0.21031836099782908	1.4543794788456077e-05
650.679864326	0.21006767428260537	1.4583834301182264e-05
651.889306453	0.20981614090493583	1.4626170933930427e-05
653.09874858	0.20956383874565213	1.4670822067679168e-05
654.308190707	0.20931084750442486	1.4717796997902599e-05
655.5176328340001	0.20905724841552095	1.476709702782908e-05
656.7270749610001	0.20880312396582265	1.4818715589726139e-05
657.9365170880001	0.20854855761587784	1.487263838274161e-05
659.1459592150001	0.20829363352475086	1.4928843542379167e-05
660.355401342	0.20803843627938945	1.4987301816753174e-05
661.564843469	0.20778305062921482	1.5047976778169436e-05
662.774285596	0.20752756122660654	1.5110825041866893e-05
663.983727723	0.20727205237388904	1.5175796510433215e-05
665.19316985	0.20701660777745323	1.5242834629704272e-05
666.402611977	0.20676131030954553	1.531187666293371e-05
667.6120541040001	0.20650624177825838	1.5382853980477895e-05
668.8214962310001	0.20625148270623087	1.5455692366286855e-05
670.0309383580001	0.20599711211847208	1.5530312327718954e-05
671.2403804850001	0.2057432073397559	1.5606629419614992e-05
672.449822612	0.20548984380193985	1.5684554588217547e-05
673.659264739	0.20523709486156066	1.576399450999716e-05
674.868706866	0.20498503162798554	1.584485194736779e-05
676.078148993	0.2047337228023962	1.592702610493657e-05
677.28759112	0.2044832345278093	1.6010412993858192e-05
678.497033247	0.20423363025033328	1.6094905800054238e-05
679.7064753740001	0.20398497059179052	1.6180395252037016e-05
680.9159175010001	0.20373731323382402	1.626676999360449e-05
682.1253596280001	0.20349071281354547	1.6353916957610737e-05
683.3348017550001	0.20324522083077404	1.6441721731895453e-05
684.544243882	0.20300088556685725	1.653006892873843e-05
685.753686009	0.20275775201502877	1.6618842556027913e-05
686.963128136	0.20251586182226108	1.6707926368174364e-05
688.172570263	0.20227525324247508	1.6797204230478702e-05
689.38201239	0.2020359611010088	1.6886560466215783e-05
690.5914545170001	0.2017980167701577	1.697588019696633e-05
691.8008966440001	0.20156144815559981	1.7065049680943523e-05
693.0103387710001	0.20132627969349362	1.715395663626218e-05
694.2197808980001	0.20109253235798827	1.7242490552349388e-05
695.429223025	0.2008602236788885	1.733054300295106e-05
696.638665152	0.20062936776916776	1.7418007932465396e-05
697.848107279	0.2003999753620061	1.7504781942900838e-05
699.057549406	0.2001720538570415	1.759076456143288e-05
700.266991533	0.19994560737543993	1.767585849249409e-05
701.47643366	0.19972063682343472	1.7759969864701575e-05
702.6858757870001	0.19949713996392954	1.7843008456509823e-05
703.8953179140001	0.19927511149576635	1.7924887904724462e-05
705.1047600410001	0.1990545431402353	1.8005525909900455e-05
706.3142021680001	0.198835423734386	1.8084844412923073e-05
707.523644295	0.19861773933071986	1.816276976086828e-05
708.733086422	0.19840147330278946	1.8239232859131038e-05
709.942528549	0.19818660645626943	1.831416930504065e-05
711.151970676	0.19797311714502153	1.838751950298395e-05
712.361412803	0.1977609813916903	1.8459228766407043e-05
713.57085493	0.19755017301237435	1.8529247405314753e-05
714.7802970570001	0.19734066374488843	1.8597530788026784e-05
715.9897391840001	0.1971324233801507	1.8664039394065968e-05
717.1991813110001	0.19692541989623777	1.8728738852773208e-05
718.4086234380001	0.19671961959463227	1.8791599955755856e-05
719.618065565	0.19651498723821115	1.885259866252903e-05
720.827507692	0.1963114861905236	1.891171608928849e-05
722.036949819	0.19610907855589432	1.8968938476159047e-05
723.246391946	0.19590772531995373	1.902425714599143e-05
724.455834073	0.19570738649011696	1.907766844568698e-05
725.6652762	0.19550802123563177	1.9129173674442557e-05
726.8747183270001	0.1953095880267715	1.9178778992705314e-05
728.0841604540001	0.19511204477277466	1.922649533142584e-05
729.2936025810001	0.19491534895816978	1.9272338271279776e-05
730.5030447080001	0.19471945777709765	1.9316327921028997e-05
731.712486835	0.19452432826528282	1.9358488783954853e-05
732.921928962	0.19432991742932731	1.939884960754784e-05
734.131371089	0.19413618237298882	1.943744322744495e-05
735.340813216	0.1939430804201582	1.9474306404136665e-05
736.550255343	0.19375056923423808	1.9509479641459382e-05
737.7596974700001	0.19355860693364327	1.9543007008057667e-05
738.9691395970001	0.19336715220319323	1.95749359420197e-05
740.1785817240001	0.1931761644011472	1.9605317057087845e-05
741.3880238510001	0.1929856036616765	1.9634203934686123e-05
742.5974659780001	0.1927954309925669	1.9661652917168926e-05
743.806908105	0.19260560836798382	1.96877228931594e-05
745.016350232	0.19241609881614452	1.9712475079855518e-05
746.225792359	0.19222686650174584	1.9735972804461877e-05
747.435234486	0.19203787680303075	1.975828127639273e-05
748.644676613	0.1918490963834121	1.977946736748254e-05
749.8541187400001	0.19166049325753265	1.9799599385778022e-05
751.0635608670001	0.19147203685174352	1.981874684586077e-05
752.2730029940001	0.19128369805890716	1.983698024872471e-05
753.4824451210001	0.1910954492875427	1.9854370854742454e-05
754.6918872480001	0.1909072645052638	1.9870990458921434e-05
755.901329375	0.19071911927654708	1.9886911179572975e-05
757.110771502	0.19053099079483715	1.9902205230640235e-05
758.320213629	0.19034285790902247	1.991694471498162e-05
759.529655756	0.19015470114436853	1.993120141476762e-05
760.739097883	0.18996650271794127	1.994504658434093e-05
761.9485400100001	0.18977824654863154	1.9958550753630677e-05
763.1579821370001	0.18958991826187213	1.997178353600748e-05
764.3674242640001	0.18940150518915994	1.9984813436409177e-05
765.5768663910001	0.18921299636251035	1.9997707674829224e-05
766.786308518	0.18902438250398546	2.0010532010443505e-05
767.995750645	0.1888356560104409	2.0023350578518562e-05
769.205192772	0.18864681093364535	2.003622573049091e-05
770.414634899	0.1884578429559638	2.004921788248404e-05
771.624077026	0.18826874936175778	2.0062385377578318e-05
772.833519153	0.188079529004708	2.0075784349454784e-05
774.0429612800001	0.18789018227124768	2.008946860002775e-05
775.2524034070001	0.18770071104031363	2.010348948547347e-05
776.4618455340001	0.1875111186396134	2.011789580792095e-05
777.6712876610001	0.18732140979863243	2.0132733722165452e-05
778.880729788	0.1871315905986004	2.0148046650216023e-05
780.090171915	0.18694166841962312	2.0163875199936954e-05
781.299614042	0.18675165188522677	2.0180257103763477e-05
782.509056169	0.1865615508045299	2.019722715736194e-05
783.718498296	0.18637137611226634	2.0214817173000443e-05
784.9279404230001	0.1861811398069082	2.023305594334862e-05
786.1373825500001	0.18599085488709913	2.0251969212299603e-05
787.3468246770001	0.18580053528664142	2.027157965851789e-05
788.5562668040001	0.1856101958082573	2.0291906881284016e-05
789.7657089310001	0.18541985205635894	2.031296740854366e-05
790.975151058	0.1852295203690356	2.0334774698538283e-05
792.184593185	0.1850392177495084	2.035733916420923e-05
793.394035312	0.18484896179722823	2.038066819851775e-05
794.603477439	0.18465877063887884	2.040476620868842e-05
795.812919566	0.18446866285945226	2.042963466387243e-05
797.0223616930001	0.18427865743361707	2.0455272143171666e-05
798.2318038200001	0.18408877365758133	2.048167440098919e-05
799.4412459470001	0.18389903108163855	2.0508834427113154e-05
800.6506880740001	0.18370944944356848	2.053674252670834e-05
801.8601302010001	0.1835200486030902	2.0565386400890617e-05
803.069572328	0.18333084847752634	2.0594751232470843e-05
804.279014455	0.18314186897884394	2.0624819777874392e-05
805.488456582	0.18295312995221905	2.0655572469142902e-05
806.697898709	0.1827646511162933	2.068698751748338e-05
807.907340836	0.1825764520052287	2.071904102139699e-05
809.1167829630001	0.1823885519127151	2.075170708066426e-05
810.3262250900001	0.18220096983804707	2.0784957913841384e-05
811.5356672170001	0.18201372443436156	2.081876397823368e-05
812.7451093440001	0.18182683395916815	2.0853094092478097e-05
813.9545514710001	0.18164031622724192	2.0887915570810822e-05
815.163993598	0.18145418856597084	2.0923194340487228e-05
816.373435725	0.18126846777323533	2.0958895079782602e-05
817.582877852	0.1810831700778734	2.0994981349123365e-05
818.792319979	0.18089831110280225	2.103141572474404e-05
820.001762106	0.18071390583083644	2.1068159929367447e-05
821.2112042330001	0.18052996857322515	2.1105174969976437e-05
822.4206463600001	0.1803465129409653	2.114242126643323e-05
823.6300884870001	0.18016355181889254	2.117985878930667e-05
824.8395306140001	0.17998109734254944	2.1217447188234817e-05
826.0489727410001	0.17979916087786402	2.1255145921911245e-05
827.258414868	0.17961775300360436	2.1292914392359585e-05
828.467856995	0.1794368834966057	2.1330712060479984e-05
829.677299122	0.17925656131975115	2.136849858123957e-05
830.886741249	0.17907679461266715	2.1406233916880513e-05
832.0961833760001	0.17889759068510538	2.1443878457018395e-05
833.3056255030001	0.17871895601295104	2.1481393132107007e-05
834.5150676300001	0.17854089623683791	2.1518739530435038e-05
835.7245097570001	0.17836341616326967	2.155587999319586e-05
836.9339518840001	0.17818651976821578	2.1592777726793522e-05
838.143394011	0.17801021020310076	2.162939689104304e-05
839.352836138	0.17783448980311337	2.1665702703649314e-05
840.562278265	0.1776593600977522	2.17016615195742e-05
841.771720392	0.1774848218235237	2.173724091589918e-05
842.981162519	0.17731087493871167	2.1772409771303458e-05
844.1906046460001	0.17713751864010155	2.180713833783987e-05
845.4000467730001	0.17696475138159803	2.184139830538334e-05
846.6094889000001	0.1767925708946045	2.1875162866800968e-05
847.8189310270001	0.17662097421007017	2.1908406771707634e-05
849.0283731540001	0.17644995768210817	2.194110637306762e-05
850.237815281	0.17627951701306233	2.197323967655096e-05
851.447257408	0.17610964727992967	2.2004786374103802e-05
852.656699535	0.17594034296201028	2.2035727877622868e-05
853.866141662	0.17577159796968495	2.2066047347397977e-05
855.075583789	0.17560340567419838	2.2095729708210277e-05
856.2850259160001	0.1754357589383475	2.2124761666672543e-05
857.4944680430001	0.1752686501479454	2.2153131720867303e-05
858.7039101700001	0.17510207124397115	2.218083016375383e-05
859.9133522970001	0.1749360137552609	2.2207849080017883e-05
861.1227944240001	0.17477046883166183	2.2234182335691133e-05
862.332236551	0.1746054272775238	2.225982557211431e-05
863.541678678	0.17444087958541482	2.2284776181005772e-05
864.751120805	0.17427681596997568	2.2309033285546065e-05
865.960562932	0.1741132264017784	2.2332597711206825e-05
867.170005059	0.17395010064112187	2.235547195435922e-05
868.3794471860001	0.17378742827163512	2.2377660140918132e-05
869.5888893130001	0.17362519873361784	2.2399167993590596e-05
870.7983314400001	0.17346340135700286	2.2420002775302983e-05
872.0077735670001	0.1733020253938662	2.244017324964237e-05
873.2172156940001	0.1731410600503979	2.2459689622625345e-05
874.426657821	0.17298049451824102	2.247856348695093e-05
875.636099948	0.17282031800512845	2.2496807765753912e-05
876.845542075	0.17266051976474622	2.251443664682412e-05
878.054984202	0.17250108912574225	2.253146551827595e-05
879.2644263290001	0.17234201551982695	2.254791090114394e-05
880.4738684560001	0.17218328850888626	2.2563790382061633e-05
881.6833105830001	0.1720248978110777	2.257912253753047e-05
882.8927527100001	0.17186683332581978	2.2593926863774538e-05
884.1021948370001	0.17170908515766398	2.2608223700586183e-05
885.3116369640001	0.17155164363897502	2.2622034156198623e-05
886.521079091	0.17139449935139725	2.263538003232507e-05
887.730521218	0.17123764314606585	2.2648283742397746e-05
888.939963345	0.17108106616254098	2.266076823961849e-05
890.149405472	0.17092475984642166	2.2672856932554053e-05
891.3588475990001	0.17076871596563442	2.2684573611403414e-05
892.5682897260001	0.17061292662537927	2.269594237154504e-05
893.7777318530001	0.17045738428170848	2.2706987534884537e-05
894.9871739800001	0.17030208175374362	2.2717733572749643e-05
896.1966161070001	0.170147012234515	2.2728205032206128e-05
897.406058234	0.1699921693004448	2.27384264609512e-05
898.615500361	0.16983754691944622	2.2748422334240015e-05
899.824942488	0.16968313945767402	2.2758216987460445e-05
901.034384615	0.16952894168493798	2.2767834544766552e-05
902.243826742	0.1693749487787694	2.2777298848856986e-05
903.4532688690001	0.16922115632719728	2.2786633400474765e-05
904.6627109960001	0.16906756033022768	2.2795861293924136e-05
905.8721531230001	0.16891415720006972	2.2805005155092373e-05
907.0815952500001	0.16876094376011713	2.2814087086320267e-05
908.2910373770001	0.16860791724275795	2.2823128608372156e-05
909.500479504	0.16845507528599543	2.283215061033017e-05
910.709921631	0.16830241592896705	2.2841173297351303e-05
911.919363758	0.16814993760635627	2.2850216147889124e-05
913.128805885	0.1679976391417914	2.2859297868466077e-05
914.338248012	0.16784551974021758	2.2868436352192767e-05
915.5476901390001	0.16769357897934503	2.2877648644177573e-05
916.7571322660001	0.16754181680017488	2.2886950903619474e-05
917.9665743930001	0.16739023349668386	2.2896358379667636e-05
919.1760165200001	0.16723882970470869	2.2905885378031454e-05
920.3854586470001	0.1670876063900778	2.2915545239275692e-05
921.594900774	0.1669365648360491	2.292535032183407e-05
922.804342901	0.166785706630103	2.29353119780909e-05
924.013785028	0.1666350336501627	2.294544054690789e-05
925.223227155	0.16648454805026214	2.2955745340641487e-05
926.432669282	0.16633425224575835	2.296623463515085e-05
927.6421114090001	0.16618414889810865	2.297691567155341e-05
928.8515535360001	0.1660342408992897	2.2987794650201898e-05
930.0609956630001	0.16588453135591008	2.2998876736804452e-05
931.2704377900001	0.16573502357305958	2.301016606529732e-05
932.4798799170001	0.1655857210379615	2.302166574709441e-05
933.689322044	0.16543662740348278	2.303337788400056e-05
934.898764171	0.16528774647153896	2.304530357976481e-05
936.108206298	0.16513908217647116	2.305744295755252e-05
937.317648425	0.1649906385684108	2.306979517860408e-05
938.5270905520001	0.16484241979672207	2.3082358471170072e-05
939.7365326790001	0.1646944300935343	2.3095130143341303e-05
940.9459748060001	0.16454667375743912	2.31081066163763e-05
942.1554169330001	0.16439915513736728	2.3121283454163866e-05
943.3648590600001	0.16425187861672455	2.3134655392484382e-05
944.5743011870001	0.16410484859779467	2.3148216369214825e-05
945.783743314	0.16395806948646868	2.316195956420658e-05
946.993185441	0.16381154567733308	2.3175877430232916e-05
948.202627568	0.16366528153915744	2.318996173227006e-05
949.412069695	0.1635192814008012	2.320420358508518e-05
950.6215118220001	0.16337354953758612	2.3218593497693896e-05
951.8309539490001	0.16322809015816403	2.3233121408623714e-05
953.0403960760001	0.16308290739188894	2.324777673212014e-05
954.2498382030001	0.16293800527674057	2.3262548397483263e-05
955.4592803300001	0.16279338774781474	2.327742489612733e-05
956.6687224570001	0.16264905862639636	2.3292394321340615e-05
957.878164584	0.16250502160963373	2.3307444413485368e-05
959.087606711	0.16236128026084437	2.332256260722393e-05
960.297048838	0.1622178380004436	2.3337736073214543e-05
961.506490965	0.1620746980975285	2.3352951759744722e-05
962.7159330920001	0.16193186366211804	2.3368196442517808e-05
963.9253752190001	0.1617893376380504	2.338345676500958e-05
965.1348173460001	0.16164712279655377	2.3398719281475522e-05
966.3442594730001	0.16150522173049167	2.341397049752253e-05
967.5537016000001	0.16136363684927862	2.342919692001344e-05
968.763143727	0.16122237037446233	2.3444385087847963e-05
969.972585854	0.1610814243359913	2.3459521617169576e-05
971.182027981	0.16094080056912727	2.347459324109763e-05
972.391470108	0.16080050071202945	2.3489586843859767e-05
973.600912235	0.16066052620397808	2.350448950259182e-05
974.8103543620001	0.1605208782842458	2.351928851888896e-05
976.0197964890001	0.1603815579915899	2.353397145513081e-05
977.2292386160001	0.1602425661643565	2.3548526161661087e-05
978.4386807430001	0.16010390344119005	2.356294081556909e-05
979.6481228700001	0.1599655702623164	2.357720394478846e-05
980.857564997	0.15982756687139488	2.359130445554053e-05
982.067007124	0.15968989331791375	2.3605231660173143e-05
983.276449251	0.15955254946011277	2.3618975301349654e-05
984.485891378	0.15941553496840266	2.363252557445461e-05
985.6953335050001	0.15927884932927308	2.3645873145849983e-05
986.9047756320001	0.15914249184965343	2.3659009174781254e-05
988.1142177590001	0.15900646166171484	2.367192532459761e-05
989.3236598860001	0.15887075772807008	2.3684613787863795e-05
990.5331020130001	0.1587353788473654	2.3697067288309948e-05
991.7425441400001	0.15860032366022928	2.3709279097068603e-05
992.951986267	0.15846559065555305	2.3721243042361395e-05
994.161428394	0.15833117817707104	2.3732953515528954e-05
995.370870521	0.15819708443023	2.3744405476859576e-05
996.580312648	0.15806330748929925	2.3755594458274576e-05
997.7897547750001	0.15792984530470602	2.3766516566874063e-05
998.9991969020001	0.15779669571057542	2.3777168484791222e-05
1000.2086390290001	0.15766385643242728	2.378754746328038e-05
1001.4180811560001	0.15753132509502335	2.379765132638767e-05
1002.6275232830001	0.15739909923033307	2.3807478458565123e-05
1003.8369654100001	0.15726717628557774	2.3817027802637558e-05
1005.046407537	0.15713555363134396	2.3826298849394245e-05
1006.255849664	0.1570042285697375	2.383529163055287e-05
1007.465291791	0.15687319834253963	2.3844006702647413e-05
1008.674733918	0.1567424601393586	2.3852445138451694e-05
1009.8841760450001	0.1566120111057458	2.3860608509666814e-05
1011.0936181720001	0.1564818483512403	2.386849887527076e-05
1012.3030602990001	0.1563519689573465	2.3876118763650755e-05
1013.5125024260001	0.15622236998539446	2.3883471153764158e-05
1014.7219445530001	0.15609304848428152	2.3890559455751192e-05
1015.9313866800001	0.15596400149806983	2.389738749527387e-05
1017.140828807	0.15583522607341205	2.390395949201929e-05
1018.350270934	0.1557067192668009	2.3910280036149034e-05
1019.559713061	0.15557847815161607	2.391635406862741e-05
1020.769155188	0.15545049982495662	2.3922186856865923e-05
1021.9785973150001	0.15532278141424438	2.3927783974718453e-05
1023.1880394420001	0.15519532008356968	2.393315127467016e-05
1024.397481569	0.1550681130397948	2.3938294869046972e-05
1025.606923696	0.15494115753837695	2.3943221101038747e-05
1026.816365823	0.1548144508889089	2.3947936524396085e-05
1028.0258079500002	0.1546879904603779	2.395244787600781e-05
1029.235250077	0.15456177368611304	2.395676205070585e-05
1030.4446922040001	0.15443579806843322	2.396088608046243e-05
1031.654134331	0.15431006118297888	2.3964827108056974e-05
1032.8635764580001	0.1541845606827215	2.3968592360035235e-05
1034.073018585	0.15405929430165344	2.3972189125205656e-05
1035.282460712	0.1539342598581508	2.3975624732004708e-05
1036.491902839	0.15380945525800116	2.397890652121315e-05
1037.701344966	0.15368487849711143	2.3982041826964284e-05
1038.9107870930002	0.15356052766387546	2.3985037952749255e-05
1040.12022922	0.15343640094121674	2.3987902147699913e-05
1041.3296713470002	0.15331249660830393	2.399064158641745e-05
1042.539113474	0.15318881304194024	2.3993263349710026e-05
1043.7485556010001	0.15306534871763003	2.3995774402069125e-05
1044.957997728	0.15294210221033186	2.3998181574523547e-05
1046.167439855	0.15281907219489674	2.4000491544245994e-05
1047.376881982	0.15269625744620166	2.4002710819613637e-05
1048.586324109	0.15257365683899193	2.4004845718621215e-05
1049.795766236	0.15245126934741596	2.400690235748043e-05
1051.005208363	0.15232909404429723	2.400888663658257e-05
1052.2146504900002	0.15220713010011605	2.4010804221520632e-05
1053.424092617	0.15208537678174375	2.4012660533721808e-05
1054.6335347440001	0.15196383345090714	2.401446073845015e-05
1055.842976871	0.15184249956241597	2.4016209733031257e-05
1057.0524189980001	0.15172137466216631	2.401791213527127e-05
1058.261861125	0.15160045838491015	2.4019572276622048e-05
1059.471303252	0.1514797504518237	2.4021194195415763e-05
1060.680745379	0.15135925066788017	2.402278162743493e-05
1061.890187506	0.15123895891903444	2.402433800199888e-05
1063.0996296330002	0.15111887516924194	2.402586643850818e-05
1064.30907176	0.15099899945731124	2.402736973765307e-05
1065.5185138870002	0.15087933189362226	2.4028850383564504e-05
1066.727956014	0.1507598726567035	2.403031054162147e-05
1067.9373981410001	0.15064062198969888	2.4031752055321542e-05
1069.146840268	0.15052158019672088	2.4033176450534433e-05
1070.356282395	0.15040274763912262	2.4034584931997838e-05
1071.565724522	0.1502841247316806	2.4035978391422075e-05
1072.775166649	0.15016571193872133	2.4037357406053728e-05
1073.9846087760002	0.15004750977019027	2.4038722245732502e-05
1075.194050903	0.1499295187776878	2.4040072875215757e-05
1076.4034930300002	0.14981173955047097	2.40414089590843e-05
1077.612935157	0.14969417271144841	2.4042729875169144e-05
1078.8223772840001	0.14957681891317023	2.404403471280986e-05
1080.031819411	0.14945967883383	2.404532228737072e-05
1081.2412615380001	0.14934275317328868	2.404659114604163e-05
1082.450703665	0.14922604264913297	2.4047839578551777e-05
1083.660145792	0.14910954799277598	2.4049065626363664e-05
1084.869587919	0.1489932699456104	2.4050267092158573e-05
1086.079030046	0.14887720925524042	2.4051441552846997e-05
1087.2884721730002	0.1487613666717685	2.4052586370372497e-05
1088.4979143	0.14864574294418317	2.405369870299434e-05
1089.7073564270001	0.1485303388168276	2.4054775518547733e-05
1090.916798554	0.14841515502597652	2.4055813605879106e-05
1092.1262406810001	0.14830019229652308	2.4056809588848815e-05
1093.335682808	0.14818545133877487	2.4057759938606038e-05
1094.545124935	0.14807093284537992	2.4058660987529012e-05
1095.754567062	0.14795663748837723	2.4059508944039576e-05
1096.964009189	0.14784256591638237	2.4060299901630666e-05
1098.1734513160002	0.14772871875191915	2.4061029861181804e-05
1099.382893443	0.14761509658888539	2.4061694734574257e-05
1100.5923355700002	0.14750169999017965	2.4062290365653438e-05
1101.801777697	0.1473885294854684	2.4062812540061318e-05
1103.0112198240001	0.1472755855691149	2.4063257002306104e-05
1104.220661951	0.14716286869826467	2.406361946431096e-05
1105.430104078	0.14705037929109202	2.4063895625210663e-05
1106.639546205	0.14693811772520474	2.4064081177874175e-05
1107.848988332	0.14682608433621153	2.4064171827209435e-05
1109.058430459	0.14671427941644938	2.4064163297754515e-05
1110.267872586	0.1466027032138803	2.406405135059464e-05
1111.4773147130002	0.14649135593114032	2.4063831790197e-05
1112.68675684	0.14638023772475756	2.406350048195921e-05
1113.8961989670001	0.14626934870452263	2.4063053358142072e-05
1115.105641094	0.1461586889330176	2.406248643021386e-05
1116.3150832210001	0.14604825842530292	2.4061795801479102e-05
1117.524525348	0.14593805714875147	2.406097767127663e-05
1118.733967475	0.1458280850230365	2.4060028350980645e-05
1119.943409602	0.14571834192025995	2.4058944266602822e-05
1121.152851729	0.1456088276652246	2.405772197044964e-05
1122.3622938560002	0.14549954203584148	2.405635814897722e-05
1123.571735983	0.14539048476367325	2.405484962653137e-05
1124.7811781100002	0.14528165553460193	2.405319337434042e-05
1125.990620237	0.1451730539896228	2.405138651731531e-05
1127.2000623640001	0.1450646797257497	2.4049426335812085e-05
1128.409504491	0.1449565322970391	2.404731027217527e-05
1129.618946618	0.14484861121571532	2.404503593530366e-05
1130.828388745	0.1447409159533995	2.404260110326628e-05
1132.037830872	0.14463344594242789	2.404000372496773e-05
1133.2472729990002	0.1445262005772658	2.4037241924165786e-05
1134.456715126	0.14441917921599753	2.4034313997944867e-05
1135.6661572530002	0.14431238118188675	2.4031218422128353e-05
1136.87559938	0.14420580576501982	2.4027953845616457e-05
1138.0850415070001	0.14409945222399673	2.4024519095000585e-05
1139.294483634	0.14399331978768312	2.40209131716837e-05
1140.5039257610001	0.14388740765701832	2.4017135249368438e-05
1141.713367888	0.14378171500685122	2.4013184674785693e-05
1142.922810015	0.14367624098782603	2.4009060961116546e-05
1144.132252142	0.14357098472828905	2.4004763786195094e-05
1145.341694269	0.14346594533621962	2.400029299101658e-05
1146.5511363960002	0.14336112190118033	2.3995648573839345e-05
1147.760578523	0.1432565134962804	2.3990830685660658e-05
1148.9700206500002	0.14315211918013226	2.3985839624617034e-05
1150.179462777	0.1430479379988185	2.3980675831973552e-05
1151.3889049040001	0.14294396898784648	2.397533988383882e-05
1152.598347031	0.14284021117408643	2.3969832490283727e-05
1153.807789158	0.14273666357769996	2.3964154482206124e-05
1155.017231285	0.14263332521403435	2.3958306808992413e-05
1156.226673412	0.1425301950954946	2.3952290531092935e-05
1157.4361155390002	0.14242727223338236	2.394610681161896e-05
1158.645557666	0.14232455563968824	2.3939756908612775e-05
1159.8549997930002	0.1422220443288524	2.3933242171231273e-05
1161.06444192	0.14211973731947064	2.3926564026853503e-05
1162.2738840470001	0.14201763363594933	2.3919723976993656e-05
1163.483326174	0.14191573231010837	2.3912723589022966e-05
1164.6927683010001	0.14181403238272627	2.390556448712139e-05
1165.902210428	0.14171253290502067	2.38982483484404e-05
1167.111652555	0.14161123294006653	2.389077688833008e-05
1168.321094682	0.14151013156414896	2.3883151857556628e-05
1169.530536809	0.14140922786804183	2.3875375034933255e-05
1170.7399789360002	0.14130852095821722	2.3867448220041276e-05
1171.949421063	0.141208009957985	2.3859373221774005e-05
1173.1588631900001	0.1411076940085523	2.3851151854860364e-05
1174.368305317	0.14100757227000657	2.3842785933467225e-05
1175.5777474440001	0.14090764392222188	2.383427726029147e-05
1176.787189571	0.14080790816569647	2.382562762621998e-05
1177.996631698	0.14070836422229258	2.3816838796333895e-05
1179.206073825	0.14060901133591097	2.380791250980452e-05
1180.415515952	0.14050984877308192	2.3798850472475652e-05
1181.6249580790002	0.14041087582347916	2.378965434975122e-05
1182.834400206	0.14031209180034745	2.378032576306338e-05
1184.0438423330002	0.1402134960408674	2.3770866285098557e-05
1185.25328446	0.14011508790642668	2.3761277430964234e-05
1186.4627265870001	0.14001686678282083	2.3751560661984528e-05
1187.672168714	0.13991883208038017	2.374171737584696e-05
1188.881610841	0.1398209832340235	2.373174890155788e-05
1190.091052968	0.13972331970324164	2.3721656503140898e-05
1191.300495095	0.13962584097200076	2.371144136995712e-05
1192.5099372220002	0.1395285465485922	2.3701104618002733e-05
1193.719379349	0.1394314359653994	2.3690647286196687e-05
1194.9288214760002	0.1393345087786169	2.3680070335700687e-05
1196.138263603	0.1392377645678989	2.3669374648024877e-05
1197.3477057300001	0.13914120293594723	2.365856102544417e-05
1198.557147857	0.13904482350804892	2.3647630188826374e-05
1199.7665899840001	0.1389486259315561	2.3636582774259896e-05
1200.976032111	0.13885260987531595	2.3625419343205334e-05
1202.185474238	0.138756775029052	2.3614140371941428e-05
1203.394916365	0.13866112110270298	2.360274625912151e-05
1204.604358492	0.1385656478257168	2.359123732424001e-05
1205.8138006190002	0.13847035494630405	2.3579613809728006e-05
1207.023242746	0.13837524223066366	2.3567875884464295e-05
1208.2326848730002	0.13828030946216607	2.355602364317172e-05
1209.442127	0.13818555644051086	2.3544057111794803e-05
