0.0	0.0	0.0
1.209442127	1.5702318972296177e-06	1.0837428149468172e-08
2.418884254	6.3407134730173805e-06	1.2326403036441693e-08
3.6283263810000004	1.4448886951229145e-05	1.3778060791440704e-08
4.837768508	2.6131252755235437e-05	1.5197952485850964e-08
6.047210635000001	4.171475905248813e-05	1.6660313592860927e-08
7.256652762000001	6.16123195219244e-05	1.80357895296588e-08
8.466094889	8.631640137126236e-05	1.9267866198058407e-08
9.675537016	0.00011639187012783296	2.0539527058358005e-08
10.884979143	0.00015246759195760881	2.1767402056816073e-08
12.094421270000002	0.00019522706178334113	2.2931383012138242e-08
13.303863397	0.00024539821884232206	2.4020929052150238e-08
14.513305524000002	0.00030374259629684813	2.5026086053822746e-08
15.722747651	0.0003710440248499597	2.5936646639671012e-08
16.932189778	0.00044809701549456494	2.674285273360688e-08
18.141631905	0.000535694997250485	2.7430754271924162e-08
19.351074032	0.0006346185899592632	2.79773425028993e-08
20.560516159000002	0.0007456240864582559	2.835704504878015e-08
21.769958286	0.0008694323191336619	2.8547167733546965e-08
22.979400413	0.0010067180056102696	2.8475147139089135e-08
24.188842540000003	0.0011580997963097958	2.8035083846615237e-08
25.398284667000002	0.0013241311751641888	2.7194079692792212e-08
26.607726794	0.0015052922168877544	2.6028361191517656e-08
27.817168921	0.001701982179237256	2.459684175033696e-08
29.026611048000003	0.0019145131151625655	2.2862918149446024e-08
30.236053175000002	0.002143104686725994	2.071794709840877e-08
31.445495302	0.0023878801898687923	1.806213530749102e-08
32.654937429	0.0026488638051627832	1.4899713662516745e-08
33.864379556	0.002925979203955338	1.1337259041180152e-08
35.073821683000006	0.003219049477699123	7.476815263489714e-09
36.28326381	0.003527798047227258	3.3810739103216567e-09
37.492705937000004	0.0038518505143902465	-8.813146378048448e-10
38.702148064	0.004190737612628866	-5.203278698640186e-09
39.911590191	0.0045438992279092216	-9.429816654631974e-09
41.121032318000005	0.004910689370157804	-1.3359211975582166e-08
42.330474445	0.005290381979680039	-1.6752786804281536e-08
43.539916572	0.005682177461517239	-1.9353392277220854e-08
44.749358699000005	0.006085209847508292	-2.090816846153816e-08
45.958800826	0.006498554491012567	-2.118897572287934e-08
47.168242953000004	0.006921236188828579	-2.001072254686348e-08
48.377685080000006	0.0073522376066360706	-1.7253401125979714e-08
49.587127207	0.0077905078818785636	-1.2889447893130873e-08
50.796569334000004	0.008234971289577682	-7.0120621453381715e-09
52.00601146100001	0.008684535867575397	1.4105273828286802e-10
53.215453588	0.009138101905481864	8.172320901814537e-09
54.424895715000005	0.00959457020915215	1.6518961395810272e-08
55.634337842	0.010052850060870044	2.4457577168807837e-08
56.843779969	0.010511866804055468	3.1117214431466284e-08
58.053222096000006	0.010970568989725196	3.549860212509123e-08
59.262664223	0.011427935029997586	3.649686433192939e-08
60.472106350000004	0.011882979311693007	3.292505317172012e-08
61.68154847700001	0.012334757730859361	2.3536313077752308e-08
62.890990604	0.012782372617059617	7.0432964456405844e-09
64.100432731	0.013224977024711777	-1.7865605338868162e-08
65.309874858	0.013661778377552529	-5.251284058505404e-08
66.519316985	0.014092041461160994	-9.822018984598224e-08
67.728759112	0.014515090767120575	-1.56298079714845e-07
68.93820123900001	0.01493031220051276	-2.2803471974846418e-07
70.14764336600001	0.015337154169793709	-3.146843278825119e-07
71.357085493	0.01573512808451622	-4.1745416981325487e-07
72.56652762	0.016123808291503	-5.374907711902868e-07
73.775969747	0.01650283148382063	-6.758664253675439e-07
74.98541187400001	0.016871895619161317	-8.335678179888055e-07
76.19485400100001	0.017230758385398018	-1.011488921497019e-06
77.404296128	0.017579235251972334	-1.2104299534727511e-06
78.613738255	0.017917197147568058	-1.4311029777015413e-06
79.823180382	0.018244567808349845	-1.6741426578179702e-06
81.032622509	0.018561320847022382	-1.9401180427428694e-06
82.24206463600001	0.01886747659945075	-2.2295387062955772e-06
83.45150676300001	0.01916309880921056	-2.5428465981001264e-06
84.66094889	0.019448291208515912	-2.8803841577878554e-06
85.870391017	0.019723194046698707	-3.2423307416858636e-06
87.079833144	0.01998798060788011	-3.6286060991434083e-06
88.28927527100001	0.020242853751204208	-4.038753357242953e-06
89.49871739800001	0.020488042501433542	-4.4718299359418345e-06
90.708159525	0.020723798714763375	-4.9263407472977146e-06
91.917601652	0.02095039384373619	-5.400235093387055e-06
93.127043779	0.021168115825169496	-5.890963619365874e-06
94.33648590600001	0.02137726611439797	-6.395571958338949e-06
95.54592803300001	0.02157815688638807	-6.910804297152479e-06
96.75537016000001	0.021771108419092917	-7.433199542775364e-06
97.964812287	0.021956446667705253	-7.959174861644786e-06
99.174254414	0.022134501031754673	-8.485098697469818e-06
100.383696541	0.022305602312071078	-9.007356609511998e-06
101.59313866800001	0.022470080852727725	-9.522410852188298e-06
102.80258079500001	0.022628264864270296	-1.0026851920719084e-05
104.01202292200001	0.022780478927172807	-1.0517439454583218e-05
105.221465049	0.022927042676393304	-1.0991131093240122e-05
106.430907176	0.023068269667631182	-1.1445099985353448e-05
107.64034930300001	0.023204466423470238	-1.1876743353350736e-05
108.84979143000001	0.023335931654056254	-1.2283685172630524e-05
110.05923355700001	0.02346295564354107	-1.2663775739631816e-05
111.268675684	0.023585819790910116	-1.3015090073675416e-05
112.478117811	0.023704796292236204	-1.3335926142997098e-05
113.687559938	0.02382014795067504	-1.3624803055961414e-05
114.89700206500001	0.023932128100411287	-1.3880458739015493e-05
116.10644419200001	0.024040980631035644	-1.4101846208302952e-05
117.31588631900001	0.02414694009930591	-1.4288127363751377e-05
118.525328446	0.024250231915850247	-1.4438663246065138e-05
119.734770573	0.024351072594993535	-1.4552999923487901e-05
120.94421270000001	0.02444967005651249	-1.4630849675687299e-05
122.15365482700001	0.024546223968579632	-1.4672067956244877e-05
123.36309695400001	0.024640926121330134	-1.4676627759701568e-05
124.572539081	0.024733960820248417	-1.4644594270389263e-05
125.781981208	0.024825505287986528	-1.4576103649747508e-05
126.99142333500001	0.02491573006267543	-1.447134996361587e-05
128.200865462	0.025004799380840485	-1.4330583129699157e-05
129.410307589	0.025092871534379755	-1.4154118401316258e-05
130.619749716	0.02518009919379663	-1.3942355018823878e-05
131.82919184300002	0.025266629693588435	-1.3695799365298546e-05
133.03863397	0.025352605279254314	-1.3415087187233906e-05
134.24807609700002	0.02543816331786608	-1.3101000378962658e-05
135.457518224	0.025523436475089478	-1.2754475867581688e-05
136.666960351	0.02560855286128258	-1.2376606321525896e-05
137.87640247800002	0.025693636148446674	-1.1968633992378783e-05
139.085844605	0.02577880565904324	-1.1531939713308207e-05
140.29528673200002	0.025864176427302037	-1.1068029062973961e-05
141.504728859	0.02594985923370191	-1.0578517283922097e-05
142.714170986	0.026035960613666274	-1.006511402029545e-05
143.92361311300002	0.026122582842004523	-9.529608485198517e-06
145.13305524	0.02620982389515892	-8.973855391979264e-06
146.34249736700002	0.026297777393763586	-8.399761823533374e-06
147.551939494	0.026386532528394416	-7.809275185854036e-06
148.761381621	0.02647617397167957	-7.204372380237127e-06
149.97082374800002	0.02656678178011146	-6.5870503331507974e-06
151.180265875	0.026658431289011082	-5.959317976004727e-06
152.38970800200002	0.02675119300407014	-5.323189674923557e-06
153.599150129	0.026845132492800045	-4.680679985854695e-06
154.808592256	0.02694031027897975	-4.033799472163676e-06
156.018034383	0.027036781742928766	-3.3845512227869724e-06
157.22747651	0.02713459703008953	-2.7349276474331573e-06
158.43691863700002	0.027233800970073836	-2.086907144720554e-06
159.646360764	0.027334433008009505	-1.4424503020768129e-06
160.85580289100002	0.02743652714974392	-8.034953965527312e-07
162.065245018	0.027540111922215435	-1.7195308048474113e-07
163.274687145	0.027645210350092653	4.502997490093974e-07
164.48412927200002	0.027751839949592703	1.0614268101799811e-06
165.693571399	0.027860012740207017	1.659639868504528e-06
166.90301352600002	0.027969735274892937	2.2432065625154363e-06
168.112455653	0.028081008689101454	2.8104584325441048e-06
169.32189778	0.028193828768834465	3.3597989833510306e-06
170.53133990700002	0.028308186037725742	3.8897116450484215e-06
171.740782034	0.028424065862953644	4.398767532492499e-06
172.95022416100002	0.028541448579587552	4.8856329230985256e-06
174.159666288	0.02866030963279652	5.349076382414912e-06
175.369108415	0.028780619737180053	5.7879754468849855e-06
176.57855054200002	0.028902345052338067	6.201322756454542e-06
177.787992669	0.02902544737369643	6.588231502620105e-06
178.99743479600002	0.02914988433751628	6.947940067586261e-06
180.206876923	0.029275609638989064	7.2798157297137124e-06
181.41631905	0.02940257326226693	7.58335734751456e-06
182.62576117700002	0.029530721721279563	7.858196939785462e-06
183.835203304	0.02965999831016547	8.104100089112117e-06
185.04464543100002	0.029790343362115168	8.320965094621977e-06
186.254087558	0.029921694515395537	8.50882079962104e-06
187.46352968500003	0.03005398698528216	8.667823028819213e-06
188.67297181200001	0.03018715384060743	8.798249618544767e-06
189.882413939	0.030321126283601382	8.900494085652979e-06
191.09185606600002	0.03045583393168095	8.97505807164725e-06
192.301298193	0.03059120509982994	9.02254279608924e-06
193.51074032000002	0.030727167082193918	9.043639819616262e-06
194.720182447	0.03086364643151864	9.039121477615584e-06
195.929624574	0.031000569235084426	9.00983132645476e-06
197.13906670100002	0.03113786138583887	8.956674938681184e-06
198.348508828	0.03127544884750692	8.880611297250622e-06
199.55795095500002	0.03141325791254607	8.782644978401672e-06
200.767393082	0.03155121545191624	8.663819226795893e-06
201.976835209	0.03168924915574835	8.525209961670775e-06
203.18627733600002	0.03182728776408503	8.367920680193877e-06
204.395719463	0.03196526128698008	8.193078191232766e-06
205.60516159000002	0.03210310121333342	8.00182907533995e-06
206.814603717	0.03224074070793244	7.79533673678245e-06
208.02404584400003	0.032378114796242786	7.574778920103051e-06
209.23348797100002	0.032515160536587887	7.3413455334137945e-06
210.442930098	0.032651817179419694	7.096236645421196e-06
211.65237222500002	0.032788026313476465	6.8406605162248135e-06
212.861814352	0.032923731998691155	6.57583153938925e-06
214.07125647900003	0.033058880885810535	6.3029679939384455e-06
215.28069860600002	0.03319342232275979	6.023289527348622e-06
216.490140733	0.033327308447860804	5.738014323422255e-06
217.69958286000002	0.03346049427007526	5.448355945323637e-06
218.909024987	0.0335929377364922	5.155519878041401e-06
220.11846711400003	0.03372459978730302	4.860699839960862e-06
221.32790924100001	0.03385544439853443	4.565073953644364e-06
222.537351368	0.03398543861280748	4.269800893906772e-06
223.74679349500002	0.03411455255840569	3.9760161377425e-06
224.956235622	0.034242759456932614	3.6848284313155996e-06
226.16567774900003	0.03437003561986275	3.397316577882217e-06
227.375119876	0.03449636043430604	3.1145266111362872e-06
228.584562003	0.0346217163383432	2.8374693965966516e-06
229.79400413000002	0.0347460887863173	2.567118662467606e-06
231.003446257	0.034869466204522484	2.304409435269404e-06
232.21288838400002	0.03499183993776059	2.050236830240134e-06
233.422330511	0.03511320418728825	1.8054551250963158e-06
234.63177263800003	0.03523355594069542	1.5708770430996987e-06
235.84121476500002	0.03535289489430495	1.347273159456923e-06
237.050656892	0.03547122336867581	1.1353713559280471e-06
238.26009901900002	0.03558854621782119	9.35856251654219e-07
239.469541146	0.03570487073273724	7.493685565671646e-07
240.67898327300003	0.035820206539846265	5.76504299214539e-07
241.88842540000002	0.03593456549493251	4.178139043963463e-07
243.097867527	0.03604796157315342	2.738011066290882e-07
244.30730965400002	0.0361604107556759	1.4492171032564802e-07
245.516751781	0.03627193091349	3.1582218674286846e-08
246.72619390800003	0.03638254168891754	-6.58616230618731e-08
247.93563603500002	0.03649226437531922	-1.4710629804408088e-07
249.145078162	0.03660112179548737	-2.1190192658998813e-07
250.35452028900002	0.036709138179172665	-2.6005351199751415e-07
251.563962416	0.03681633904017172	-2.9142193038640967e-07
252.77340454300003	0.03692275105337087	-3.0592458596226716e-07
253.98284667000001	0.03702840193212471	-3.0353566862447497e-07
255.192288797	0.03713332030632401	-2.842859989343597e-07
256.401730924	0.03723753560151084	-2.4826247379113e-07
257.61117305100004	0.03734107791939025	-1.9560715912607038e-07
258.820615178	0.03744397792008765	-1.265161022797061e-07
260.030057305	0.03754626670650718	-4.1237922924900524e-08
261.239499432	0.03764797571112042	5.992774707583911e-08
262.448941559	0.03774913658550362	1.7663193910510923e-07
263.65838368600004	0.037849781092913065	3.084781179180031e-07
264.867825813	0.03794994100415322	4.5502403950520385e-07
266.07726794	0.03804964799696717	6.157837064608724e-07
267.286710067	0.03814893355914357	7.902294326548654e-07
268.49615219400005	0.038247828895506736	9.777940339756566e-07
269.70559432100004	0.038346364838935096	1.1778731481707828e-06
270.915036448	0.03844457176553112	1.3898276926077808e-06
272.124478575	0.038542479514043396	1.6129864525447684e-06
273.333920702	0.038640117309627804	1.846648799529952e-06
274.54336282900005	0.03873751369201914	2.090087519916609e-06
275.75280495600003	0.038834696448163994	2.3425517401892476e-06
276.962247083	0.03893169254935759	2.603269937271539e-06
278.17168921	0.03902852809290379	2.871453003883747e-06
279.381131337	0.039125228248313715	3.1462973577126583e-06
280.59057346400004	0.03922181720803884	3.4269880725089612e-06
281.80001559100003	0.039318318142720826	3.712702010253105e-06
283.009457718	0.03941475316093403	4.00261093340805e-06
284.218899845	0.039511143273377874	4.295884586846344e-06
285.428341972	0.03960750836146877	4.591693722126263e-06
286.63778409900004	0.039703867150275574	4.8892130564136575e-06
287.84722622600003	0.03980023718572155	5.1876241467671775e-06
289.056668353	0.03989663481598195	5.486118169085704e-06
290.26611048	0.03999307517698386	5.783898587417781e-06
291.475552607	0.040089572181919574	6.08018370482652e-06
292.68499473400004	0.04018613851466839	6.374209086047809e-06
293.89443686100003	0.04028278562702218	6.6652298430006345e-06
295.103878988	0.040379523739601006	6.952522779335945e-06
296.313321115	0.040476361846342276	7.235388386797408e-06
297.522763242	0.040573307722438945	7.5131526903853e-06
298.73220536900004	0.040670367935602636	7.785168939856957e-06
299.94164749600003	0.04076754786051918	8.050819146398287e-06
301.151089623	0.040864851696363155	8.30951546491323e-06
302.36053175	0.040962282487240445	8.560701419654143e-06
303.569973877	0.041059842145409184	8.80385297878704e-06
304.77941600400004	0.04115753147714889	9.038479479369353e-06
305.98885813100003	0.04125535021112765	9.26412440302427e-06
307.198300258	0.04135329702912638	9.480366010020764e-06
308.407742385	0.041451369598973706	9.686817832071665e-06
309.617184512	0.04154956460953902	9.883129035317614e-06
310.82662663900004	0.04164787780764563	1.0068984649032244e-05
312.036068766	0.04174630403674563	1.0244105671874427e-05
313.245510893	0.04184483727721483	1.0408249060793852e-05
314.45495302	0.041943470688113396	1.0561207605441379e-05
315.664395147	0.04204219665026711	1.0702809695034782e-05
316.87383727400004	0.04214100681051637	1.083291898466886e-05
318.083279401	0.042239892126990634	1.095143396372079e-05
319.292721528	0.04233884291525353	1.1058287431184744e-05
320.502163655	0.04243784889517638	1.1153445891109049e-05
321.71160578200005	0.042536899238396896	1.1236908859387678e-05
322.92104790900004	0.042635982616213125	1.130870810067794e-05
324.130490036	0.04273508724777411	1.1368906792346822e-05
325.339932163	0.04283420094843035	1.1417598620986225e-05
326.54937429	0.042933311178095665	1.1454906817088151e-05
327.75881641700005	0.04303240508949773	1.1480983132683897e-05
328.96825854400004	0.04313146957617507	1.1496006766314884e-05
330.177700671	0.04323049132009454	1.1500183234908808e-05
331.387142798	0.043329456838761424	1.1493743203779992e-05
332.596584925	0.04342835253170038	1.1476941272623277e-05
333.80602705200005	0.043527164726188	1.1450054724142407e-05
335.01546917900004	0.043625879722119926	1.1413382239020215e-05
336.224911306	0.04372448383590541	1.1367242577342953e-05
337.434353433	0.04382296344327922	1.131197323634564e-05
338.64379556	0.04392130502093247	1.1247929083863916e-05
339.85323768700005	0.04401949518686527	1.1175480971184525e-05
341.06267981400003	0.04411752073937066	1.1095014330020705e-05
342.272121941	0.04421536869456506	1.1006927759234274e-05
343.481564068	0.04431302632238324	1.0911631599719524e-05
344.691006195	0.044410481180969325	1.0809546506685905e-05
345.90044832200005	0.044507721149391444	1.0701102021550392e-05
347.10989044900003	0.04460473445861981	1.0586735146162624e-05
348.319332576	0.04470150972071614	1.046688892084621e-05
349.528774703	0.04479803595618285	1.0342011018783532e-05
350.73821683	0.04489430261942931	1.021255234932828e-05
351.94765895700004	0.04499029962232509	1.007896568319482e-05
353.15710108400003	0.04508601735580445	9.941704297366594e-06
354.366543211	0.045181446709503637	9.801220646497638e-06
355.575985338	0.04527657908941397	9.657965064531482e-06
356.785427465	0.04537140643354293	9.512384497221537e-06
357.99486959200004	0.045465921225576855	9.364921272565167e-06
359.20431171900003	0.0455601165065534	9.216011909681182e-06
360.413753846	0.04565398588454649	9.066085970566235e-06
361.623195973	0.04574752354238738	8.91556495825614e-06
362.8326381	0.04584072424343592	8.764861261094424e-06
364.04208022700004	0.045933583335432834	8.614377150562187e-06
365.25152235400003	0.04602609675246485	8.464503831609807e-06
366.460964481	0.04611826101508153	8.315620545705591e-06
367.670406608	0.0462100732286015	8.168093735073543e-06
368.87984873500005	0.046301531079661964	8.022276262240838e-06
370.08929086200004	0.0463926328310596	7.878506693754454e-06
371.29873298900003	0.046483377314939574	7.737108640639518e-06
372.508175116	0.04657376392439362	7.598390164148755e-06
373.717617243	0.0466637926035299	7.462643242779968e-06
374.92705937000005	0.046753463836079485	7.330143302726293e-06
376.13650149700004	0.04684277863261601	7.201148812087735e-06
377.34594362400003	0.04693173851645305	7.075900936976114e-06
378.555385751	0.047020345508301496	6.9546232612789465e-06
379.764827878	0.04710860210975838	6.837521567044317e-06
380.97427000500005	0.04719651128570933	6.724783675943202e-06
382.18371213200004	0.04728407644572495	6.6165793516379315e-06
383.393154259	0.04737130142453105	6.513060259815892e-06
384.602596386	0.047458190461638426	6.414359985616996e-06
385.812038513	0.04754474818021232	6.320594107358558e-06
387.02148064000005	0.04763097956526552	6.231860320830406e-06
388.23092276700004	0.047716889941259596	6.1482386190321765e-06
389.440364894	0.04780248494919874	6.069791518697413e-06
390.649807021	0.04788777052329403	5.996564335981891e-06
391.859249148	0.0479727528672855	5.928585504860837e-06
393.06869127500005	0.04805743843050192	5.865866940376555e-06
394.27813340200004	0.048141833883734865	5.8084044396366705e-06
395.487575529	0.048225946095008076	5.7561781240103235e-06
396.697017656	0.04830978210532026	5.70915291232604e-06
397.906459783	0.048393349104432166	5.6672790279374725e-06
399.11590191000005	0.04847665440677448	5.630492536958659e-06
400.32534403700004	0.048559705427543606	5.59871591197629e-06
401.534786164	0.048642509659059335	5.571858621267623e-06
402.744228291	0.048725074647441885	5.549817738792137e-06
403.953670418	0.0488074079696804	5.532478574395757e-06
405.16311254500005	0.04888951721114633	5.5197153216628506e-06
406.37255467200004	0.04897140994361129	5.511391718778652e-06
407.581996799	0.04905309370382781	5.507361721936773e-06
408.791438926	0.04913457597271746	5.507470187949854e-06
410.000881053	0.04921586415521982	5.511553565347785e-06
411.21032318000005	0.04929696556084659	5.519440588558095e-06
412.41976530700003	0.0493778873849787	5.530952976159475e-06
413.629207434	0.04945863669095238	5.5459061309623935e-06
414.838649561	0.049539220392962435	5.56410983505078e-06
416.04809168800006	0.0496196452398182	5.585368945997676e-06
417.25753381500004	0.049699917799579225	5.6094840845829184e-06
418.46697594200003	0.04978004444509761	5.636252318377832e-06
419.676418069	0.049860031340486416	5.6654678339588226e-06
420.885860196	0.049939884428532935	5.696922601669888e-06
422.09530232300006	0.05001960941907555	5.730407026336478e-06
423.30474445000004	0.05009921177835097	5.7657105856936085e-06
424.51418657700003	0.05017869671932428	5.802622455899388e-06
425.723628704	0.050258069193004413	5.840932117238875e-06
426.933070831	0.050337333880750096	5.8804299477134905e-06
428.14251295800005	0.050416495187565746	5.9209077950843e-06
429.35195508500004	0.05049555723637895	5.962159529492028e-06
430.56139721200003	0.05057452386330068	6.003981579397275e-06
431.770839339	0.050653398613852596	6.04617344193226e-06
432.980281466	0.05073218474015209	6.088538175930483e-06
434.18972359300005	0.05081088519904312	6.130882868055597e-06
435.39916572000004	0.050889502651149866	6.173019079706507e-06
436.60860784700003	0.05096803946084007	6.214763266879433e-06
437.818049974	0.051046497697072396	6.255937177658977e-06
439.027492101	0.05112487913510534	6.29636822431414e-06
440.23693422800005	0.051203185259044756	6.335889830155848e-06
441.44637635500004	0.05128141726519517	6.374341751269174e-06
442.65581848200003	0.0513595760661967	6.411570371348679e-06
443.865260609	0.0514376622959031	6.44742897381494e-06
445.074702736	0.051515676314981086	6.481777983000526e-06
446.28414486300005	0.05159361821719191	6.5144851843883245e-06
447.49358699000004	0.05167148783631416	6.545425916160575e-06
448.703029117	0.05174928475368316	6.574483235329432e-06
449.912471244	0.0518270083063039	6.601548057732186e-06
451.121913371	0.05190465759549645	6.626519273271545e-06
452.33135549800005	0.051982231496040573	6.649303835650714e-06
453.54079762500004	0.05205972866578064	6.669816827529172e-06
454.750239752	0.05213714755564497	6.687981501399699e-06
455.959681879	0.05221448642004771	6.703729293983975e-06
457.169124006	0.052291743327629106	6.716999820069545e-06
458.37856613300005	0.05236891617229113	6.727740841767915e-06
459.58800826000004	0.05244600268449447	6.735908216575631e-06
460.797450387	0.05252300044277329	6.7414658229954065e-06
462.006892514	0.05259990688543112	6.744385463628398e-06
463.216334641	0.052676719322373375	6.744646750167244e-06
464.42577676800005	0.052753434947044514	6.742236968280621e-06
465.63521889500004	0.05283005084842422	6.737150924187359e-06
466.844661022	0.05290656402305553	6.729390770261658e-06
468.054103149	0.052982971387057584	6.718965819578135e-06
469.26354527600006	0.05305926978809564	6.705892340582581e-06
470.47298740300005	0.05313545601726824	6.690193335443309e-06
471.68242953000004	0.05321152682088086	6.67189830760688e-06
472.891871657	0.053287478912076636	6.651043016239321e-06
474.101313784	0.05336330898228343	6.627669215758698e-06
475.31075591100006	0.05343901371245559	6.601824387372779e-06
476.52019803800005	0.05351458978408426	6.5735614600856244e-06
477.72964016500003	0.053590033889937175	6.542938521088542e-06
478.939082292	0.05366534274451583	6.510018520661503e-06
480.148524419	0.05374051309419177	6.474868969420528e-06
481.35796654600006	0.053815541727018204	6.4375616305677695e-06
482.56740867300005	0.05389042548217163	6.398172207460438e-06
483.77685080000003	0.053965161259025646	6.356780027202014e-06
484.986292927	0.054039746025827694	6.313467721417564e-06
486.195735054	0.05411417682796106	6.268320908093747e-06
487.40517718100006	0.05418845079578497	6.221427869963249e-06
488.61461930800004	0.054262565152033815	6.172879235326074e-06
489.82406143500003	0.054336517218763494	6.122767660675377e-06
491.033503562	0.054410304423838776	6.071187515228026e-06
492.242945689	0.05448392430695319	6.0182345669977655e-06
493.45238781600005	0.05455737452516806	5.9640056778859085e-06
494.66182994300004	0.05463065285797337	5.908598499131546e-06
495.87127207000003	0.05470375721186481	5.85211117603299e-06
497.080714197	0.05477668562443097	5.794642055317271e-06
498.290156324	0.0548494362679542	5.736289405165306e-06
499.49959845100005	0.05492200745252584	5.6771511383305225e-06
500.70904057800004	0.05499439762867503	5.617324547721892e-06
501.91848270500003	0.05506660538951938	5.556906048439711e-06
503.127924832	0.05513862947243654	5.4959909314821614e-06
504.337366959	0.05521046876026931	5.4346731245863596e-06
505.54680908600005	0.05528212228206703	5.37304496765062e-06
506.75625121300004	0.05535358921337592	5.311196997526829e-06
507.96569334000003	0.05542486887608211	5.249217742399771e-06
509.175135467	0.0554959607378291	5.187193529670401e-06
510.384577594	0.055566864411006424	5.125208304826868e-06
511.59401972100005	0.05563757965133931	5.063343463890604e-06
512.803461848	0.05570810635607863	5.001677696205714e-06
514.0129039750001	0.055778444561815764	4.940286838164918e-06
515.2223461020001	0.05584859444193176	4.879243743205908e-06
516.4317882290001	0.05591855630370073	4.8186181618890475e-06
517.641230356	0.0559883305850644	4.758476632411163e-06
518.850672483	0.05605791785108992	4.698882386731419e-06
520.06011461	0.056127318790135355	4.639895265486169e-06
521.269556737	0.056196534209738025	4.581571649752304e-06
522.478998864	0.05626556503224679	4.523964400420834e-06
523.688440991	0.05633441229021208	4.467122807416332e-06
524.897883118	0.0564030771215598	4.411092558901687e-06
526.1073252450001	0.05647156076456405	4.355915710429082e-06
527.3167673720001	0.056539864552638056	4.301630677571756e-06
528.5262094990001	0.05660798990896907	4.248272227451617e-06
529.735651626	0.05667593834100878	4.195871489896114e-06
530.945093753	0.056743711434841755	4.144455973184753e-06
532.15453588	0.056811310849457536	4.0940495914581695e-06
533.363978007	0.05687873831093363	4.044672703401586e-06
534.573420134	0.05694599560656406	3.996342157436966e-06
535.782862261	0.057013084578934815	3.9490713479558084e-06
536.9923043880001	0.05708000711997896	3.902870277679854e-06
538.2017465150001	0.057146765165024316	3.857745629903646e-06
539.4111886420001	0.05721336068685063	3.8137008468545897e-06
540.6206307690001	0.057279795689776064	3.7707362180476253e-06
541.830072896	0.057346072203783696	3.7288489731432395e-06
543.039515023	0.05741219227871708	3.6880333783521208e-06
544.24895715	0.05747815797854488	3.64828084470966e-06
545.458399277	0.0575439713757223	3.609580038518856e-06
546.667841404	0.057609634545657165	3.571916994966895e-06
547.877283531	0.0576751495612968	3.5352752395202344e-06
549.0867256580001	0.057740518487847545	3.499635911494159e-06
550.2961677850001	0.05780574337764253	3.464977890595654e-06
551.5056099120001	0.057870826265166986	3.4312779287519815e-06
552.715052039	0.05793576916224852	3.3985107796199315e-06
553.924494166	0.05800057405343208	3.366649338730661e-06
555.133936293	0.05806524289153914	3.3356647739382975e-06
556.34337842	0.05812977759342798	3.305526666552705e-06
557.552820547	0.058194180035956125	3.276203149746998e-06
558.762262674	0.058258452052157364	3.247661044807927e-06
559.971704801	0.058322595427633975	3.2198660010994418e-06
561.1811469280001	0.05838661189717766	3.192782632878595e-06
562.3905890550001	0.05845050314161902	3.166374657810611e-06
563.6000311820001	0.05851427078490461	3.1406050287089912e-06
564.809473309	0.05857791639141652	3.115436070487594e-06
566.018915436	0.05864144146352653	3.0908296100038216e-06
567.228357563	0.058704847439392596	3.066747104640659e-06
568.43779969	0.05876813569099393	3.043149768627504e-06
569.647241817	0.05883130752240906	3.0199986971665704e-06
570.856683944	0.05889436416833224	2.997254983243096e-06
572.066126071	0.058957306792833314	2.9748798347165734e-06
573.2755681980001	0.05902013648834957	2.9528346863613372e-06
574.4850103250001	0.05908285427491493	2.931081306792316e-06
575.6944524520001	0.05914546109961981	2.9095819006940207e-06
576.903894579	0.05920795783629891	2.888299206321547e-06
578.113336706	0.05927034528544156	2.867196590415101e-06
579.322778833	0.059332624174319386	2.8462381347713755e-06
580.53222096	0.05939479515732716	2.825388719479918e-06
581.741663087	0.059456858816530476	2.804614100690786e-06
582.951105214	0.05951881566241152	2.783880981037379e-06
584.160547341	0.059580666134808315	2.7631570767138597e-06
585.3699894680001	0.059642410604041116	2.7424111795097336e-06
586.5794315950001	0.05970404937221267	2.7216132076563274e-06
587.7888737220001	0.05976558267468247	2.700734259449694e-06
588.998315849	0.0598270106817005	2.6797466524796504e-06
590.207757976	0.059888333500190905	2.658623963927402e-06
591.417200103	0.05994955117568336	2.637341061524287e-06
592.62664223	0.06001066369437531	2.6158741276783096e-06
593.836084357	0.060071670985323164	2.5942006831938813e-06
595.045526484	0.06013257292274578	2.5722995996846354e-06
596.2549686110001	0.060193369328434894	2.5501511097614574e-06
597.4644107380001	0.060254059974262406	2.527736811698024e-06
598.6738528650001	0.06031464458477391	2.505039668486246e-06
599.8832949920001	0.060375122839859484	2.4820440019633627e-06
601.092737119	0.06043549437749211	2.458735480445097e-06
602.302179246	0.060495758796520506	2.4351011063536085e-06
603.511621373	0.06055591565951379	2.4111291933382253e-06
604.7210635	0.060615964495642036	2.386809345555907e-06
605.930505627	0.060675904803586214	2.3621324268998517e-06
607.139947754	0.06073573605446812	2.3370905311327628e-06
608.3493898810001	0.06079545769478871	2.31167694594598e-06
609.5588320080001	0.06085506914936839	2.285886114765205e-06
610.7682741350001	0.060914569824283935	2.2597135953591335e-06
611.9777162620001	0.06097395910978265	2.2331560166361647e-06
613.187158389	0.061033236383179354	2.206211030779913e-06
614.396600516	0.06109240101171487	2.1788772647454713e-06
615.606042643	0.06115145235538153	2.1511542712291873e-06
616.81548477	0.061210389769696005	2.1230424744568197e-06
618.024926897	0.061269212608421	2.09454311749218e-06
619.234369024	0.06132792022622475	2.0656582072793583e-06
620.4438111510001	0.061386511981274726	2.0363904595400995e-06
621.6532532780001	0.061444987237754815	2.0067432416727773e-06
622.8626954050001	0.06150334536830886	1.9767205170027197e-06
624.072137532	0.06156158575639584	1.946326787416637e-06
625.281579659	0.061619707798556564	1.9155670376944794e-06
626.491021786	0.061677710906588	1.8844466772825752e-06
627.700463913	0.06173559450961787	1.8529714869318023e-06
628.90990604	0.061793358056079634	1.8211475637658348e-06
630.119348167	0.06185100101558115	1.7889812652556458e-06
631.328790294	0.0619085228806671	1.7564791584883874e-06
632.5382324210001	0.06196592316846903	1.72364796746996e-06
633.7476745480001	0.062023201422241075	1.69049452336794e-06
634.9571166750001	0.06208035721278752	1.6570257173722028e-06
636.166558802	0.06213739013976744	1.6232484530680907e-06
637.376000929	0.06219429983288638	1.5891696008279305e-06
638.585443056	0.062251085952968264	1.5547959569383457e-06
639.794885183	0.06230774819291013	1.5201342029530843e-06
641.00432731	0.06236428627851912	1.4851908669037336e-06
642.213769437	0.06242069996923054	1.4499722863050082e-06
643.4232115640001	0.06247698905871257	1.414484576263593e-06
644.6326536910001	0.06253315337534879	1.3787335992644645e-06
645.8420958180001	0.06258919278261274	1.3427249335772398e-06
647.0515379450001	0.062645107179324	1.306463848661267e-06
648.260980072	0.06270089649979724	1.2699552837903624e-06
649.470422199	0.06275656071388211	1.2332038237198445e-06
650.679864326	0.06281209982689259	1.1962136833212206e-06
651.889306453	0.06286751387944002	1.1589886917129366e-06
653.09874858	0.06292280294716013	1.1215322779298265e-06
654.308190707	0.06297796714034164	1.0838474625253156e-06
655.5176328340001	0.06303300660346944	1.045936849196176e-06
656.7270749610001	0.06308792151466683	1.0078026185635428e-06
657.9365170880001	0.06314271208505803	9.694465286638407e-07
659.1459592150001	0.06319737855804593	9.308699120596023e-07
660.355401342	0.06325192120850978	8.920736813385413e-07
661.564843469	0.06330634034193544	8.530583324051905e-07
662.774285596	0.06336063629346411	8.138239513651516e-07
663.983727723	0.06341480942688721	7.74370225033183e-07
665.19316985	0.06346886013357411	7.346964521030841e-07
666.402611977	0.06352278883134427	6.948015572588034e-07
667.6120541040001	0.06357659596328794	6.546841080498286e-07
668.8214962310001	0.06363028199654223	6.143423301767023e-07
670.0309383580001	0.06368384742101989	5.737741299496196e-07
671.2403804850001	0.06373729274810808	5.329771117761756e-07
672.449822612	0.06379061850932533	4.919486046870217e-07
673.659264739	0.06384382525495916	4.5068568253064933e-07
674.868706866	0.06389691355267302	4.0918519292332256e-07
676.078148993	0.06394988398610194	3.67443779826504e-07
677.28759112	0.06400273715342411	3.2545791433125776e-07
678.497033247	0.06405547366593552	2.832239188064675e-07
679.7064753740001	0.06410809414660754	2.4073800116569677e-07
680.9159175010001	0.0641605992286513	1.9799627894688532e-07
682.1253596280001	0.0642129895540807	1.549948124872011e-07
683.3348017550001	0.06426526577228751	1.1172963199079788e-07
684.544243882	0.06431742853862525	6.81967702205466e-08
685.753686009	0.06436947851300588	2.439229191894543e-08
686.963128136	0.06442141635852319	-1.96876780199709e-08
688.172570263	0.06447324274009097	-6.404692408628482e-08
689.38201239	0.06452495832311016	-1.0868911208897214e-07
690.5914545170001	0.06457656377216973	-1.5361775869329047e-07
691.8008966440001	0.06462805974977152	-1.9883620807747276e-07
693.0103387710001	0.06467944691509997	-2.4434760061142757e-07
694.2197808980001	0.06473072592282145	-2.9015485292476634e-07
695.429223025	0.06478189742192943	-3.362606269558671e-07
696.638665152	0.06483296205463272	-3.8266731377818025e-07
697.848107279	0.06488392045528918	-4.2937700747008867e-07
699.057549406	0.06493477324938343	-4.7639148675112514e-07
700.266991533	0.06498552105255788	-5.237121972912623e-07
701.47643366	0.0650361644696941	-5.713402316254168e-07
702.6858757870001	0.06508670409404352	-6.192763161308804e-07
703.8953179140001	0.06513714050641728	-6.675207981565387e-07
705.1047600410001	0.06518747427442462	-7.160736342701202e-07
706.3142021680001	0.06523770595177253	-7.649343794179086e-07
707.523644295	0.06528783607761954	-8.141021790144046e-07
708.733086422	0.06533786517598539	-8.635757648865414e-07
709.942528549	0.06538779375521961	-9.133534504077861e-07
711.151970676	0.06543762230752853	-9.634331271440519e-07
712.361412803	0.06548735130855673	-1.0138122683508999e-06
713.57085493	0.06553698121702817	-1.0644879274270339e-06
714.7802970570001	0.06558651247444484	-1.1154567436033255e-06
715.9897391840001	0.06563594550484053	-1.166714948873035e-06
717.1991813110001	0.06568528071459134	-1.2182583716451381e-06
718.4086234380001	0.06573451849228024	-1.2700824510002845e-06
719.618065565	0.06578365920861776	-1.3221822446236875e-06
720.827507692	0.06583270321641552	-1.3745524438850756e-06
722.036949819	0.06588165085060882	-1.4271873860693604e-06
723.246391946	0.0659305024283334	-1.4800810709337045e-06
724.455834073	0.0659792582490509	-1.5332271800479538e-06
725.6652762	0.06602791859471871	-1.5866190920020909e-06
726.8747183270001	0.0660764837300119	-1.6402499072708937e-06
728.0841604540001	0.0661249539025828	-1.6941124638247124e-06
729.2936025810001	0.06617332934336674	-1.7481993631312392e-06
730.5030447080001	0.06622161026692674	-1.8025029919219518e-06
731.712486835	0.06626979687183879	-1.8570155443107042e-06
732.921928962	0.06631788934111095	-1.9117290493472078e-06
734.131371089	0.06636588784263917	-1.966635394412379e-06
735.340813216	0.06641379252969187	-2.021726350449893e-06
736.550255343	0.06646160354142797	-2.0769935978751444e-06
737.7596974700001	0.06650932100344215	-2.1324287523862007e-06
738.9691395970001	0.0665569450283311	-2.18802339111996e-06
740.1785817240001	0.06660447571628861	-2.2437690797051657e-06
741.3880238510001	0.06665191315571928	-2.299657395035855e-06
742.5974659780001	0.0666992574238697	-2.355679953553423e-06
743.806908105	0.06674650858747493	-2.411828435545764e-06
745.016350232	0.06679366670342213	-2.468094608969358e-06
746.225792359	0.06684073181942296	-2.5244703530363094e-06
747.435234486	0.06688770397469662	-2.580947683231659e-06
748.644676613	0.06693458320066012	-2.6375187715740878e-06
749.8541187400001	0.0669813695216195	-2.694175968587058e-06
751.0635608670001	0.06702806295547172	-2.750911824209168e-06
752.2730029940001	0.06707466351439577	-2.807719107901334e-06
753.4824451210001	0.06712117120555477	-2.8645908246851745e-06
754.6918872480001	0.06716758603178538	-2.921520231828449e-06
755.901329375	0.06721390799228227	-2.9785008573068525e-06
757.110771502	0.06726013708328055	-3.035526510698945e-06
758.320213629	0.06730627329872574	-3.0925912993850016e-06
759.529655756	0.06735231663093132	-3.149689636873683e-06
760.739097883	0.06739826707122347	-3.206816254913876e-06
761.9485400100001	0.06744412461057629	-3.2639662095228575e-06
763.1579821370001	0.06748988924022511	-3.3211348902896162e-06
764.3674242640001	0.0675355609522664	-3.378318024444514e-06
765.5768663910001	0.06758113974023874	-3.4355116799540328e-06
766.786308518	0.06762662559967911	-3.492712268201789e-06
767.995750645	0.06767201852866778	-3.54991654707721e-06
769.205192772	0.06771731852834094	-3.607121614713181e-06
770.414634899	0.06776252560338598	-3.664324912620691e-06
771.624077026	0.06780763976251139	-3.7215242169805207e-06
772.833519153	0.06785266101889215	-3.778717636292693e-06
774.0429612800001	0.06789758939058876	-3.835903603341233e-06
775.2524034070001	0.06794242490094203	-3.893080867583068e-06
776.4618455340001	0.06798716757893859	-3.950248484241824e-06
777.6712876610001	0.06803181745955096	-4.007405804653218e-06
778.880729788	0.06807637458404908	-4.064552461781855e-06
780.090171915	0.06812083900028656	-4.121688359332368e-06
781.299614042	0.06816521076295713	-4.178813655968637e-06
782.509056169	0.0682094899338228	-4.235928750930332e-06
783.718498296	0.06825367658191575	-4.293034264407115e-06
784.9279404230001	0.06829777078371028	-4.35013102239451e-06
786.1373825500001	0.06834177262327171	-4.407220038249449e-06
787.3468246770001	0.06838568219237118	-4.464302491819817e-06
788.5562668040001	0.0684294995905783	-4.5213797112394e-06
789.7657089310001	0.06847322492532588	-4.578453150180448e-06
790.975151058	0.06851685831194756	-4.635524368805551e-06
792.184593185	0.06856039987369257	-4.692595009992383e-06
793.394035312	0.06860384974171227	-4.749666779269891e-06
794.603477439	0.06864720805502209	-4.8067414219364266e-06
795.812919566	0.06869047496044245	-4.863820699500462e-06
797.0223616930001	0.06873365061251606	-4.920906366770103e-06
798.2318038200001	0.06877673517340213	-4.9780001505940474e-06
799.4412459470001	0.06881972881274843	-5.0351037246152905e-06
800.6506880740001	0.0688626317075457	-5.092218690274167e-06
801.8601302010001	0.06890544404196132	-5.149346548440417e-06
803.069572328	0.06894816600715238	-5.2064886826653015e-06
804.279014455	0.0689907978010659	-5.26364633435597e-06
805.488456582	0.06903333962821524	-5.320820579747879e-06
806.697898709	0.0690757916994536	-5.378012310050008e-06
807.907340836	0.06911815423171878	-5.435222211482536e-06
809.1167829630001	0.06916042744777415	-5.492450743726368e-06
810.3262250900001	0.0692026115759352	-5.5496981202548396e-06
811.5356672170001	0.0692447068497814	-5.606964288649811e-06
812.7451093440001	0.06928671350786597	-5.664248914421903e-06
813.9545514710001	0.06932863179340952	-5.721551361569446e-06
815.163993598	0.06937046195398897	-5.77887067597458e-06
816.373435725	0.06941220424122176	-5.836205571696333e-06
817.582877852	0.06945385891043954	-5.893554412775975e-06
818.792319979	0.06949542622036152	-5.9509152009846675e-06
820.001762106	0.06953690643276567	-6.008285565225167e-06
821.2112042330001	0.06957829981215347	-6.065662743046617e-06
822.4206463600001	0.06961960662541523	-6.1230435768082e-06
823.6300884870001	0.06966082714149835	-6.180424501301893e-06
824.8395306140001	0.06970196163107006	-6.237801531473221e-06
826.0489727410001	0.06974301036618963	-6.295170260832254e-06
827.258414868	0.06978397361997485	-6.35252585055434e-06
828.467856995	0.06982485166628027	-6.40986302445027e-06
829.677299122	0.06986564477937603	-6.4671760663321046e-06
830.886741249	0.06990635323362877	-6.524458816560205e-06
832.0961833760001	0.06994697730319671	-6.581704667565913e-06
833.3056255030001	0.0699875172617254	-6.638906564715441e-06
834.5150676300001	0.0700279733820541	-6.696057007067949e-06
835.7245097570001	0.07006834593592737	-6.753148047154364e-06
836.9339518840001	0.07010863519371875	-6.810171295382715e-06
838.143394011	0.07014884142416458	-6.867117920343439e-06
839.352836138	0.07018896489410408	-6.923978653854829e-06
840.562278265	0.07022900586823481	-6.980743799435418e-06
841.771720392	0.07026896460887477	-7.037403235114238e-06
842.981162519	0.07030884137574066	-7.0939464216030965e-06
844.1906046460001	0.07034863642573444	-7.150362411357039e-06
845.4000467730001	0.07038835001274324	-7.2066398568585224e-06
846.6094889000001	0.0704279823874546	-7.262767021312851e-06
847.8189310270001	0.07046753379717921	-7.318731788857891e-06
849.0283731540001	0.07050700448569068	-7.374521674544804e-06
850.237815281	0.07054639469307851	-7.4301238404041875e-06
851.447257408	0.07058570465561292	-7.485525102383234e-06
852.656699535	0.07062493460562297	-7.540711947921948e-06
853.866141662	0.07066408477139038	-7.595670549192558e-06
855.075583789	0.07070315537705305	-7.650386775934735e-06
856.2850259160001	0.070742146642526	-7.704846211001315e-06
857.4944680430001	0.07078105878343356	-7.759034164851047e-06
858.7039101700001	0.07081989201105399	-7.812935691043146e-06
859.9133522970001	0.0708586465322785	-7.866535601660715e-06
861.1227944240001	0.07089732254958193	-7.919818481800893e-06
862.332236551	0.07093592026101116	-7.972768706701779e-06
863.541678678	0.07097443986017658	-8.02537045598798e-06
864.751120805	0.07101288153626226	-8.077607728136475e-06
865.960562932	0.07105124547404776	-8.129464356951277e-06
867.170005059	0.07108953185393889	-8.180924026198431e-06
868.3794471860001	0.07112774085201048	-8.23197028145678e-06
869.5888893130001	0.07116587264006084	-8.2825865443132e-06
870.7983314400001	0.07120392738567598	-8.332756127763484e-06
872.0077735670001	0.07124190525230309	-8.382462244957076e-06
873.2172156940001	0.07127980639933335	-8.431688022496331e-06
874.426657821	0.07131763098219669	-8.480416508411907e-06
875.636099948	0.07135537915246107	-8.528630680815566e-06
876.845542075	0.07139305105794143	-8.57631345619822e-06
878.054984202	0.07143064684281797	-8.623447695423406e-06
879.2644263290001	0.07146816664775921	-8.670016203957999e-06
880.4738684560001	0.07150561061005385	-8.71600173829156e-06
881.6833105830001	0.07154297886374679	-8.761387003152106e-06
882.8927527100001	0.07158027153978344	-8.806154648753096e-06
884.1021948370001	0.0716174887661559	-8.850287264701093e-06
885.3116369640001	0.07165463066805894	-8.89376737185036e-06
886.521079091	0.07169169736804627	-8.936577414458448e-06
887.730521218	0.0717286889861927	-8.978699737921883e-06
888.939963345	0.07176560564025869	-9.020116578287163e-06
890.149405472	0.07180244744586298	-9.060810036163117e-06
891.3588475990001	0.07183921451664765	-9.100762051061743e-06
892.5682897260001	0.07187590696445872	-9.139954373440541e-06
893.7777318530001	0.07191252489951702	-9.178368526528181e-06
894.9871739800001	0.0719490684305988	-9.215985773896457e-06
896.1966161070001	0.07198553766521491	-9.252787069716217e-06
897.406058234	0.07202193270978997	-9.288753016514252e-06
898.615500361	0.07205825366984096	-9.323863814361504e-06
899.824942488	0.07209450065015846	-9.358099203060806e-06
901.034384615	0.0721306737549812	-9.391438407183907e-06
902.243826742	0.07216677308817837	-9.423860074363882e-06
903.4532688690001	0.07220279875341877	-9.455342210428624e-06
904.6627109960001	0.072238750854342	-9.485862118695926e-06
905.8721531230001	0.07227462949472571	-9.515396333426886e-06
907.0815952500001	0.07231043477864543	-9.543920558582365e-06
908.2910373770001	0.07234616681062801	-9.571409608965555e-06
909.500479504	0.07238182569580373	-9.597837353686467e-06
910.709921631	0.07241741154004783	-9.623176669602829e-06
911.919363758	0.07245292445011856	-9.647399401784863e-06
913.128805885	0.07248836453379381	-9.67047633742505e-06
914.338248012	0.07252373190000369	-9.692377187378934e-06
915.5476901390001	0.07255902665896151	-9.71307059158353e-06
916.7571322660001	0.07259424892230486	-9.73252412861305e-06
917.9665743930001	0.07262939880323097	-9.75070435726283e-06
919.1760165200001	0.07266447641664035	-9.76757686476596e-06
920.3854586470001	0.0726994818792787	-9.783106344357119e-06
921.594900774	0.07273441530988224	-9.797256689837545e-06
922.804342901	0.0727692768293034	-9.809991116893797e-06
924.013785028	0.07280406656063101	-9.821272306998266e-06
925.223227155	0.07283878462927731	-9.831062579968193e-06
926.432669282	0.07287343116303364	-9.839324096653362e-06
927.6421114090001	0.0729080062920827	-9.84601909017127e-06
928.8515535360001	0.07294251014896781	-9.851110130209596e-06
930.0609956630001	0.07297694286850741	-9.854560421576446e-06
931.2704377900001	0.07301130458766553	-9.856334127482554e-06
932.4798799170001	0.07304559544537174	-9.85639672679891e-06
933.689322044	0.07307981558230431	-9.85471539010404e-06
934.898764171	0.07311396514063456	-9.85125937709181e-06
936.108206298	0.07314804426374807	-9.84600044348638e-06
937.317648425	0.07318205309594689	-9.838913251699818e-06
938.5270905520001	0.07321599178213836	-9.82997577696123e-06
939.7365326790001	0.0732498604675228	-9.81916970106602e-06
940.9459748060001	0.0732836592972813	-9.806480788674722e-06
942.1554169330001	0.07331738841627145	-9.791899229693625e-06
943.3648590600001	0.07335104796873708	-9.775419956880096e-06
944.5743011870001	0.07338463809803414	-9.757042914617167e-06
945.783743314	0.07341815894637277	-9.736773290601464e-06
946.993185441	0.07345161065458311	-9.714621696794816e-06
948.202627568	0.07348499336190109	-9.690604300212e-06
949.412069695	0.07351830720578251	-9.664742905176986e-06
950.6215118220001	0.07355155232174354	-9.637064981405513e-06
951.8309539490001	0.07358472884321736	-9.607603642179663e-06
953.0403960760001	0.07361783690144784	-9.576397571250082e-06
954.2498382030001	0.07365087662539924	-9.54349090241842e-06
955.4592803300001	0.07368384814169851	-9.508933055645853e-06
956.6687224570001	0.07371675157459867	-9.472778528884541e-06
957.878164584	0.07374958704596522	-9.435086652223937e-06
959.087606711	0.0737823546752859	-9.395921308659287e-06
960.297048838	0.07381505457970616	-9.355350621206501e-06
961.506490965	0.07384768687407925	-9.313446620465814e-06
962.7159330920001	0.07388025167104303	-9.270284883605012e-06
963.9253752190001	0.07391274908110551	-9.225944159565493e-06
965.1348173460001	0.07394517921275919	-9.180505982744544e-06
966.3442594730001	0.07397754217260177	-9.134054275563262e-06
967.5537016000001	0.07400983806547357	-9.086674947340369e-06
968.763143727	0.07404206699461272	-9.038455494314417e-06
969.972585854	0.0740742290618118	-8.989484600662595e-06
971.182027981	0.07410632436759623	-8.939851743648176e-06
972.391470108	0.07413835301139998	-8.889646814596447e-06
973.600912235	0.07417031509175667	-8.838959745704512e-06
974.8103543620001	0.07420221070649263	-8.787880154305025e-06
976.0197964890001	0.07423403995292358	-8.736497001113515e-06
977.2292386160001	0.07426580292805787	-8.684898267529925e-06
978.4386807430001	0.07429749972879927	-8.633170653997956e-06
979.6481228700001	0.07432913045214715	-8.581399296078533e-06
980.857564997	0.0743606951954028	-8.529667503007037e-06
982.067007124	0.07439219405636546	-8.478056516467852e-06
983.276449251	0.0744236271335333	-8.426645291104151e-06
984.485891378	0.07445499452629548	-8.375510299927884e-06
985.6953335050001	0.07448629633511986	-8.324725357292118e-06
986.9047756320001	0.07451753266173222	-8.274361462239435e-06
988.1142177590001	0.07454870360929339	-8.224486667398473e-06
989.3236598860001	0.07457980928256379	-8.175165960602922e-06
990.5331020130001	0.07461084978806137	-8.126461170345628e-06
991.7425441400001	0.07464182523420965	-8.078430884859815e-06
992.951986267	0.0746727357314731	-8.031130392271123e-06
994.161428394	0.07470358139248559	-7.98461163139131e-06
995.370870521	0.07473436233216234	-7.938923162275659e-06
996.580312648	0.07476507866780505	-7.894110141461533e-06
997.7897547750001	0.07479573051919275	-7.850214319989057e-06
998.9991969020001	0.07482631800865436	-7.807274045980653e-06
1000.2086390290001	0.07485684126113873	-7.765324275729388e-06
1001.4180811560001	0.07488730040426216	-7.724396600553365e-06
1002.6275232830001	0.07491769556834736	-7.684519275186208e-06
1003.8369654100001	0.07494802688644739	-7.64571725821346e-06
1005.046407537	0.0749782944943573	-7.608012252508997e-06
1006.255849664	0.07500849853060962	-7.571422761610061e-06
1007.465291791	0.07503863913646171	-7.53596413882382e-06
1008.674733918	0.07506871645586394	-7.501648651956835e-06
1009.8841760450001	0.0750987306354205	-7.468485544616724e-06
1011.0936181720001	0.07512868182433566	-7.4364811052975155e-06
1012.3030602990001	0.07515857017434864	-7.405638735842254e-06
1013.5125024260001	0.07518839583965489	-7.375959027586948e-06
1014.7219445530001	0.07521815897682291	-7.347439835499181e-06
1015.9313866800001	0.07524785974469267	-7.320076359411745e-06
1017.140828807	0.07527749830427072	-7.293861223492057e-06
1018.350270934	0.07530707481861136	-7.268784560574004e-06
1019.559713061	0.0753365894526955	-7.244834098184619e-06
1020.769155188	0.07536604237329722	-7.221995244647075e-06
1021.9785973150001	0.07539543374884386	-7.2002511812326725e-06
1023.1880394420001	0.07542476374927395	-7.179582956658159e-06
1024.397481569	0.0754540325458836	-7.1599695759191895e-06
1025.606923696	0.07548324031117716	-7.141388101920831e-06
1026.816365823	0.07551238721870462	-7.123813751935132e-06
1028.0258079500002	0.07554147344290388	-7.1072199987580464e-06
1029.235250077	0.07557049915893656	-7.091578676387059e-06
1030.4446922040001	0.07559946454252404	-7.076860081686384e-06
1031.654134331	0.07562836976978261	-7.06303308395384e-06
1032.8635764580001	0.07565721501706098	-7.050065232914321e-06
1034.073018585	0.07568600046077406	-7.037922869721283e-06
1035.282460712	0.07571472627724408	-7.0265712408014436e-06
1036.491902839	0.07574339264253879	-7.015974610433129e-06
1037.701344966	0.07577199973231571	-7.006096376578966e-06
1038.9107870930002	0.0758005477216691	-6.996899187761141e-06
1040.12022922	0.07582903678498241	-6.98834505999911e-06
1041.3296713470002	0.07585746709578	-6.9803954946684454e-06
1042.539113474	0.07588583882659296	-6.973011596050904e-06
1043.7485556010001	0.07591415214882068	-6.966154192215163e-06
1044.957997728	0.07594240723260552	-6.9597839476749634e-06
1046.167439855	0.07597060424670914	-6.9538614850764985e-06
1047.376881982	0.07599874335839998	-6.948347500101287e-06
1048.586324109	0.07602682473334173	-6.943202874719334e-06
1049.795766236	0.07605484853549398	-6.93838879116393e-06
1051.005208363	0.07608281492701809	-6.933866844026013e-06
1052.2146504900002	0.07611072406818947	-6.9295991457600514e-06
1053.424092617	0.07613857611731814	-6.925548434556089e-06
1054.6335347440001	0.07616637123067842	-6.921678176029233e-06
1055.842976871	0.07619410956244463	-6.917952661269697e-06
1057.0524189980001	0.07622179126463155	-6.914337102948212e-06
1058.261861125	0.07624941648704953	-6.910797726310952e-06
1059.471303252	0.07627698537726166	-6.907301851729816e-06
1060.680745379	0.07630449808054993	-6.9038179817838136e-06
1061.890187506	0.0763319547398864	-6.9003158744349036e-06
1063.0996296330002	0.07635935549591721	-6.896766614110025e-06
1064.30907176	0.07638670048694975	-6.8931426783856026e-06
1065.5185138870002	0.0764139898489453	-6.889417996425173e-06
1066.727956014	0.07644122371552053	-6.8855680069312974e-06
1067.9373981410001	0.07646840221795606	-6.8815697017859945e-06
1069.146840268	0.07649552548521063	-6.8774016693286255e-06
1070.356282395	0.07652259364394046	-6.873044131583059e-06
1071.565724522	0.07654960681852543	-6.868478974152159e-06
1072.775166649	0.07657656513110084	-6.863689766762118e-06
1073.9846087760002	0.07660346870159143	-6.858661782413802e-06
1075.194050903	0.07663031764775491	-6.853382008667128e-06
1076.4034930300002	0.07665711208522802	-6.8478391514990855e-06
1077.612935157	0.07668385212757756	-6.8420236325646144e-06
1078.8223772840001	0.0767105378863531	-6.8359275852466345e-06
1080.031819411	0.07673716947114839	-6.829544837015644e-06
1081.2412615380001	0.07676374698965743	-6.822870893059135e-06
1082.450703665	0.07679027054774941	-6.815902912611291e-06
1083.660145792	0.07681674024952781	-6.80863967557864e-06
1084.869587919	0.07684315619740578	-6.801081550824109e-06
1086.079030046	0.07686951849218004	-6.7932304541103855e-06
1087.2884721730002	0.07689582723310437	-6.785089803928654e-06
1088.4979143	0.07692208251796719	-6.7766644739064574e-06
1089.7073564270001	0.07694828444317248	-6.767960737138687e-06
1090.916798554	0.07697443310381696	-6.758986210556733e-06
1092.1262406810001	0.07700052859377386	-6.749749795536761e-06
1093.335682808	0.07702657100577304	-6.740261611133669e-06
1094.545124935	0.07705256043148496	-6.730532930392455e-06
1095.754567062	0.07707849696160365	-6.7205761084369875e-06
1096.964009189	0.07710438068592657	-6.710404511660328e-06
1098.1734513160002	0.07713021169344142	-6.7000324461535116e-06
1099.382893443	0.07715599007240548	-6.689475079204102e-06
1100.5923355700002	0.07718171591042841	-6.678748364101136e-06
1101.801777697	0.07720738929455145	-6.667868962735232e-06
1103.0112198240001	0.07723301031132915	-6.6568541663755004e-06
1104.220661951	0.07725857904690661	-6.645721814786329e-06
1105.430104078	0.07728409558709809	-6.634490222480818e-06
1106.639546205	0.07730956001745651	-6.623178094522508e-06
1107.848988332	0.0773349724233553	-6.611804451404912e-06
1109.058430459	0.07736033289005118	-6.600388551060085e-06
1110.267872586	0.07738564150276317	-6.588949809427369e-06
1111.4773147130002	0.0774108983467288	-6.5775077282403255e-06
1112.68675684	0.07743610350727766	-6.566081820114436e-06
1113.8961989670001	0.07746125706988702	-6.5546915356418795e-06
1115.105641094	0.07748635912024604	-6.543356193775343e-06
1116.3150832210001	0.07751140974431082	-6.532094912744396e-06
1117.524525348	0.07753640902835605	-6.520926546745021e-06
1118.733967475	0.07756135705902689	-6.509869619673175e-06
1119.943409602	0.0775862539233876	-6.49894226503224e-06
1121.152851729	0.07761109970896529	-6.488162170444414e-06
1122.3622938560002	0.07763589450379327	-6.477546521995586e-06
1123.571735983	0.07766063839644528	-6.46711194847438e-06
1124.7811781100002	0.0776853314760729	-6.4568744785418325e-06
1125.990620237	0.0777099738324374	-6.446849493172216e-06
1127.2000623640001	0.0777345655559368	-6.4370516811521755e-06
1128.409504491	0.07775910673763153	-6.427495005638731e-06
1129.618946618	0.07778359746926627	-6.418192663526848e-06
1130.828388745	0.07780803784328788	-6.409157058899495e-06
1132.037830872	0.07783242795286024	-6.40039977097169e-06
1133.2472729990002	0.07785676789187652	-6.3919315307324476e-06
1134.456715126	0.07788105775496834	-6.383762200690146e-06
1135.6661572530002	0.07790529763751085	-6.375900754578001e-06
1136.87559938	0.07792948763562416	-6.3683552665328574e-06
1138.0850415070001	0.07795362784617368	-6.361132898747429e-06
1139.294483634	0.07797771836676798	-6.354239891424515e-06
1140.5039257610001	0.07800175929574774	-6.347681563139557e-06
1141.713367888	0.07802575073218339	-6.341462306502094e-06
1142.922810015	0.07804969277585494	-6.33558559119847e-06
1144.132252142	0.07807358552724616	-6.3300539689253865e-06
1145.341694269	0.0780974290875229	-6.324869081857087e-06
1146.5511363960002	0.07812122355851212	-6.3200316742350465e-06
1147.760578523	0.07814496904268482	-6.3155416018569055e-06
1148.9700206500002	0.078168665643131	-6.311397853274794e-06
1150.179462777	0.07819231346353094	-6.307598566342859e-06
1151.3889049040001	0.07821591260813354	-6.304141050577847e-06
1152.598347031	0.07823946318172252	-6.301021807098017e-06
1153.807789158	0.07826296528958765	-6.298236556534845e-06
1155.017231285	0.07828641903749212	-6.2957802661207235e-06
1156.226673412	0.07830982453163877	-6.293647176292688e-06
1157.4361155390002	0.07833318187863783	-6.2918308368388465e-06
1158.645557666	0.07835649118546867	-6.290324132003297e-06
1159.8549997930002	0.0783797525594429	-6.289119319847006e-06
1161.06444192	0.07840296610817088	-6.288208063779874e-06
1162.2738840470001	0.07842613193952017	-6.287581469137382e-06
1163.483326174	0.07844925016157808	-6.287230121417367e-06
1164.6927683010001	0.07847232088261616	-6.287144121090715e-06
1165.902210428	0.07849534421104681	-6.287313124950233e-06
1167.111652555	0.07851832025538735	-6.2877263823143265e-06
1168.321094682	0.07854124912421878	-6.288372775296869e-06
1169.530536809	0.0785641309261511	-6.289240858560127e-06
1170.7399789360002	0.07858696576978041	-6.290318897615721e-06
1171.949421063	0.07860975376365303	-6.291594909281842e-06
1173.1588631900001	0.07863249501622921	-6.293056701854247e-06
1174.368305317	0.07865518963584431	-6.294691910707986e-06
1175.5777474440001	0.07867783773067422	-6.296488041587431e-06
1176.787189571	0.07870043940869573	-6.298432505848911e-06
1177.996631698	0.07872299477766051	-6.300512659282095e-06
1179.206073825	0.07874550394505235	-6.302715837118444e-06
1180.415515952	0.07876796701806121	-6.3050293944329205e-06
1181.6249580790002	0.07879038410354852	-6.307440737231967e-06
1182.834400206	0.0788127553080191	-6.309937357880033e-06
1184.0438423330002	0.07883508073759068	-6.312506870052512e-06
1185.25328446	0.0788573604979663	-6.315137038833199e-06
1186.4627265870001	0.07887959469441032	-6.317815812853511e-06
1187.672168714	0.07890178343172136	-6.320531354705658e-06
1188.881610841	0.07892392681421033	-6.323272066437874e-06
1190.091052968	0.07894602494567668	-6.326026619561664e-06
1191.300495095	0.07896807792939042	-6.328783979004868e-06
1192.5099372220002	0.07899008586807163	-6.331533429408329e-06
1193.719379349	0.07901204886387428	-6.334264593836625e-06
1194.9288214760002	0.07903396701836979	-6.336967458369508e-06
1196.138263603	0.07905584043253214	-6.339632390547217e-06
1197.3477057300001	0.07907766920672664	-6.3422501566882256e-06
1198.557147857	0.07909945344069844	-6.3448119380551254e-06
1199.7665899840001	0.07912119323356276	-6.3473093483961546e-06
1200.976032111	0.07914288868379761	-6.349734443284946e-06
1202.185474238	0.07916453988923587	-6.352079733091057e-06
1203.394916365	0.07918614694706366	-6.354338193428205e-06
1204.604358492	0.07920770995381127	-6.356503272832159e-06
1205.8138006190002	0.07922922900535712	-6.358568900285966e-06
1207.023242746	0.07925070419692364	-6.360529488231431e-06
1208.2326848730002	0.07927213562308044	-6.3623799397838354e-06
1209.442127	0.0792935233777431	-6.364115645914742e-06
