0.0	0.0	0.0
1.209442127	1.744732454718352e-06	-8.31146045559139e-09
2.418884254	6.998537884755348e-06	-8.408311628343408e-09
3.6283263810000004	1.5798161614356257e-05	-8.45441472148236e-09
4.837768508	2.8209402886950154e-05	-8.447329236587153e-09
6.047210635000001	4.432385163315465e-05	-8.467171491416783e-09
7.256652762000001	6.425723534949496e-05	-8.432829024158407e-09
8.466094889	8.814789476944881e-05	-8.395140817910626e-09
9.675537016	0.00011615483001960615	-8.232024097028787e-09
10.884979143	0.00014845539477655232	-8.147095629395694e-09
12.094421270000002	0.0001852425454450952	-8.109489738744851e-09
13.303863397	0.00022672177981705843	-8.095285209427754e-09
14.513305524000002	0.00027310816553414015	-8.08935902144774e-09
15.722747651	0.000324623449192995	-8.086097615924923e-09
16.932189778	0.0003814925853366174	-8.018712002017502e-09
18.141631905	0.0004439402718146145	-7.779966785387282e-09
19.351074032	0.0005121875299280887	-7.226186415410819e-09
20.560516159000002	0.0005864482418297476	-6.2131366386410786e-09
21.769958286	0.0006669256557004339	-4.6267854213709325e-09
22.979400413	0.0007538089015733744	-2.307687955007201e-09
24.188842540000003	0.0008472697033434489	1.0034621814036804e-09
25.398284667000002	0.0009474592307574591	5.640480888564545e-09
26.607726794	0.001054505062894387	1.197985962969779e-08
27.817168921	0.0011685083380358744	2.0438226034334706e-08
29.026611048000003	0.001289541126209837	3.147676659208051e-08
30.236053175000002	0.0014176440413178715	4.55864425964736e-08
31.445495302	0.0015528241168714326	6.325567261222104e-08
32.654937429	0.0016950529637600065	8.492874170118805e-08
33.864379556	0.001844265225554703	1.1095378104264073e-07
35.073821683000006	0.0020003573535282474	1.4151985784985333e-07
36.28326381	0.002163186726401243	1.7659787087667342e-07
37.492705937000004	0.002332571132716896	2.1592328178134806e-07
38.702148064	0.0025082885679519698	2.590087091105392e-07
39.911590191	0.002690077310460394	3.051642822283693e-07
41.121032318000005	0.002877636299438672	3.5356232988819486e-07
42.330474445	0.0030706258575834435	4.0329851093423574e-07
43.539916572	0.0032686689387797685	4.534200124649973e-07
44.749358699000005	0.0034713529061959274	5.029239607727901e-07
45.958800826	0.0036782314746795046	5.507076812263229e-07
47.168242953000004	0.003888826885623947	5.955154371677096e-07
48.377685080000006	0.004102632524199491	6.359138153477426e-07
49.587127207	0.004319115884341893	6.702806611075598e-07
50.796569334000004	0.004537721718639413	6.968447042263876e-07
52.00601146100001	0.004757875216710792	7.139001794781094e-07
53.215453588	0.004978985316372654	7.203827682468467e-07
54.424895715000005	0.005200449084595481	7.166564488098048e-07
55.634337842	0.005421657743936841	7.045923543346627e-07
56.843779969	0.005642001982442329	6.864728856730701e-07
58.053222096000006	0.005860874779615343	6.637401660436124e-07
59.262664223	0.006077673867698528	6.365097630122232e-07
60.472106350000004	0.006291805438399193	6.037309554689577e-07
61.68154847700001	0.006502688604665799	5.635013579181544e-07
62.890990604	0.00670975991768585	5.132968096425647e-07
64.100432731	0.006912477687578846	4.501015071290207e-07
65.309874858	0.007110326073983318	3.70473337154599e-07
66.519316985	0.007302818947933918	2.7057124773327557e-07
67.728759112	0.007489503510472567	1.461614481937032e-07
68.93820123900001	0.007669963635259106	-7.383478732927995e-09
70.14764336600001	0.007843822891082212	-1.950761573206103e-07
71.357085493	0.008010747194976207	-4.2227684423409156e-07
72.56652762	0.008170447046435329	-6.946055613639424e-07
73.775969747	0.00832267929770833	-1.0177861784156292e-06
74.98541187400001	0.008467248425291332	-1.3974147732897027e-06
76.19485400100001	0.00860400728593913	-1.8386627825177707e-06
77.404296128	0.008732857369707829	-2.3459505785238324e-06
78.613738255	0.008853748602948693	-2.922652097496481e-06
79.823180382	0.008966678798497106	-3.5709014888645092e-06
81.032622509	0.009071692880638409	-4.291553670801064e-06
82.24206463600001	0.009168882005333747	-5.0843028647248704e-06
83.45150676300001	0.009258382639717826	-5.947911251624142e-06
84.66094889	0.0093403755770739	-6.880475249347595e-06
85.870391017	0.009415084788990658	-7.87966896776196e-06
87.079833144	0.009482775994373716	-8.942935373393822e-06
88.28927527100001	0.009543754858395391	-1.0067622775949622e-05
89.49871739800001	0.009598364793807256	-1.1251077686823003e-05
90.708159525	0.009646984389225174	-1.2490706819823574e-05
91.917601652	0.009690024518281513	-1.378401628727207e-05
93.127043779	0.009727925191459118	-1.5128629162594522e-05
94.33648590600001	0.0097611522081121	-1.6522276252972905e-05
95.54592803300001	0.009790193658575606	-1.796275060377342e-05
96.75537016000001	0.009815556321386493	-1.9447814585459543e-05
97.964812287	0.009837762000989389	-2.0975049597165684e-05
99.174254414	0.009857343855698517	-2.2541642832498657e-05
100.383696541	0.009874842769453735	-2.4144114162058528e-05
101.59313866800001	0.009890803818827143	-2.5777999795194382e-05
102.80258079500001	0.009905772876603361	-2.743752678657915e-05
104.01202292200001	0.009920293375550096	-2.9115329394603304e-05
105.221465049	0.00993490323192796	-3.080226724109982e-05
106.430907176	0.009950131902463254	-3.2487395613257745e-05
107.64034930300001	0.009966497532765737	-3.415810148304967e-05
108.84979143000001	0.009984504168539568	-3.5800359709262704e-05
110.05923355700001	0.010004639062284857	-3.7399012776473915e-05
111.268675684	0.01002737021752168	-3.893799296561095e-05
112.478117811	0.010053144407397541	-4.0400558196044406e-05
113.687559938	0.010082385807052285	-4.176990986625665e-05
114.89700206500001	0.010115494904070528	-4.303079005575552e-05
116.10644419200001	0.0101528467699968	-4.4172375797043965e-05
117.31588631900001	0.010194787961654357	-4.519181260514765e-05
118.525328446	0.010241632488826664	-4.609652025028797e-05
119.734770573	0.010293658268689684	-4.6903036636888884e-05
120.94421270000001	0.010351105505847861	-4.763206442992638e-05
122.15365482700001	0.010414177587806977	-4.830253154243904e-05
123.36309695400001	0.010483043739403163	-4.8928004505439156e-05
124.572539081	0.010557841944902264	-4.951629640392082e-05
125.781981208	0.010638681099282246	-5.007097725214047e-05
126.99142333500001	0.010725642226039975	-5.059326758552604e-05
128.200865462	0.010818779104778324	-5.108351843582156e-05
129.410307589	0.010918118707343567	-5.154211626204547e-05
130.619749716	0.011023661700211046	-5.196993185270981e-05
131.82919184300002	0.011135383124490628	-5.2368478776352884e-05
133.03863397	0.011253233273535453	-5.2739907000155534e-05
134.24807609700002	0.011377138745971585	-5.308690709987605e-05
135.457518224	0.011507003639526638	-5.341256435570114e-05
136.666960351	0.011642710852945253	-5.372018264066967e-05
137.87640247800002	0.01178412346983252	-5.401309183272534e-05
139.085844605	0.011931086203973965	-5.4294454079709033e-05
140.29528673200002	0.012083426888537209	-5.4567087266619e-05
141.504728859	0.01224095799250788	-5.4833323429145236e-05
142.714170986	0.012403478149027298	-5.509491459544007e-05
143.92361311300002	0.012570773683281189	-5.535299128498535e-05
145.13305524	0.012742620131222224	-5.560807262212919e-05
146.34249736700002	0.012918783742394479	-5.586012234419079e-05
147.551939494	0.013099022959060142	-5.6108641056135285e-05
148.761381621	0.013283089860716702	-5.6352781795712334e-05
149.97082374800002	0.013470731560437037	-5.659147419233854e-05
151.180265875	0.01366169153921458	-5.682354302067238e-05
152.38970800200002	0.013855710906925221	-5.7047809656032063e-05
153.599150129	0.014052529582496486	-5.726316901306016e-05
154.808592256	0.014251887390141453	-5.746863907944407e-05
156.018034383	0.014453525072168452	-5.766338443926504e-05
157.22747651	0.014657185221597441	-5.784671867918936e-05
158.43691863700002	0.014862613139474677	-5.801809289202693e-05
159.646360764	0.01506955762237516	-5.817707827225193e-05
160.85580289100002	0.015277771685147313	-5.832334992014699e-05
162.065245018	0.01548701322278007	-5.8456676667711146e-05
163.274687145	0.015697045613858877	-5.857691870948898e-05
164.48412927200002	0.0159076382670045	-5.868403196413168e-05
165.693571399	0.016118567111332388	-5.877807621294329e-05
166.90301352600002	0.016329615032244046	-5.8859223507114374e-05
168.112455653	0.016540572254391938	-5.892776390897889e-05
169.32189778	0.016751236674057028	-5.89841068392204e-05
170.53133990700002	0.0169614141432262	-5.902877750770972e-05
171.740782034	0.017170918707466325	-5.90624087558559e-05
172.95022416100002	0.017379572799411314	-5.908572894612954e-05
174.159666288	0.017587207389465235	-5.9099546448749055e-05
175.369108415	0.017793662095162595	-5.9104731064859185e-05
176.57855054200002	0.017998785250367143	-5.910219266042375e-05
177.787992669	0.018202433935238495	-5.909285750605288e-05
178.99743479600002	0.018404473967970347	-5.907764312017673e-05
180.206876923	0.01860477985994092	-5.9057432552575735e-05
181.41631905	0.01880323473701904	-5.903304917430569e-05
182.62576117700002	0.01899973023200374	-5.900523347747129e-05
183.835203304	0.019194166357548087	-5.897462365343168e-05
185.04464543100002	0.01938645137436372	-5.8941741126191955e-05
186.254087558	0.01957650167211909	-5.89069809190366e-05
187.46352968500003	0.01976424167556487	-5.8870605848797275e-05
188.67297181200001	0.019949603774376694	-5.883274435065965e-05
189.882413939	0.02013252825749795	-5.879339385649789e-05
191.09185606600002	0.020312963223062166	-5.8752432744511255e-05
192.301298193	0.02049086444149106	-5.870964200432784e-05
193.51074032000002	0.02066619516742146	-5.86647341398786e-05
194.720182447	0.020838925911897274	-5.861738444420993e-05
195.929624574	0.02100903419051495	-5.856725964610869e-05
197.13906670100002	0.021176504258169887	-5.85140394085879e-05
198.348508828	0.021341326835772514	-5.845742579459927e-05
199.55795095500002	0.021503498837069413	-5.8397136367389565e-05
200.767393082	0.0216630231150096	-5.833288224268204e-05
201.976835209	0.021819908251321688	-5.826434260885506e-05
203.18627733600002	0.021974168385143048	-5.819115149750115e-05
204.395719463	0.02212582303109866	-5.8112903899470384e-05
205.60516159000002	0.022274896841199043	-5.802917630041418e-05
206.814603717	0.022421419323169628	-5.793955067954354e-05
208.02404584400003	0.0225654245582992	-5.78436321837161e-05
209.23348797100002	0.02270695094152735	-5.774105760563862e-05
210.442930098	0.02284604094160815	-5.763149768054244e-05
211.65237222500002	0.022982740872245905	-5.751465715958873e-05
212.861814352	0.023117100667829613	-5.739027487761941e-05
214.07125647900003	0.023249173660859154	-5.725812437481397e-05
215.28069860600002	0.023379016360102825	-5.711801483654138e-05
216.490140733	0.023506688229320234	-5.696979195634255e-05
217.69958286000002	0.02363225146663838	-5.681333846063556e-05
218.909024987	0.023755770784746753	-5.664857420490483e-05
220.11846711400003	0.02387731319210865	-5.647545587300325e-05
221.32790924100001	0.02399694777542835	-5.629397634365199e-05
222.537351368	0.02411474548367426	-5.610416378153647e-05
223.74679349500002	0.024230778914022047	-5.590608047936199e-05
224.956235622	0.024345122100146294	-5.5699821462623384e-05
226.16567774900003	0.024457850303318138	-5.5485512871773345e-05
227.375119876	0.024569039806791808	-5.5263310144768214e-05
228.584562003	0.02467876771394633	-5.503339602867113e-05
229.79400413000002	0.024787111750630166	-5.479597845835368e-05
231.003446257	0.02489415007211939	-5.455128833496909e-05
232.21288838400002	0.024999961075039462	-5.429957723287375e-05
233.422330511	0.025104623214564255	-5.404111506777552e-05
234.63177263800003	0.025208214827139724	-5.377618775989938e-05
235.84121476500002	0.025310813958940186	-5.3505094928948515e-05
237.050656892	0.02541249820022011	-5.32281476569251e-05
238.26009901900002	0.025513344525694884	-5.2945666346989294e-05
239.469541146	0.02561342914106058	-5.265797867482283e-05
240.67898327300003	0.02571282733573431	-5.236541759707711e-05
241.88842540000002	0.025811613341876132	-5.206831932912928e-05
243.097867527	0.02590986019971645	-5.176702117326267e-05
244.30730965400002	0.026007639629176352	-5.146185907044026e-05
245.516751781	0.026105021907722792	-5.115316477955368e-05
246.72619390800003	0.026202075754372653	-5.0841262679777056e-05
247.93563603500002	0.026298868219749097	-5.052646632054767e-05
249.145078162	0.026395464582129456	-5.0209074968483956e-05
250.35452028900002	0.02649192824948991	-4.9889370494224285e-05
251.563962416	0.02658832066764572	-4.956761493990708e-05
252.77340454300003	0.026684701234670656	-4.924404901375957e-05
253.98284667000001	0.026781127221824245	-4.891889158677859e-05
255.192288797	0.026877653701204433	-4.859234010134777e-05
256.401730924	0.026974333480267423	-4.8264571667496446e-05
257.61117305100004	0.02707121704325969	-4.793574458119513e-05
258.820615178	0.027168352499483076	-4.760600002382291e-05
260.030057305	0.02726578553821341	-4.7275463780184664e-05
261.239499432	0.027363559390009305	-4.694424788644763e-05
262.448941559	0.027461714794090868	-4.661245219631958e-05
263.65838368600004	0.02756028997143685	-4.628016587272148e-05
264.867825813	0.027659320603236892	-4.5947468828963674e-05
266.07726794	0.02775883981436522	-4.5614433131539126e-05
267.286710067	0.027858878161594026	-4.5281124363250914e-05
268.49615219400005	0.02795946362636034	-4.494760294453809e-05
269.70559432100004	0.028060621612000354	-4.461392541444797e-05
270.915036448	0.028162374945481444	-4.428014570198244e-05
272.124478575	0.02826474388374049	-4.394631643656749e-05
273.333920702	0.02836774612478116	-4.361249036654701e-05
274.54336282900005	0.02847139682368136	-4.3278721952204075e-05
275.75280495600003	0.02857570861362364	-4.294506916284685e-05
276.962247083	0.028680691632004884	-4.2611595456362294e-05
278.17168921	0.02878635355158913	-4.22783718631429e-05
279.381131337	0.028892699616623576	-4.1945479054290424e-05
280.59057346400004	0.02899973268374554	-4.1613009259329654e-05
281.80001559100003	0.02910745326748811	-4.128106791375253e-05
283.009457718	0.029215859590161868	-4.0949774963273435e-05
284.218899845	0.02932494763590906	-4.061926577431183e-05
285.428341972	0.02943471120874021	-4.028969166204686e-05
286.63778409900004	0.029545141994387753	-3.996122006206344e-05
287.84722622600003	0.029656229625810614	-3.963403439667971e-05
289.056668353	0.02976796175219521	-3.930833369957063e-05
290.26611048	0.029880324111282133	-3.898433204215868e-05
291.475552607	0.02999330060483572	-3.8662257806240836e-05
292.68499473400004	0.0301068733770752	-3.834235282430343e-05
293.89443686100003	0.030221022895874316	-3.8024871395800786e-05
295.103878988	0.0303357280365457	-3.7710079182908755e-05
296.313321115	0.030450966168013852	-3.739825198252047e-05
297.522763242	0.030566713241189373	-3.708967437143079e-05
298.73220536900004	0.030682943879345337	-3.678463822603386e-05
299.94164749600003	0.030799631470295623	-3.648344111775422e-05
301.151089623	0.030916748260168096	-3.6186384589889566e-05
302.36053175	0.031034265448556746	-3.589377232641631e-05
303.569973877	0.03115215328482914	-3.560590822889419e-05
304.77941600400004	0.031270381165356013	-3.5323094410071205e-05
305.98885813100003	0.03138891773143674	-3.5045629131960545e-05
307.198300258	0.0315077309676618	-3.4773804699703235e-05
308.407742385	0.03162678830047741	-3.4507905337868936e-05
309.617184512	0.03174605669669593	-3.4248205073955824e-05
310.82662663900004	0.0318655027616976	-3.3994965646165325e-05
312.036068766	0.031985092837068844	-3.3748434463225056e-05
313.245510893	0.03210479309742478	-3.3508842638533404e-05
314.45495302	0.03222456964616157	-3.327640311787507e-05
315.664395147	0.03234438860988685	-3.305130892601333e-05
316.87383727400004	0.0324642162312849	-3.2833731546365926e-05
318.083279401	0.032584018960171275	-3.262381945713915e-05
319.292721528	0.0327037635425071	-3.2421696826999673e-05
320.502163655	0.032823417107135315	-3.222746239199461e-05
321.71160578200005	0.03294294725002591	-3.204118851115505e-05
322.92104790900004	0.03306232211580754	-3.186292041398864e-05
324.130490036	0.03318151047638575	-3.1692675634267115e-05
325.339932163	0.033300481806445105	-3.153044363592627e-05
326.54937429	0.03341920635565038	-3.137618562256339e-05
327.75881641700005	0.033537655217374215	-3.12298345351205e-05
328.96825854400004	0.03365580039377761	-3.109129522023543e-05
330.177700671	0.033773614857096276	-3.096044477350797e-05
331.387142798	0.033891072606991	-3.0837133041082196e-05
332.596584925	0.03400814872383804	-3.072118327815919e-05
333.80602705200005	0.03412481941784101	-3.061239295060886e-05
335.01546917900004	0.03424106207388146	-3.0510534676542276e-05
336.224911306	0.03435685529201404	-3.041535728915898e-05
337.434353433	0.034472178923553934	-3.032658702629672e-05
338.64379556	0.034587014102706565	-3.0243928821709325e-05
339.85323768700005	0.03470134327371265	-3.0167067697765577e-05
341.06267981400003	0.03481515021349808	-3.009567024835026e-05
342.272121941	0.034928420049835644	-3.0029386199183737e-05
343.481564068	0.03504113927504237	-2.9967850038561342e-05
344.691006195	0.03515329575525597	-2.991068270500382e-05
345.90044832200005	0.035264878735348004	-2.985749332419345e-05
347.10989044900003	0.03537587883954192	-2.9807880980045175e-05
348.319332576	0.03548628806783135	-2.976143651181812e-05
349.528774703	0.03559609978829594	-2.971774433102245e-05
350.73821683	0.03570530872542645	-2.9676384236624904e-05
351.94765895700004	0.03581391094458818	-2.9636933230903998e-05
353.15710108400003	0.03592190383275909	-2.9598967313248636e-05
354.366543211	0.03602928607568495	-2.9562063254563817e-05
355.575985338	0.036136057631609195	-2.9525800333928334e-05
356.785427465	0.036242219701735794	-2.9489762031024817e-05
357.99486959200004	0.0363477746976009	-2.9453537672375404e-05
359.20431171900003	0.036452726205519224	-2.9416724013785547e-05
360.413753846	0.03655707894829633	-2.9378926756214348e-05
361.623195973	0.03666083874438157	-2.933976199460649e-05
362.8326381	0.036764012464658304	-2.9298857581835057e-05
364.04208022700004	0.036866607987059	-2.9255854414191908e-05
365.25152235400003	0.03696863414920226	-2.9210407626494624e-05
366.460964481	0.03707010069924363	-2.9162187696497345e-05
367.670406608	0.03717101824514086	-2.9110881453687978e-05
368.87984873500005	0.037271398202526694	-2.905619299223023e-05
370.08929086200004	0.03737125274138909	-2.8997844483202775e-05
371.29873298900003	0.03747059473174745	-2.8935576888390255e-05
372.508175116	0.037569437688529966	-2.8869150573490685e-05
373.717617243	0.03766779571582499	-2.8798345819310706e-05
374.92705937000005	0.037765683450713426	-2.872296323666937e-05
376.13650149700004	0.03786311600684994	-2.8642824081349764e-05
377.34594362400003	0.037960108917987116	-2.8557770470343143e-05
378.555385751	0.03805667808160498	-2.846766551018289e-05
379.764827878	0.03815283970283007	-2.837239332965794e-05
380.97427000500005	0.038248610238797484	-2.8271859025376725e-05
382.18371213200004	0.038344006343624226	-2.816598852229714e-05
383.393154259	0.038439044814143036	-2.8054728355683938e-05
384.602596386	0.03853374253654427	-2.7938045373310065e-05
385.812038513	0.03862811643406832	-2.7815926364512487e-05
387.02148064000005	0.0387221834158817	-2.7688377626513064e-05
388.23092276700004	0.038815960327257745	-2.7555424457994214e-05
389.440364894	0.03890946390119224	-2.74171106016915e-05
390.649807021	0.039002710711552535	-2.7273497631154133e-05
391.859249148	0.03909571712787324	-2.7124664285324562e-05
393.06869127500005	0.03918849927189347	-2.697070576355813e-05
394.27813340200004	0.039281072975918215	-2.6811732980742357e-05
395.487575529	0.03937345374309173	-2.66478717887513e-05
396.697017656	0.03946565670965379	-2.647926216913822e-05
397.906459783	0.03955769660924065	-2.630605740459955e-05
399.11590191000005	0.03964958773929092	-2.6128423228791685e-05
400.32534403700004	0.03974134392960743	-2.5946536965681336e-05
401.534786164	0.03983297851311455	-2.5760586657142676e-05
402.744228291	0.03992450429884388	-2.5570770186954944e-05
403.953670418	0.040015933547177876	-2.5377294403197172e-05
405.16311254500005	0.040107277947371824	-2.518037424158485e-05
406.37255467200004	0.04019854859736105	-2.498023185855359e-05
407.581996799	0.04028975598586089	-2.477709576878019e-05
408.791438926	0.04038090997676275	-2.4571199999445098e-05
410.000881053	0.04047201979580436	-2.4362783255829114e-05
411.21032318000005	0.04056309401951203	-2.415208810344592e-05
412.41976530700003	0.04065414056638184	-2.3939360172087632e-05
413.629207434	0.04074516669028029	-2.3724847375855822e-05
414.838649561	0.04083617897602078	-2.3508799158345178e-05
416.04809168800006	0.04092718333708535	-2.3291465759113072e-05
417.25753381500004	0.04101818501543511	-2.3073097503443444e-05
418.46697594200003	0.04110918858336785	-2.2853944119349736e-05
419.676418069	0.041200197947357645	-2.263425407508183e-05
420.885860196	0.04129121635382506	-2.2414273945606765e-05
422.09530232300006	0.041382246396764424	-2.219424780392984e-05
423.30474445000004	0.04147329002716115	-2.1974416635982784e-05
424.51418657700003	0.04156434856412707	-2.1755017785567328e-05
425.723628704	0.04165542270767879	-2.1536284418797493e-05
426.933070831	0.0417465125530709	-2.1318445019271638e-05
428.14251295800005	0.04183761760661284	-2.1101722903941935e-05
429.35195508500004	0.041928736802872	-2.088633576790514e-05
430.56139721200003	0.0420198685231876	-2.0672495251751726e-05
431.770839339	0.04211101061539588	-2.046040653160084e-05
432.980281466	0.04220216041468229	-2.025026793754615e-05
434.18972359300005	0.042293314765464954	-2.0042270591043125e-05
435.39916572000004	0.04238447004422007	-1.9836598069518895e-05
436.60860784700003	0.042475622183150964	-1.9633426094852347e-05
437.818049974	0.04256676669461358	-1.9432922242335667e-05
439.027492101	0.04265789869620011	-1.9235245674361322e-05
440.23693422800005	0.04274901293638886	-1.9040546899691015e-05
441.44637635500004	0.042840103820668586	-1.8848967552444543e-05
442.65581848200003	0.04293116543804605	-1.8660640195673588e-05
443.865260609	0.04302219158784195	-1.8475688150670563e-05
445.074702736	0.04311317580669919	-1.829422534582563e-05
446.28414486300005	0.04320411139569687	-1.8116356191439937e-05
447.49358699000004	0.04329499144750448	-1.7942175479913978e-05
448.703029117	0.04338580887347793	-1.777176830534445e-05
449.912471244	0.043476556430626895	-1.7605210010355424e-05
451.121913371	0.04356722674837085	-1.74425661559033e-05
452.33135549800005	0.04365781235500522	-1.7283892515165388e-05
453.54079762500004	0.043748305703815105	-1.7129235090398813e-05
454.750239752	0.043838699198753966	-1.697863015704586e-05
455.959681879	0.04392898521963428	-1.683210432689786e-05
457.169124006	0.04401915614675319	-1.6689674639252736e-05
458.37856613300005	0.04410920438490385	-1.655134867453896e-05
459.58800826000004	0.0441991223867123	-1.641712468754145e-05
460.797450387	0.04428890267524583	-1.6286991771935315e-05
462.006892514	0.04437853786584654	-1.616093003811497e-05
463.216334641	0.04446802068713835	-1.603891081723447e-05
464.42577676800005	0.044557344001174816	-1.592089688902225e-05
465.63521889500004	0.04464650082267824	-1.580684272540914e-05
466.844661022	0.044735484337346546	-1.569669475776428e-05
468.054103149	0.04482428791918961	-1.5590391661326423e-05
469.26354527600006	0.04491290514686723	-1.5487864659735097e-05
470.47298740300005	0.04500132981901093	-1.5389037844423976e-05
471.68242953000004	0.045089555968505994	-1.529382851221629e-05
472.891871657	0.0451775778757154	-1.520214751727202e-05
474.101313784	0.04526539008063751	-1.5113899636199062e-05
475.31075591100006	0.04535298739398447	-1.5028983947333163e-05
476.52019803800005	0.045440364907177025	-1.4947294219569678e-05
477.72964016500003	0.04552751800125374	-1.4868719312268082e-05
478.939082292	0.04561444235469299	-1.4793143584157075e-05
480.148524419	0.045701133950153024	-1.4720447307770002e-05
481.35796654600006	0.04578758908014045	-1.4650507091515646e-05
482.56740867300005	0.045873804351608725	-1.4583196305780963e-05
483.77685080000003	0.045959776689508985	-1.4518385509823973e-05
484.986292927	0.04604550333930206	-1.4455942883343908e-05
486.195735054	0.046130981868452395	-1.4395734654984362e-05
487.40517718100006	0.04621621016692645	-1.4337625532880819e-05
488.61461930800004	0.04630118644671462	-1.4281479129103682e-05
489.82406143500003	0.04638590924040427	-1.4227158381294961e-05
491.033503562	0.04647037739883582	-1.4174525970489862e-05
492.242945689	0.046554590087859796	-1.4123444727223797e-05
493.45238781600005	0.04663854678424222	-1.4073778036334441e-05
494.66182994300004	0.046722247270737476	-1.4025390227013872e-05
495.87127207000003	0.046805691630368525	-1.39781469546108e-05
497.080714197	0.04688888023995851	-1.3931915571507077e-05
498.290156324	0.046971813762935716	-1.3886565484357103e-05
499.49959845100005	0.047054493141464614	-1.3841968498057473e-05
500.70904057800004	0.04713691958793461	-1.3797999144943719e-05
501.91848270500003	0.0472190945758522	-1.3754535000045504e-05
503.127924832	0.047301019830174214	-1.3711456979161128e-05
504.337366959	0.0473826973171253	-1.3668649620816441e-05
505.54680908600005	0.047464129233545586	-1.362600135047104e-05
506.75625121300004	0.04754531799580403	-1.3583404728227232e-05
507.96569334000003	0.047626266228327885	-1.3540756675256126e-05
509.175135467	0.04770697675178959	-1.3497958686478195e-05
510.384577594	0.04778745257099241	-1.3454917016585046e-05
511.59401972100005	0.04786769686249369	-1.3411542858061086e-05
512.803461848	0.047947712962022326	-1.3367752486919803e-05
514.0129039750001	0.048027504351717515	-1.3323467400823321e-05
515.2223461020001	0.04810707464723823	-1.327861442835046e-05
516.4317882290001	0.04818642758478442	-1.3233125825219249e-05
517.641230356	0.04826556700806868	-1.3186939347840498e-05
518.850672483	0.04834449685527536	-1.3139998308600836e-05
520.06011461	0.04842322114605439	-1.309225161407997e-05
521.269556737	0.048501743968578	-1.3043653781254954e-05
522.478998864	0.04858006946670229	-1.2994164937104235e-05
523.688440991	0.048658201827265546	-1.2943750801945424e-05
524.897883118	0.048736145267561246	-1.2892382653904464e-05
526.1073252450001	0.048813904023017024	-1.2840037276405127e-05
527.3167673720001	0.04889148233511056	-1.278669689110828e-05
528.5262094990001	0.048968884439548936	-1.2732349072720056e-05
529.735651626	0.04904611455474752	-1.2676986650361332e-05
530.945093753	0.04912317687063102	-1.262060759682146e-05
532.15453588	0.049200075537778235	-1.25632148984874e-05
533.363978007	0.049276814656941406	-1.2504816418780658e-05
534.573420134	0.04935339826895904	-1.2445424747028599e-05
535.782862261	0.04942983034508008	-1.2385057033331573e-05
536.9923043880001	0.04950611477772115	-1.2323734819006055e-05
538.2017465150001	0.049582255371675266	-1.2261483851795825e-05
539.4111886420001	0.04965825583578184	-1.2198333896333265e-05
540.6206307690001	0.0497341197750742	-1.2134318534045294e-05
541.830072896	0.04980985068342314	-1.2069474956594856e-05
543.039515023	0.049885451936669024	-1.2003843755408004e-05
544.24895715	0.04996092678627524	-1.1937468703975863e-05
545.458399277	0.050036278353483024	-1.18703965345079e-05
546.667841404	0.05011150962399857	-1.1802676714416701e-05
547.877283531	0.05018662344319195	-1.1734361215245872e-05
549.0867256580001	0.05026162251182842	-1.1665504285507345e-05
550.2961677850001	0.050336509382323306	-1.1596162218485175e-05
551.5056099120001	0.050411286455516936	-1.1526393117840131e-05
552.715052039	0.05048595597797286	-1.1456256670713295e-05
553.924494166	0.05056052003979276	-1.1385813913960142e-05
555.133936293	0.05063498057294202	-1.1315127007585895e-05
556.34337842	0.05070933935007682	-1.1244259007344532e-05
557.552820547	0.050783597983865246	-1.1173273644787991e-05
558.762262674	0.05085775792680051	-1.1102235106651408e-05
559.971704801	0.050931820471476125	-1.1031207820344589e-05
561.1811469280001	0.05100578675133787	-1.0960256245377093e-05
562.3905890550001	0.05107965774187609	-1.08894446696952e-05
563.6000311820001	0.051153434262251225	-1.0818837011432065e-05
564.809473309	0.05122711697734797	-1.0748496628918205e-05
566.018915436	0.0513007064002267	-1.0678486134071442e-05
567.228357563	0.051374202894963444	-1.0608867216671796e-05
568.43779969	0.05144760667986453	-1.0539700475852183e-05
569.647241817	0.05152091783102432	-1.0471045256771382e-05
570.856683944	0.0515941362862265	-1.0402959499822978e-05
572.066126071	0.0516672618491493	-1.0335499593188855e-05
573.2755681980001	0.05174029419387092	-1.02687202402777e-05
574.4850103250001	0.051813232869648715	-1.0202674328816264e-05
575.6944524520001	0.05188607730594704	-1.0137412815471817e-05
576.903894579	0.05195882681770225	-1.0072984616336673e-05
578.113336706	0.05203148061079819	-1.0009436506093266e-05
579.322778833	0.05210403778773081	-9.946813028272354e-06
580.53222096	0.05217649735344481	-9.885156414002035e-06
581.741663087	0.05224885822131557	-9.824506509703611e-06
582.951105214	0.052321119219261296	-9.764900711914338e-06
584.160547341	0.05239327909595882	-9.706373917176036e-06
585.3699894680001	0.052465336527146966	-9.648958472764169e-06
586.5794315950001	0.052537290121994554	-9.592684142422725e-06
587.7888737220001	0.05260913842950931	-9.537578078958183e-06
588.998315849	0.052680879944978366	-9.483664803716001e-06
590.207757976	0.05275251311640846	-9.43096619649992e-06
591.417200103	0.05282403635095474	-9.379501490415281e-06
592.62664223	0.052895448021315954	-9.329287279254833e-06
593.836084357	0.05296674647208161	-9.280337527598718e-06
595.045526484	0.0530379300260051	-9.232663592617782e-06
596.2549686110001	0.05310899699020146	-9.186274247397581e-06
597.4644107380001	0.05317994566223649	-9.141175715425554e-06
598.6738528650001	0.05325077433610059	-9.09737171169529e-06
599.8832949920001	0.05332148130805469	-9.054863484651713e-06
601.092737119	0.053392064882325764	-9.01364987071062e-06
602.302179246	0.05346252337664614	-8.973727348268864e-06
603.511621373	0.0535328551276229	-8.935090100789305e-06
604.7210635	0.05360305849591927	-8.897730081773797e-06
605.930505627	0.05367313187124818	-8.861637087369603e-06
607.139947754	0.05374307367715397	-8.82679882837213e-06
608.3493898810001	0.0538128823755881	-8.793201010097017e-06
609.5588320080001	0.05388255647125748	-8.760827416871798e-06
610.7682741350001	0.05395209451574543	-8.72965999075743e-06
611.9777162620001	0.05402149511139595	-8.699678923846862e-06
613.187158389	0.054090756914956975	-8.670862747417896e-06
614.396600516	0.054159878640973276	-8.643188421862116e-06
615.606042643	0.05422885906493246	-8.616631433492434e-06
616.81548477	0.05429769702615263	-8.591165886244262e-06
618.024926897	0.05436639143041548	-8.56676460186034e-06
619.234369024	0.054434941252339206	-8.543399214366604e-06
620.4438111510001	0.05450334553749219	-8.52104026857173e-06
621.6532532780001	0.054571603404244905	-8.499657319734587e-06
622.8626954050001	0.05463971404536919	-8.479219031868853e-06
624.072137532	0.054707676729370096	-8.459693274921352e-06
625.281579659	0.05477549080157245	-8.441047222899293e-06
626.491021786	0.05484315568494839	-8.423247453143504e-06
627.700463913	0.05491067088069539	-8.406260040629736e-06
628.90990604	0.054978035968574916	-8.390050655586543e-06
630.119348167	0.055045250607007365	-8.374584657139554e-06
631.328790294	0.05511231453293004	-8.359827186024639e-06
632.5382324210001	0.05517922756143326	-8.345743258151737e-06
633.7476745480001	0.05524598958516627	-8.332297852285155e-06
634.9571166750001	0.0553126005735347	-8.319455999030757e-06
636.166558802	0.055379060571687275	-8.307182866950898e-06
637.376000929	0.055445369699301396	-8.295443844726774e-06
638.585443056	0.05551152814917983	-8.28420462565811e-06
639.794885183	0.05557753618566445	-8.273431282933242e-06
641.00432731	0.05564339414287309	-8.26309034713331e-06
642.213769437	0.055709102422775256	-8.253148879562707e-06
643.4232115640001	0.05577466149311159	-8.24357454271181e-06
644.6326536910001	0.055840071885165675	-8.234335666095155e-06
645.8420958180001	0.05590533419140595	-8.225401311303358e-06
647.0515379450001	0.05597044906299701	-8.216741332436862e-06
648.260980072	0.056035417207200386	-8.208326431696994e-06
649.470422199	0.05610023938466617	-8.20012821331755e-06
650.679864326	0.05616491640663623	-8.192119233379753e-06
651.889306453	0.05622944913205906	-8.18427304606086e-06
653.09874858	0.05629383846463454	-8.176564243137386e-06
654.308190707	0.056358085349793544	-8.16896849443582e-06
655.5176328340001	0.05642219077162931	-8.16146257885729e-06
656.7270749610001	0.056486155749781795	-8.154024415423585e-06
657.9365170880001	0.05654998133629531	-8.146633088281126e-06
659.1459592150001	0.056613668612450194	-8.139268865923121e-06
660.355401342	0.056677218685585916	-8.131913220173941e-06
661.564843469	0.056740632685917704	-8.12454883786912e-06
662.774285596	0.056803911763367326	-8.117159627210949e-06
663.983727723	0.0568670570844053	-8.109730724270765e-06
665.19316985	0.05693006982891644	-8.102248488536887e-06
666.402611977	0.0569929511871091	-8.094700503097634e-06
667.6120541040001	0.05705570235645378	-8.08707556247104e-06
668.8214962310001	0.057118324538686954	-8.079363659968704e-06
670.0309383580001	0.05718081893685956	-8.071555972419047e-06
671.2403804850001	0.05724318675245672	-8.063644837751874e-06
672.449822612	0.057305429182596894	-8.055623733134779e-06
673.659264739	0.05736754741729728	-8.047487246571933e-06
674.868706866	0.05742954263683514	-8.039231042560025e-06
676.078148993	0.057491416009193004	-8.030851832638406e-06
677.28759112	0.05755316868760799	-8.02234733459869e-06
678.497033247	0.057614801808215814	-8.013716232799597e-06
679.7064753740001	0.05767631648780511	-8.004958138033472e-06
680.9159175010001	0.057737713821677195	-7.996073538880846e-06
682.1253596280001	0.05779899488162788	-7.987063756301226e-06
683.3348017550001	0.05786016071403867	-7.977930894394495e-06
684.544243882	0.05792121233809025	-7.968677788576257e-06
685.753686009	0.05798215074410012	-7.959307954149468e-06
686.963128136	0.05804297689198237	-7.949825531412369e-06
688.172570263	0.05810369170983322	-7.94023523328208e-06
689.38201239	0.058164296092644716	-7.930542286729695e-06
690.5914545170001	0.058224790901144005	-7.920752377755602e-06
691.8008966440001	0.058285176960761576	-7.910871596297276e-06
693.0103387710001	0.05834545506072711	-7.900906379050185e-06
694.2197808980001	0.058405625953289124	-7.890863452299874e-06
695.429223025	0.058465690353069574	-7.880749777093208e-06
696.638665152	0.05852564893652982	-7.870572492071535e-06
697.848107279	0.05858550234157334	-7.860338861820707e-06
699.057549406	0.05864525116725929	-7.850056217557737e-06
700.266991533	0.05870489597364145	-7.839731910040215e-06
701.47643366	0.05876443728172232	-7.829373255415287e-06
702.6858757870001	0.05882387557351935	-7.818987482421068e-06
703.8953179140001	0.05888321129224347	-7.808581689104969e-06
705.1047600410001	0.05894244484258428	-7.798162792013535e-06
706.3142021680001	0.05900157659109897	-7.787737481768997e-06
707.523644295	0.05906060686670263	-7.77731218093127e-06
708.733086422	0.05911953596125018	-7.766893001684894e-06
709.942528549	0.05917836413021783	-7.756485707278852e-06
711.151970676	0.05923709159346571	-7.746095674462808e-06
712.361412803	0.05929571853608583	-7.735727861066374e-06
713.57085493	0.059354245109329136	-7.725386773350853e-06
714.7802970570001	0.059412671431607236	-7.71507643540552e-06
715.9897391840001	0.05947099758956388	-7.704800363260401e-06
717.1991813110001	0.059529223639211384	-7.694561539275404e-06
718.4086234380001	0.05958734960712203	-7.684362393597e-06
719.618065565	0.059645375491680974	-7.67420478196639e-06
720.827507692	0.05970330126438918	-7.664089971026072e-06
722.036949819	0.059761126871204565	-7.654018624685946e-06
723.246391946	0.059818852233930506	-7.643990794739758e-06
724.455834073	0.05987647725163946	-7.63400591062075e-06
725.6652762	0.05993400180212115	-7.624062776515777e-06
726.8747183270001	0.05999142574336359	-7.614159568574146e-06
728.0841604540001	0.06004874891504907	-7.604293835027792e-06
729.2936025810001	0.060105971140073496	-7.594462500918079e-06
730.5030447080001	0.060163092226066806	-7.584661871419258e-06
731.712486835	0.06022011196693054	-7.574887644805199e-06
732.921928962	0.06027703014437311	-7.565134919652774e-06
734.131371089	0.06033384652944025	-7.555398211650955e-06
735.340813216	0.06039056088404447	-7.545671469985269e-06
736.550255343	0.06044717296248229	-7.535948095669764e-06
737.7596974700001	0.060503682512933574	-7.526220963749734e-06
738.9691395970001	0.060560089278945975	-7.516482446111598e-06
740.1785817240001	0.060616393000893595	-7.506724437163773e-06
741.3880238510001	0.060672593417413566	-7.496938384993744e-06
742.5974659780001	0.060728690266808494	-7.4871153192321955e-06
743.806908105	0.06078468328841903	-7.477245880824825e-06
745.016350232	0.06084057222395722	-7.467320359983158e-06
746.225792359	0.0608963568188038	-7.457328729858513e-06
747.435234486	0.060952036823260745	-7.4472606802052305e-06
748.644676613	0.06100761199375907	-7.437105661250125e-06
749.8541187400001	0.06106308209402097	-7.426852916714299e-06
751.0635608670001	0.06111844689616961	-7.416491526847623e-06
752.2730029940001	0.061173706181789717	-7.4060104504432484e-06
753.4824451210001	0.061228859742932094	-7.39539856478154e-06
754.6918872480001	0.06128390738306495	-7.38464470496847e-06
755.901329375	0.06133884891796275	-7.373737710029374e-06
757.110771502	0.06139368417654704	-7.362666463375754e-06
758.320213629	0.06144841300165685	-7.351419934996639e-06
759.529655756	0.061503035250764906	-7.339987222466189e-06
760.739097883	0.06155755079663025	-7.328357591418846e-06
761.9485400100001	0.061611959527889386	-7.3165205197658895e-06
763.1579821370001	0.06166626134958692	-7.3044657331625086e-06
764.3674242640001	0.06172045618364042	-7.292183246350308e-06
765.5768663910001	0.06177454396924853	-7.279663398754258e-06
766.786308518	0.061828524663232506	-7.266896892644051e-06
767.995750645	0.06188239824031516	-7.2538748264872736e-06
769.205192772	0.06193616469334442	-7.2405887284153675e-06
770.414634899	0.061989824033452455	-7.22703058812718e-06
771.624077026	0.06204337629015507	-7.2131928850550116e-06
772.833519153	0.06209682151139661	-7.199068616707094e-06
774.0429612800001	0.06215015976353055	-7.184651323426011e-06
775.2524034070001	0.06220339113125457	-7.1699351131691e-06
776.4618455340001	0.06225651571748205	-7.154914679490128e-06
777.6712876610001	0.06230953364316684	-7.139585322865494e-06
778.880729788	0.06236244504707581	-7.123942965107683e-06
780.090171915	0.0624152500855101	-7.107984163300983e-06
781.299614042	0.062467948931984124	-7.091706122405424e-06
782.509056169	0.0625205417768541	-7.075106700414206e-06
783.718498296	0.06257302882691021	-7.058184419322626e-06
784.9279404230001	0.06262541030492275	-7.0409384646529264e-06
786.1373825500001	0.06267768644915349	-7.023368689485453e-06
787.3468246770001	0.06272985751283149	-7.005475611961061e-06
788.5562668040001	0.0627819237635942	-6.98726041209989e-06
789.7657089310001	0.06283388548289834	-6.9687249258468e-06
790.975151058	0.06288574296540161	-6.949871636522661e-06
792.184593185	0.06293749651832213	-6.930703664788211e-06
793.394035312	0.06298914646077132	-6.911224755972421e-06
794.603477439	0.06304069312306496	-6.891439266518666e-06
795.812919566	0.06309213684602308	-6.871352145829758e-06
797.0223616930001	0.06314347798024607	-6.8509689195438855e-06
798.2318038200001	0.06319471688538439	-6.830295668374618e-06
799.4412459470001	0.06324585392939543	-6.8093390088824984e-06
800.6506880740001	0.06329688948779046	-6.788106066808877e-06
801.8601302010001	0.06334782394288078	-6.766604457746344e-06
803.069572328	0.06339865768301461	-6.744842257026969e-06
804.279014455	0.06344939110182007	-6.7228279778942216e-06
805.488456582	0.06350002459744648	-6.700570539430262e-06
806.697898709	0.06355055857180725	-6.678079244053898e-06
807.907340836	0.06360099342983556	-6.65536374138846e-06
809.1167829630001	0.06365132957873866	-6.632434008465194e-06
810.3262250900001	0.06370156742727227	-6.609300310923187e-06
811.5356672170001	0.06375170738502144	-6.585973180970629e-06
812.7451093440001	0.06380174986169279	-6.562463382780168e-06
813.9545514710001	0.06385169526642924	-6.5387818851150815e-06
815.163993598	0.06390154400713964	-6.5149398287966e-06
816.373435725	0.06395129648984255	-6.490948502972454e-06
817.582877852	0.0640009531180375	-6.466819309147167e-06
818.792319979	0.06405051429209413	-6.44256373842926e-06
820.001762106	0.06409998040866649	-6.418193341099321e-06
821.2112042330001	0.06414935186012508	-6.3937196995320035e-06
822.4206463600001	0.06419862903402763	-6.369154400994261e-06
823.6300884870001	0.0642478123126004	-6.344509014783372e-06
824.8395306140001	0.06429690207225908	-6.3197950637156205e-06
826.0489727410001	0.0643458986831487	-6.2950240056573454e-06
827.258414868	0.06439480250872033	-6.27020720643897e-06
828.467856995	0.0644436139053304	-6.24535591875285e-06
829.677299122	0.06449233322187167	-6.220481263485584e-06
830.886741249	0.06454096079943608	-6.195594210193817e-06
832.0961833760001	0.06458949697100516	-6.17070555772477e-06
833.3056255030001	0.06463794206117263	-6.145825919826064e-06
834.5150676300001	0.06468629638589873	-6.1209657081874374e-06
835.7245097570001	0.06473456025228967	-6.096135116101823e-06
836.9339518840001	0.06478273395841452	-6.071344110577018e-06
838.143394011	0.06483081779314526	-6.046602416960394e-06
839.352836138	0.06487881203603546	-6.021919508809089e-06
840.562278265	0.0649267169572203	-5.9973046013799165e-06
841.771720392	0.06497453281735191	-5.972766640807291e-06
842.981162519	0.06502225986755458	-5.948314299993019e-06
844.1906046460001	0.06506989834942194	-5.923955972015e-06
845.4000467730001	0.06511744849502801	-5.8996997654740466e-06
846.6094889000001	0.06516491052697372	-5.875553505266381e-06
847.8189310270001	0.06521228465845583	-5.85152472578948e-06
849.0283731540001	0.0652595710933601	-5.827620674993413e-06
850.237815281	0.06530677002638403	-5.803848313026133e-06
851.447257408	0.06535388164317378	-5.780214312805718e-06
852.656699535	0.06540090612049597	-5.756725065143549e-06
853.866141662	0.06544784362641796	-5.733386681283843e-06
855.075583789	0.06549469432051909	-5.710204997798601e-06
856.2850259160001	0.0655414583541093	-5.687185583259794e-06
857.4944680430001	0.06558813587048277	-5.6643337427683986e-06
858.7039101700001	0.06563472700517212	-5.641654525293579e-06
859.9133522970001	0.06568123188622703	-5.619152736871112e-06
861.1227944240001	0.06572765063450851	-5.596832943007284e-06
862.332236551	0.06577398336398743	-5.574699482685259e-06
863.541678678	0.06582023018206895	-5.55275647758926e-06
864.751120805	0.06586639118991627	-5.531007842418147e-06
865.960562932	0.06591246648279124	-5.509457298069967e-06
867.170005059	0.06595845615039966	-5.48810838183378e-06
868.3794471860001	0.06600436027724715	-5.466964463122733e-06
869.5888893130001	0.06605017894299844	-5.446028753912108e-06
870.7983314400001	0.06609591222284364	-5.425304324435209e-06
872.0077735670001	0.06614156018786686	-5.4047941158217976e-06
873.2172156940001	0.06618712290541867	-5.384500954850073e-06
874.426657821	0.06623260043949289	-5.364427568812819e-06
875.636099948	0.06627799285109552	-5.344576601227168e-06
876.845542075	0.06632330019862409	-5.324950626502665e-06
878.054984202	0.06636852253823512	-5.305552163287794e-06
879.2644263290001	0.06641365992421744	-5.28638369549255e-06
880.4738684560001	0.06645871240935405	-5.267447680119635e-06
881.6833105830001	0.06650368004528688	-5.248746568314779e-06
882.8927527100001	0.0665485628828696	-5.2302828220886135e-06
884.1021948370001	0.06659336097251749	-5.212058922468132e-06
885.3116369640001	0.06663807436455185	-5.194077392858538e-06
886.521079091	0.06668270310952994	-5.1763408108829526e-06
887.730521218	0.0667272472585706	-5.158851821494316e-06
888.939963345	0.0667717068636733	-5.141613155385254e-06
890.149405472	0.06681608197801972	-5.124627639960418e-06
891.3588475990001	0.06686037265626871	-5.107898216222934e-06
892.5682897260001	0.06690457895484132	-5.091427950224014e-06
893.7777318530001	0.06694870093218823	-5.0752200449622874e-06
894.9871739800001	0.0669927386490536	-5.059277854353966e-06
896.1966161070001	0.0670366921687171	-5.043604894710207e-06
897.406058234	0.06708056155722653	-5.028204854789294e-06
898.615500361	0.0671243468836191	-5.0130816051632745e-06
899.824942488	0.06716804822012488	-4.998239207832777e-06
901.034384615	0.06721166564235995	-4.983681923501895e-06
902.243826742	0.06725519922949964	-4.9694142208406376e-06
903.4532688690001	0.06729864906444333	-4.955440775916697e-06
904.6627109960001	0.06734201523396242	-4.941766483225907e-06
905.8721531230001	0.06738529782883201	-4.928396456472433e-06
907.0815952500001	0.06742849694395016	-4.915336025819016e-06
908.2910373770001	0.0674716126784374	-4.902590744839969e-06
909.500479504	0.0675146451357313	-4.890166382869737e-06
910.709921631	0.06755759442365848	-4.878068924017796e-06
911.919363758	0.06760046065449196	-4.866304560919091e-06
913.128805885	0.06764324394499784	-4.8548796887861075e-06
914.338248012	0.06768594441647022	-4.8438008931888255e-06
915.5476901390001	0.06772856219474352	-4.833074943412464e-06
916.7571322660001	0.0677710974102003	-4.822708771822512e-06
917.9665743930001	0.06781355019775884	-4.812709464667225e-06
919.1760165200001	0.06785592069685416	-4.803084238340968e-06
920.3854586470001	0.0678982090514	-4.793840421881074e-06
921.594900774	0.06794041540974673	-4.784985429565503e-06
922.804342901	0.06798253992462082	-4.776526737585362e-06
924.013785028	0.06802458275305243	-4.768471853542396e-06
925.223227155	0.06806654405630007	-4.76082828065774e-06
926.432669282	0.06810842399975474	-4.753603484904112e-06
927.6421114090001	0.06815022275284255	-4.746804856004027e-06
928.8515535360001	0.06819194048891099	-4.740439662835692e-06
930.0609956630001	0.06823357738511031	-4.734515009980353e-06
931.2704377900001	0.06827513362226315	-4.7290377855507045e-06
932.4798799170001	0.06831660938472633	-4.724014610670967e-06
933.689322044	0.06835800486024417	-4.719451781511541e-06
934.898764171	0.0683993202397903	-4.715355211748441e-06
936.108206298	0.0684405557174066	-4.711730369793415e-06
937.317648425	0.06848171149003196	-4.708582213776725e-06
938.5270905520001	0.06852278775731682	-4.705915125496462e-06
939.7365326790001	0.06856378472144387	-4.703732839822896e-06
940.9459748060001	0.06860470258692489	-4.702038375787232e-06
942.1554169330001	0.06864554156039912	-4.7008339675886236e-06
943.3648590600001	0.06868630185042901	-4.700120989587983e-06
944.5743011870001	0.06872698366727745	-4.699899890800918e-06
945.783743314	0.06876758722268668	-4.700170123156074e-06
946.993185441	0.06880811272965026	-4.70093007713928e-06
948.202627568	0.06884856040217564	-4.702177019837248e-06
949.412069695	0.06888893045504786	-4.703907034888386e-06
950.6215118220001	0.06892922310358399	-4.706114970158331e-06
951.8309539490001	0.0689694385633866	-4.708794388917897e-06
953.0403960760001	0.06900957705009328	-4.711937531101922e-06
954.2498382030001	0.06904963877912686	-4.715535280364492e-06
955.4592803300001	0.06908962396544456	-4.719577137874201e-06
956.6687224570001	0.06912953282328596	-4.724051205604648e-06
957.878164584	0.06916936556592314	-4.72894418480788e-06
959.087606711	0.06920912240541725	-4.734241374617287e-06
960.297048838	0.06924880355237228	-4.739926689387684e-06
961.506490965	0.06928840921570101	-4.745982681362941e-06
962.7159330920001	0.06932793960239403	-4.752390575520939e-06
963.9253752190001	0.0693673949172973	-4.7591303177370835e-06
965.1348173460001	0.06940677536289974	-4.7661806279455585e-06
966.3442594730001	0.06944608113912487	-4.7735190681613e-06
967.5537016000001	0.06948531244314503	-4.781122117736639e-06
968.763143727	0.06952446946919533	-4.788965261067618e-06
969.972585854	0.06956355240841142	-4.797023075179532e-06
971.182027981	0.06960256144867188	-4.805269337974753e-06
972.391470108	0.06964149677446153	-4.8136771360865645e-06
973.600912235	0.06968035856674813	-4.8222189752823805e-06
974.8103543620001	0.0697191470028743	-4.830866907396501e-06
976.0197964890001	0.06975786225646327	-4.83959264977016e-06
977.2292386160001	0.06979650449734691	-4.848367717662097e-06
978.4386807430001	0.06983507389150784	-4.857163551516552e-06
979.6481228700001	0.06987357060103255	-4.865951652532766e-06
980.857564997	0.06991199478409038	-4.874703710770626e-06
982.067007124	0.06995034659492264	-4.88339173917063e-06
983.276449251	0.06998862618385111	-4.89198820242758e-06
984.485891378	0.07002683369729841	-4.9004661446072455e-06
985.6953335050001	0.07006496927783037	-4.908799310753302e-06
986.9047756320001	0.07010303306420443	-4.916962267449525e-06
988.1142177590001	0.07014102519143837	-4.924930515818162e-06
989.3236598860001	0.07017894579089252	-4.932680599048283e-06
990.5331020130001	0.07021679499036029	-4.9401902023349376e-06
991.7425441400001	0.07025457291417414	-4.947438248098773e-06
992.951986267	0.07029227968332044	-4.954404980132485e-06
994.161428394	0.07032991541556767	-4.961072043496977e-06
995.370870521	0.07036748022559879	-4.967422552155411e-06
996.580312648	0.0704049742251584	-4.973441148272773e-06
997.7897547750001	0.07044239752319761	-4.979114056960499e-06
998.9991969020001	0.07047975022603577	-4.984429126033297e-06
1000.2086390290001	0.07051703243752329	-4.989375861196932e-06
1001.4180811560001	0.07055424425920488	-4.993945448270249e-06
1002.6275232830001	0.07059138579049362	-4.998130770807359e-06
1003.8369654100001	0.07062845712883885	-5.0019264162320595e-06
1005.046407537	0.0706654583699087	-5.005328672506729e-06
1006.255849664	0.07070238960776269	-5.008335523127216e-06
1007.465291791	0.07073925093502484	-5.010946624189579e-06
1008.674733918	0.07077604244306424	-5.013163282702356e-06
1009.8841760450001	0.07081276422216803	-5.014988422161843e-06
1011.0936181720001	0.07084941636171312	-5.0164265453509545e-06
1012.3030602990001	0.07088599895033715	-5.017483690239943e-06
1013.5125024260001	0.07092251207610828	-5.018167377891141e-06
1014.7219445530001	0.07095895582668175	-5.018486559197526e-06
1015.9313866800001	0.07099533028946617	-5.018451551497879e-06
1017.140828807	0.07103163555177382	-5.018073978474251e-06
1018.350270934	0.07106787170097165	-5.017366698461048e-06
1019.559713061	0.0711040388246262	-5.016343737000934e-06
1020.769155188	0.07114013701064091	-5.015020212609071e-06
1021.9785973150001	0.07117616634739053	-5.01341225974338e-06
1023.1880394420001	0.07121212692384382	-5.0115369525894574e-06
1024.397481569	0.07124801882968869	-5.009412227450789e-06
1025.606923696	0.07128384215543955	-5.007056804155361e-06
1026.816365823	0.07131959699254654	-5.004490105524383e-06
1028.0258079500002	0.07135528343349748	-5.001732178066794e-06
1029.235250077	0.07139090157190359	-4.9988036141404915e-06
1030.4446922040001	0.07142645150259223	-4.995725472615184e-06
1031.654134331	0.07146193332167931	-4.992519200870769e-06
1032.8635764580001	0.07149734712664244	-4.989206559270938e-06
1034.073018585	0.07153269301638579	-4.985809548487593e-06
1035.282460712	0.07156797109129619	-4.982350332179445e-06
1036.491902839	0.0716031814532911	-4.978851169826128e-06
1037.701344966	0.07163832420586282	-4.975334344142161e-06
1038.9107870930002	0.07167339945411301	-4.971822096475412e-06
1040.12022922	0.07170840730478344	-4.968336560744711e-06
1041.3296713470002	0.07174334786627644	-4.964899698994656e-06
1042.539113474	0.07177822124866834	-4.961533247792435e-06
1043.7485556010001	0.07181302756372226	-4.9582586518675045e-06
1044.957997728	0.07184776692488595	-4.955097018937002e-06
1046.167439855	0.07188243944729318	-4.952069056336078e-06
1047.376881982	0.07191704524774956	-4.949195031206215e-06
1048.586324109	0.07195158444471834	-4.946494717818391e-06
1049.795766236	0.07198605715829795	-4.943987354288481e-06
1051.005208363	0.07202046351019709	-4.94169160112452e-06
1052.2146504900002	0.07205480362369966	-4.939625503386311e-06
1053.424092617	0.07208907762362957	-4.937806452791696e-06
1054.6335347440001	0.07212328563630775	-4.9362511543005715e-06
1055.842976871	0.07215742778950372	-4.9349755964168615e-06
1057.0524189980001	0.0721915042123866	-4.93399502093754e-06
1058.261861125	0.07222551503546745	-4.933323900176145e-06
1059.471303252	0.07225946039054298	-4.932975911427651e-06
1060.680745379	0.07229334041062851	-4.93296391851708e-06
1061.890187506	0.07232715522989355	-4.933299952996403e-06
1063.0996296330002	0.072360904983594	-4.933995200441521e-06
1064.30907176	0.0723945898079977	-4.93505998631601e-06
1065.5185138870002	0.0724282098403101	-4.936503769582996e-06
1066.727956014	0.0724617652185976	-4.938335129396794e-06
1067.9373981410001	0.07249525608170858	-4.940561768458293e-06
1069.146840268	0.07252868256919268	-4.943190504875204e-06
1070.356282395	0.07256204482121775	-4.946227274824858e-06
1071.565724522	0.07259534297848948	-4.94967713583587e-06
1072.775166649	0.07262857718216548	-4.953544271217754e-06
1073.9846087760002	0.0726617475737725	-4.9578319962651635e-06
1075.194050903	0.07269485429511943	-4.962542772811787e-06
1076.4034930300002	0.07272789748821637	-4.9676782145771994e-06
1077.612935157	0.07276087729518753	-4.9732391094424455e-06
1078.8223772840001	0.07279379385819085	-4.97922543073832e-06
1080.031819411	0.07282664731933239	-4.9856363576595945e-06
1081.2412615380001	0.07285943782058808	-4.992470296470274e-06
1082.450703665	0.07289216550372211	-4.999724903029419e-06
1083.660145792	0.07292483051020987	-5.00739710530872e-06
1084.869587919	0.07295743298116106	-5.0154831333824e-06
1086.079030046	0.07298997305724544	-5.023978543084503e-06
1087.2884721730002	0.07302245087862165	-5.032878250464407e-06
1088.4979143	0.07305486658486858	-5.042176558007604e-06
1089.7073564270001	0.07308722031491768	-5.051867189289402e-06
1090.916798554	0.07311951220698995	-5.061943322491082e-06
1092.1262406810001	0.07315174239853606	-5.072397624398314e-06
1093.335682808	0.07318391102617751	-5.083222283828407e-06
1094.545124935	0.07321601822565504	-5.094409052193785e-06
1095.754567062	0.07324806413177498	-5.1059492767579345e-06
1096.964009189	0.07328004887836452	-5.117833939689235e-06
1098.1734513160002	0.07331197259822883	-5.130053696672e-06
1099.382893443	0.0733438354231096	-5.142598912279226e-06
1100.5923355700002	0.07337563748365052	-5.155459701232119e-06
1101.801777697	0.07340737890936436	-5.168625966855012e-06
1103.0112198240001	0.07343905982860428	-5.182087435460624e-06
1104.220661951	0.07347068036853999	-5.195833698642179e-06
1105.430104078	0.07350224065513894	-5.209854248126172e-06
1106.639546205	0.07353374081314538	-5.224138514909032e-06
1107.848988332	0.07356518096607118	-5.238675905296433e-06
1109.058430459	0.07359656123618409	-5.253455834031747e-06
1110.267872586	0.07362788174450315	-5.2684677614321315e-06
1111.4773147130002	0.07365914261079634	-5.28370122863768e-06
1112.68675684	0.07369034395358226	-5.2991458881625035e-06
1113.8961989670001	0.073721485890133	-5.314791535162688e-06
1115.105641094	0.0737525685364873	-5.330628139487044e-06
1116.3150832210001	0.07378359200745405	-5.346645873669908e-06
1117.524525348	0.07381455641663577	-5.362835143878173e-06
1118.733967475	0.0738454618764404	-5.379186611159485e-06
1119.943409602	0.0738763084981024	-5.395691218835694e-06
1121.152851729	0.07390709639170631	-5.412340216239507e-06
1122.3622938560002	0.07393782566621372	-5.429125180247615e-06
1123.571735983	0.07396849642948872	-5.446038033634932e-06
1124.7811781100002	0.07399910878832769	-5.46307106378402e-06
1125.990620237	0.07402966284849603	-5.480216939957299e-06
1127.2000623640001	0.07406015871475803	-5.4974687287642765e-06
1128.409504491	0.07409059649091515	-5.514819905425971e-06
1129.618946618	0.07412097627984214	-5.5322643664084716e-06
1130.828388745	0.07415129818352634	-5.549796438721055e-06
1132.037830872	0.0741815623031109	-5.567410886974343e-06
1133.2472729990002	0.07421176873893157	-5.585102921776795e-06
1134.456715126	0.07424191759056326	-5.602868202070517e-06
1135.6661572530002	0.07427200895685888	-5.62070283930587e-06
1136.87559938	0.07430204293599675	-5.63860339769821e-06
1138.0850415070001	0.07433201962552394	-5.656566894114267e-06
1139.294483634	0.07436193912240016	-5.674590800253555e-06
1140.5039257610001	0.07439180152304531	-5.69267303081886e-06
1141.713367888	0.07442160692337946	-5.710811946885944e-06
1142.922810015	0.07445135541886955	-5.72900634664272e-06
1144.132252142	0.074481047104578	-5.747255456814947e-06
1145.341694269	0.07451068207519969	-5.765558926546996e-06
1146.5511363960002	0.07454026042511178	-5.783916814836379e-06
1147.760578523	0.07456978224841274	-5.802329581531835e-06
1148.9700206500002	0.07459924763896547	-5.820798074416579e-06
1150.179462777	0.07462865669044014	-5.839323516550893e-06
1151.3889049040001	0.0746580094963528	-5.857907491040818e-06
1152.598347031	0.07468730615010444	-5.876551927614434e-06
1153.807789158	0.07471654674502094	-5.895259086651124e-06
1155.017231285	0.07474573137439085	-5.914031542300115e-06
1156.226673412	0.07477486013149612	-5.932872165294138e-06
1157.4361155390002	0.07480393310965186	-5.9517841057227586e-06
1158.645557666	0.07483295040223517	-5.970770773397905e-06
1159.8549997930002	0.07486191210272121	-5.989835822934383e-06
1161.06444192	0.07489081830470692	-6.008983131300383e-06
1162.2738840470001	0.07491966910194213	-6.028216778376002e-06
1163.483326174	0.07494846458835651	-6.047541029471134e-06
1164.6927683010001	0.07497720485808641	-6.066960313972757e-06
1165.902210428	0.07500589000549182	-6.0864792067348225e-06
1167.111652555	0.07503452012518201	-6.106102407405552e-06
1168.321094682	0.0750630953120353	-6.125834720165438e-06
1169.530536809	0.07509161566121295	-6.1456810337297794e-06
1170.7399789360002	0.0751200812681802	-6.165646302650971e-06
1171.949421063	0.07514849222871703	-6.1857355265208976e-06
1173.1588631900001	0.0751768486389321	-6.205953730574563e-06
1174.368305317	0.07520515059527223	-6.226305946108526e-06
1175.5777474440001	0.0752333981945318	-6.246797193828427e-06
1176.787189571	0.07526159153385802	-6.267432462955108e-06
1177.996631698	0.07528973071076078	-6.288216694641958e-06
1179.206073825	0.07531781582311199	-6.309154760391483e-06
1180.415515952	0.07534584696914837	-6.330251451365943e-06
1181.6249580790002	0.07537382424747344	-6.3515114574435975e-06
1182.834400206	0.07540174775705438	-6.37293934867755e-06
1184.0438423330002	0.07542961759722043	-6.394539565549636e-06
1185.25328446	0.0754574338676571	-6.416316398386197e-06
1186.4627265870001	0.07548519666840295	-6.438273976659605e-06
1187.672168714	0.07551290609984113	-6.460416253141563e-06
1188.881610841	0.07554056226269053	-6.482746991830733e-06
1190.091052968	0.07556816525799459	-6.505269754048925e-06
1191.300495095	0.0755957151871118	-6.527987889052341e-06
1192.5099372220002	0.07562321215170653	-6.5509045195102054e-06
1193.719379349	0.07565065625372905	-6.574022535465324e-06
1194.9288214760002	0.07567804759540592	-6.597344580959799e-06
1196.138263603	0.07570538627922391	-6.62087304763824e-06
1197.3477057300001	0.07573267240791169	-6.644610065484769e-06
1198.557147857	0.07575990608442729	-6.668557496506029e-06
1199.7665899840001	0.07578708741193489	-6.692716927428864e-06
1200.976032111	0.07581421649378993	-6.717089665287182e-06
1202.185474238	0.075841293433517	-6.7416767305849765e-06
1203.394916365	0.07586831833479288	-6.766478857654981e-06
1204.604358492	0.0758952913014275	-6.791496485053939e-06
1205.8138006190002	0.07592221243733721	-6.816729758563674e-06
1207.023242746	0.0759490818465284	-6.842178528210403e-06
1208.2326848730002	0.07597589963307586	-6.867842346493149e-06
1209.442127	0.07600266590109915	-6.8937204697056e-06
