0.0	0.0	0.0
1.209442127	2.337117961852877e-06	-4.638740933348678e-09
2.418884254	9.322075016156325e-06	-4.87360386388796e-09
3.6283263810000004	2.0955332005229683e-05	-5.11009970943971e-09
4.837768508	3.722659166979337e-05	-5.340776256306958e-09
6.047210635000001	5.8123374524209184e-05	-5.572883025842544e-09
7.256652762000001	8.363160179942664e-05	-5.810574054933092e-09
8.466094889	0.00011373627361586618	-6.0306229050834386e-09
9.675537016	0.00014842196676644937	-6.2355473815632774e-09
10.884979143	0.00018767348547362453	-6.426568632480643e-09
12.094421270000002	0.00023147631579186476	-6.610922178818489e-09
13.303863397	0.0002798171441520356	-6.774373254240097e-09
14.513305524000002	0.000332684338253135	-6.92385018340614e-09
15.722747651	0.0003900683737046201	-7.055089001382713e-09
16.932189778	0.0004519622558531279	-7.1806310853134245e-09
18.141631905	0.0005183618421267687	-7.349169398501764e-09
19.351074032	0.0005892660685975241	-7.736311345935085e-09
20.560516159000002	0.0006646774712709004	-8.521226503924173e-09
21.769958286	0.0007446024634198023	-9.57485245554673e-09
22.979400413	0.000829051397495855	-1.0830088279032823e-08
24.188842540000003	0.0009180389898802148	-1.2131394143150703e-08
25.398284667000002	0.0010115840456636086	-1.3412172788726008e-08
26.607726794	0.0011097095134954959	-1.4781386497501707e-08
27.817168921	0.0012124424852333329	-1.6460216919838254e-08
29.026611048000003	0.001319814155537084	-1.872078224688864e-08
30.236053175000002	0.0014318596911387133	-2.182833707059864e-08
31.445495302	0.0015486180039113741	-2.600235434694481e-08
32.654937429	0.0016701314252007746	-3.1373688630983304e-08
33.864379556	0.0017964453012403458	-3.791683962270885e-08
35.073821683000006	0.0019276075468392612	-4.5359660332065094e-08
36.28326381	0.0020636682460617463	-5.309664708299036e-08
37.492705937000004	0.0022046794192162873	-6.016109931408775e-08
38.702148064	0.002350694988035162	-6.531601024276079e-08
39.911590191	0.0025017706642532825	-6.718087670583642e-08
41.121032318000005	0.0026579633154681847	-6.423675219871527e-08
42.330474445	0.002819329930892938	-5.5229047153963415e-08
43.539916572	0.0029859262859325535	-4.021758444523217e-08
44.749358699000005	0.0031578051535229037	-2.094078081652049e-08
45.958800826	0.0033350147256069156	-3.5884748829113217e-10
47.168242953000004	0.003517597493353724	1.785294846933785e-08
48.377685080000006	0.0037055893093448826	2.9652728447337952e-08
49.587127207	0.0038990184141010943	3.083031213326924e-08
50.796569334000004	0.004097904353478127	1.7108044042730454e-08
52.00601146100001	0.004302256819285196	-1.5782900788922395e-08
53.215453588	0.004512074490150319	-7.203679512992646e-08
54.424895715000005	0.0047273439657437065	-1.5577203672507804e-07
55.634337842	0.004948038926233781	-2.711517571914873e-07
56.843779969	0.0051741196712665844	-4.225921608153136e-07
58.053222096000006	0.005405533021875355	-6.148717207792379e-07
59.262664223	0.005642212127682645	-8.529137777437638e-07
60.472106350000004	0.005884075481583906	-1.1412444601323346e-06
61.68154847700001	0.006131025000699941	-1.4834018856814575e-06
62.890990604	0.006382943851413342	-1.8816402935295864e-06
64.100432731	0.006639694793108386	-2.3371819465999727e-06
65.309874858	0.006901119381050517	-2.8508157465037542e-06
66.519316985	0.007167037850537029	-3.4233127807355677e-06
67.728759112	0.007437249241550101	-4.0555041646828625e-06
68.93820123900001	0.007711531527848622	-4.74822136707154e-06
70.14764336600001	0.007989641778911667	-5.502251758198167e-06
71.357085493	0.008271316460192923	-6.318312906268553e-06
72.56652762	0.008556271916658325	-7.196973729487344e-06
73.775969747	0.008844204968589014	-8.138510862904045e-06
74.98541187400001	0.0091347935715403	-9.14282027621692e-06
76.19485400100001	0.009427697639271083	-1.0209465934880695e-05
77.404296128	0.00972256012448604	-1.1337824501146329e-05
78.613738255	0.010019008368043328	-1.252730090411068e-05
79.823180382	0.01031665574472082	-1.377759312743039e-05
81.032622509	0.01061510358479986	-1.5088809835276003e-05
82.24206463600001	0.010913942952935728	-1.6461186462334888e-05
83.45150676300001	0.0112127557129263	-1.7894672482427453e-05
84.66094889	0.011511115145780595	-1.9388951783710397e-05
85.870391017	0.011808586953807394	-2.094385521520057e-05
87.079833144	0.012104731147251763	-2.2559761124318206e-05
88.28927527100001	0.012399104986325292	-2.423770824584639e-05
89.49871739800001	0.012691266959159323	-2.5979056210433636e-05
90.708159525	0.012980781571786799	-2.778457751529892e-05
91.917601652	0.013267224647899051	-2.9652928550887026e-05
93.127043779	0.013550188947950147	-3.157850206168822e-05
94.33648590600001	0.013829290085986391	-3.354867311625674e-05
95.54592803300001	0.014104172724026944	-3.554045793162982e-05
96.75537016000001	0.01437451663882593	-3.75167695066958e-05
97.964812287	0.014640041313453596	-3.942302898723472e-05
99.174254414	0.014900506239551217	-4.11860646983191e-05
100.383696541	0.015155702920765988	-4.2718643455424976e-05
101.59313866800001	0.01540543591953033	-4.393294574036449e-05
102.80258079500001	0.015649496676516148	-4.476216048767204e-05
104.01202292200001	0.015887642406264123	-4.5181619740392726e-05
105.221465049	0.016119592613006772	-4.521728655618954e-05
106.430907176	0.016345043714097535	-4.493668188000361e-05
107.64034930300001	0.016563691769832523	-4.442832891237997e-05
108.84979143000001	0.016775254505657946	-4.3779805029499526e-05
110.05923355700001	0.016979488442476754	-4.3062315198173946e-05
111.268675684	0.017176198874038887	-4.232524352193543e-05
112.478117811	0.01736524255568474	-4.159887675057872e-05
113.687559938	0.017546525489117237	-4.0900546902311596e-05
114.89700206500001	0.017719998837917625	-4.024031104197558e-05
116.10644419200001	0.017885654971183603	-3.962469213584195e-05
117.31588631900001	0.018043524357171194	-3.9058633149371275e-05
118.525328446	0.018193673253362033	-3.854630207226605e-05
119.734770573	0.018336201873420624	-3.8091292238129175e-05
120.94421270000001	0.018471242739218123	-3.7696554659380314e-05
122.15365482700001	0.018598959057970054	-3.736424979286675e-05
123.36309695400001	0.01871954308924225	-3.7095626837692006e-05
124.572539081	0.018833214534892805	-3.689099250878819e-05
125.781981208	0.018940218989295245	-3.674978665946151e-05
126.99142333500001	0.019040826446823714	-3.667073474952938e-05
128.200865462	0.01913532980668283	-3.6652014426172795e-05
129.410307589	0.01922404326634571	-3.6691373179375576e-05
130.619749716	0.019307300478289744	-3.678616913163797e-05
131.82919184300002	0.019385452382453774	-3.693336235754442e-05
133.03863397	0.019458864718865713	-3.7129528888579094e-05
134.24807609700002	0.01952791533559336	-3.737097165857836e-05
135.457518224	0.019592991482906448	-3.7653952341038834e-05
136.666960351	0.019654487288739184	-3.797499027105491e-05
137.87640247800002	0.01971280154561015	-3.833111720743555e-05
139.085844605	0.019768335840582067	-3.871998131306856e-05
140.29528673200002	0.019821492971631494	-3.913976434395325e-05
141.504728859	0.01987267554421005	-3.958896735655436e-05
142.714170986	0.01992228463621272	-4.006616989250811e-05
143.92361311300002	0.019970718448038126	-4.056985067073943e-05
145.13305524	0.020018370899466332	-4.109830300656932e-05
146.34249736700002	0.020065630177164614	-4.164963022489955e-05
147.551939494	0.020112877262244283	-4.222178676315663e-05
148.761381621	0.020160484474442207	-4.2812634129238414e-05
149.97082374800002	0.02020881406463044	-4.34199930353877e-05
151.180265875	0.020258216878371434	-4.404168387514215e-05
152.38970800200002	0.020309031105181306	-4.467555422374425e-05
153.599150129	0.020361581122615248	-4.53194950645712e-05
154.808592256	0.020416176440668076	-4.597144867157961e-05
156.018034383	0.02047311074912457	-4.6629411525566516e-05
157.22747651	0.020532661067990704	-4.72914355823615e-05
158.43691863700002	0.02059508699941581	-4.795563074726922e-05
159.646360764	0.020660630079044028	-4.862017056837635e-05
160.85580289100002	0.020729513225282735	-4.928330197674462e-05
162.065245018	0.02080194028559574	-4.994335857115735e-05
163.274687145	0.0208780956787952	-5.059877587247977e-05
164.48412927200002	0.02095814413139275	-5.1248106579268246e-05
165.693571399	0.021042230505108686	-5.189003418967948e-05
166.90301352600002	0.021130479712481116	-5.252338408786618e-05
168.112455653	0.02122299671856452	-5.314713185084613e-05
169.32189778	0.021319866628861324	-5.376040872590547e-05
170.53133990700002	0.021421154865846823	-5.436250373420243e-05
171.740782034	0.02152690743644832	-5.495286094884394e-05
172.95022416100002	0.02163715128735949	-5.5531070180721634e-05
174.159666288	0.021751894732758147	-5.6096851034141e-05
175.369108415	0.021871127925723845	-5.665003413657041e-05
176.57855054200002	0.02199482334376286	-5.719054605011174e-05
177.787992669	0.02212293627860966	-5.771840176215133e-05
178.99743479600002	0.02225540534888011	-5.8233701751455105e-05
180.206876923	0.022392153067036954	-5.8736626206328316e-05
181.41631905	0.022533086480513227	-5.92274212495008e-05
182.62576117700002	0.022678097885134287	-5.9706377697258534e-05
183.835203304	0.022827065594890544	-6.017380646654996e-05
185.04464543100002	0.02297985475002906	-6.063001471871658e-05
186.254087558	0.023136318149964426	-6.107528500524234e-05
187.46352968500003	0.02329629710283656	-6.150985802782713e-05
188.67297181200001	0.023459622287253942	-6.193391884685463e-05
189.882413939	0.02362611462369961	-6.234758631522286e-05
191.09185606600002	0.023795586153712245	-6.275090574637231e-05
192.301298193	0.023967840924775444	-6.314384499199466e-05
193.51074032000002	0.024142675878335726	-6.35262940327664e-05
194.720182447	0.02431988173794592	-6.389806793001204e-05
195.929624574	0.02449924389440406	-6.425891271231131e-05
197.13906670100002	0.024680543284898455	-6.460851358638595e-05
198.348508828	0.024863557263427753	-6.49465047955107e-05
199.55795095500002	0.025048060460001055	-6.527248045658414e-05
200.767393082	0.02523382562631759	-6.558600576033434e-05
201.976835209	0.025420624465751898	-6.588662796783683e-05
203.18627733600002	0.02560822844558835	-6.61738867213154e-05
204.395719463	0.025796409589540235	-6.644732328179095e-05
205.60516159000002	0.02598494124868935	-6.670648843014153e-05
206.814603717	0.026173598849077717	-6.695094892130403e-05
208.02404584400003	0.02636216061426286	-6.718029253167945e-05
209.23348797100002	0.02655040826123657	-6.739413189818001e-05
210.442930098	0.026738127668191468	-6.759210744879292e-05
211.65237222500002	0.026925109512704874	-6.777388980007057e-05
212.861814352	0.0271111498790331	-6.793918201181311e-05
214.07125647900003	0.027296050833328263	-6.808772204610486e-05
215.28069860600002	0.02747962096573063	-6.821928571506229e-05
216.490140733	0.02766167589841044	-6.833369028429875e-05
217.69958286000002	0.027842038758731726	-6.843079878476183e-05
218.909024987	0.028020540616763928	-6.85105249398181e-05
220.11846711400003	0.028197020886393614	-6.857283848963301e-05
221.32790924100001	0.028371327689297857	-6.861777056059795e-05
222.537351368	0.028543318181055606	-6.864541865551389e-05
223.74679349500002	0.028712858838754428	-6.865595079275609e-05
224.956235622	0.0288798257095733	-6.864960836708983e-05
226.16567774900003	0.02904410462005446	-6.862670739355564e-05
227.375119876	0.029205591346051163	-6.858763795203511e-05
228.584562003	0.02936419174367487	-6.853286182140379e-05
229.79400413000002	0.029519821841893334	-6.846290846465597e-05
231.003446257	0.02967240789773323	-6.837836965321344e-05
232.21288838400002	0.02982188641527079	-6.827989309730019e-05
233.422330511	0.029968204129756072	-6.816817546491903e-05
234.63177263800003	0.030111317958298172	-6.804395512998405e-05
235.84121476500002	0.030251194918554852	-6.790800491940537e-05
237.050656892	0.03038781201684106	-6.776112504371101e-05
238.26009901900002	0.030521156107024112	-6.760413630746767e-05
239.469541146	0.030651223721514128	-6.743787363655725e-05
240.67898327300003	0.03077802087561324	-6.72631799182085e-05
241.88842540000002	0.030901562846453706	-6.708090013564198e-05
243.097867527	0.031021873927746087	-6.689187578014233e-05
244.30730965400002	0.031138987161560022	-6.669693954058399e-05
245.516751781	0.03125294404838988	-6.649691028337221e-05
246.72619390800003	0.0313637942367843	-6.629258835119146e-05
247.93563603500002	0.031471595193862945	-6.608475120849916e-05
249.145078162	0.03157641185809779	-6.587414946758637e-05
250.35452028900002	0.03167831627577229	-6.56615033119267e-05
251.563962416	0.03177738722259113	-6.544749932762065e-05
252.77340454300003	0.03187370981195278	-6.52327877430723e-05
253.98284667000001	0.03196737509143213	-6.50179800686327e-05
255.192288797	0.032058479629065884	-6.480364712223817e-05
256.401730924	0.03214712509104373	-6.459031743653171e-05
257.61117305100004	0.032233417812443474	-6.437847604183825e-05
258.820615178	0.032317468362645124	-6.416856363176612e-05
260.030057305	0.032399391107071386	-6.396097612748272e-05
261.239499432	0.03247930376689083	-6.375606466418708e-05
262.448941559	0.03255732697830202	-6.355413602655499e-05
263.65838368600004	0.0326335838529868	-6.335545355536445e-05
264.867825813	0.03270819954126197	-6.316023853528141e-05
266.07726794	0.032781300799403994	-6.296867205302266e-05
267.286710067	0.032853015562517296	-6.278089728670513e-05
268.49615219400005	0.03292347252421513	-6.259702215541396e-05
269.70559432100004	0.03299280072426933	-6.241712222424672e-05
270.915036448	0.033061129145250834	-6.224124374629852e-05
272.124478575	0.03312858631908631	-6.206940670091567e-05
273.333920702	0.03319529994434274	-6.190160769872083e-05
274.54336282900005	0.03326139651500282	-6.173782264459228e-05
275.75280495600003	0.0333270009614302	-6.157800907525754e-05
276.962247083	0.03339223630421365	-6.142210813018731e-05
278.17168921	0.033457223321570584	-6.127004615175298e-05
279.381131337	0.033522080230981355	-6.11217359405905e-05
280.59057346400004	0.033586922385719635	-6.097707771827131e-05
281.80001559100003	0.033651861986926775	-6.083595985960019e-05
283.009457718	0.033717007811828154	-6.069825946341048e-05
284.218899845	0.033782464958648825	-6.056384282270878e-05
285.428341972	0.03384833460871056	-6.0432565848794056e-05
286.63778409900004	0.03391471380612054	-6.0304274490123946e-05
287.84722622600003	0.03398169525537871	-6.01788051777033e-05
289.056668353	0.034049367137149844	-6.0055985318384006e-05
290.26611048	0.034117812942371865	-5.993563384302375e-05
291.475552607	0.03418711132478271	-5.981756181934646e-05
292.68499473400004	0.03425733597189279	-5.970157312797618e-05
293.89443686100003	0.03432855549434759	-5.958746520139287e-05
295.103878988	0.034400833333571995	-5.94750298162465e-05
296.313321115	0.03447422768752402	-5.936405394154319e-05
297.522763242	0.03454879145433517	-5.9254320631495216e-05
298.73220536900004	0.034624572193555296	-5.9145609959546444e-05
299.94164749600003	0.03470161210468497	-5.903769998875756e-05
301.151089623	0.03477994802261503	-5.8930367773032954e-05
302.36053175	0.03485961142957139	-5.882339038378384e-05
303.569973877	0.034940628483101456	-5.871654595663786e-05
304.77941600400004	0.03502302005962044	-5.8609614754569564e-05
305.98885813100003	0.035106801812988864	-5.850238024079045e-05
307.198300258	0.035191984247566574	-5.839463015384558e-05
308.407742385	0.03527857280515674	-5.8286157582309456e-05
309.617184512	0.03536656796522511	-5.817676202930083e-05
310.82662663900004	0.03545596535776412	-5.806625045885576e-05
312.036068766	0.03554675588813405	-5.7954438320574966e-05
313.245510893	0.0356389258732169	-5.784115053741011e-05
314.45495302	0.03573245718817392	-5.772622245624366e-05
315.664395147	0.03582732742311366	-5.76095007463473e-05
316.87383727400004	0.03592351004894654	-5.749084424228404e-05
318.083279401	0.03602097459170096	-5.737012472223184e-05
319.292721528	0.036119686814569646	-5.724722761387552e-05
320.502163655	0.03621960890695424	-5.712205262509325e-05
321.71160578200005	0.03632069967977264	-5.69945142937546e-05
322.92104790900004	0.036422914766295326	-5.686454244913097e-05
324.130490036	0.03652620682778655	-5.6732082586169116e-05
325.339932163	0.03663052576322438	-5.659709614822678e-05
326.54937429	0.03673581892238701	-5.645956071326057e-05
327.75881641700005	0.03684203132159982	-5.6319470084080156e-05
328.96825854400004	0.03694910586144723	-5.61768342818153e-05
330.177700671	0.03705698354576947	-5.603167943827453e-05
331.387142798	0.03716560370126891	-5.5884047587330746e-05
332.596584925	0.03727490419708009	-5.57339963567563e-05
333.80602705200005	0.03738482166365432	-5.558159855896527e-05
335.01546917900004	0.03749529171034477	-5.542694168116091e-05
336.224911306	0.037606249141083646	-5.527012728055898e-05
337.434353433	0.037717628167571536	-5.511127028612513e-05
338.64379556	0.03782936261941053	-5.4950498208829884e-05
339.85323768700005	0.03794138615064767	-5.478795027077585e-05
341.06267981400003	0.03805363244220105	-5.462377645483463e-05
342.272121941	0.03816603539968222	-5.445813648593048e-05
343.481564068	0.03827852934614011	-5.429119874960156e-05
344.691006195	0.03839104920928338	-5.4123139157747496e-05
345.90044832200005	0.03850353070276295	-5.395413997175309e-05
347.10989044900003	0.03861591050111872	-5.378438858954018e-05
348.319332576	0.03872812640802813	-5.361407631170219e-05
349.528774703	0.03884011751751783	-5.344339709030706e-05
350.73821683	0.0389518243678238	-5.327254627803327e-05
351.94765895700004	0.039063189087619396	-5.310171937889484e-05
353.15710108400003	0.03917415553435475	-5.2931110821156924e-05
354.366543211	0.03928466942447617	-5.276091274847641e-05
355.575985338	0.039394678455331525	-5.259131385095504e-05
356.785427465	0.03950413241858208	-5.242249823605473e-05
357.99486959200004	0.03961298330497871	-5.225464434968803e-05
359.20431171900003	0.03972118540038913	-5.2087923956051566e-05
360.413753846	0.03982869537297744	-5.192250118045763e-05
361.623195973	0.03993547235148034	-5.175853162227295e-05
362.8326381	0.040041477994538895	-5.159616154121194e-05
364.04208022700004	0.04014667655107796	-5.143552712483408e-05
365.25152235400003	0.040251034911747134	-5.127675383514822e-05
366.460964481	0.04035452265146389	-5.111995584380566e-05
367.670406608	0.04045711206312498	-5.0965235548539045e-05
368.87984873500005	0.040558778182573973	-5.0812683183429005e-05
370.08929086200004	0.04065949880493851	-5.066237651101674e-05
371.29873298900003	0.04075925449247078	-5.051438060917242e-05
372.508175116	0.0408580285740516	-5.036874773814079e-05
373.717617243	0.04095580713652964	-5.0225517297323996e-05
374.92705937000005	0.04105257900809832	-5.0084715860616164e-05
376.13650149700004	0.04114833573392754	-4.994635729656943e-05
377.34594362400003	0.04124307154428214	-4.9810442961584905e-05
378.555385751	0.04133678331538032	-4.9676961965948105e-05
379.764827878	0.04142947052326022	-4.954589151159698e-05
380.97427000500005	0.04152113519093978	-4.9417197290319015e-05
382.18371213200004	0.041611781829163155	-4.929083394106075e-05
383.393154259	0.04170141737104697	-4.916674556571313e-05
384.602596386	0.04179005110094572	-4.9044866286873656e-05
385.812038513	0.04187769457786798	-4.892512085364134e-05
387.02148064000005	0.04196436155378705	-4.880742528246343e-05
388.23092276700004	0.04205006788719434	-4.869168753084997e-05
389.440364894	0.04213483145224951	-4.857780819641187e-05
390.649807021	0.042218672043891445	-4.846568123768706e-05
391.859249148	0.04230161127927696	-4.835519470825639e-05
393.06869127500005	0.04238367249591678	-4.8246231503505654e-05
394.27813340200004	0.04246488064687627	-4.813867010812489e-05
395.487575529	0.04254526219342496	-4.8032385347417106e-05
396.697017656	0.042624844995496736	-4.7927249130372274e-05
397.906459783	0.04270365820033764	-4.782313118459683e-05
399.11590191000005	0.04278173212970961	-4.771989977890578e-05
400.32534403700004	0.04285909816602117	-4.761742242490388e-05
401.534786164	0.04293578863773592	-4.7515566561597694e-05
402.744228291	0.04301183670442806	-4.741420021354449e-05
403.953670418	0.0430872762418273	-4.731319262141383e-05
405.16311254500005	0.04316214172719594	-4.721241484587253e-05
406.37255467200004	0.04323646812537914	-4.71117403378022e-05
407.581996799	0.04331029077584569	-4.701104547405292e-05
408.791438926	0.04338364528104219	-4.691021006045584e-05
410.000881053	0.0434565673963619	-4.680911779882807e-05
411.21032318000005	0.04352909292202525	-4.670765671416742e-05
412.41976530700003	0.043601257597149896	-4.6605719547336555e-05
413.629207434	0.04367309699628692	-4.650320410872627e-05
414.838649561	0.04374464642867138	-4.6400013594100065e-05
416.04809168800006	0.0438159408404395	-4.629605686237194e-05
417.25753381500004	0.04388701472003248	-4.6191248677147564e-05
418.46697594200003	0.043957902007007665	-4.608550991052479e-05
419.676418069	0.04402863600445447	-4.5978767712367974e-05
420.885860196	0.044099249295201065	-4.587095564334391e-05
422.09530232300006	0.044169773661978315	-4.576201377597296e-05
423.30474445000004	0.044240240011698184	-4.5651888761143525e-05
424.51418657700003	0.044310678303981846	-4.554053386409372e-05
425.723628704	0.04438111748406348	-4.542790897041349e-05
426.933070831	0.04445158542017158	-4.5313980565592216e-05
428.14251295800005	0.04452210884548001	-4.5198721684557366e-05
429.35195508500004	0.04459271330471031	-4.508211183701545e-05
430.56139721200003	0.044663423105434065	-4.496413691056772e-05
431.770839339	0.044734261274124755	-4.4844789048870126e-05
432.980281466	0.04480524951699186	-4.4724066510497956e-05
434.18972359300005	0.04487640818560034	-4.4601973509025145e-05
435.39916572000004	0.04494775624728487	-4.447852003524114e-05
436.60860784700003	0.04501931126033803	-4.4353721661654494e-05
437.818049974	0.045091089353943375	-4.42275993341075e-05
439.027492101	0.045163105212809466	-4.410017915141076e-05
440.23693422800005	0.04523537206645091	-4.39714921285847e-05
441.44637635500004	0.045307901683044605	-4.3841573954817026e-05
442.65581848200003	0.04538070436778094	-4.3710464739249444e-05
443.865260609	0.045453788965615416	-4.357820874889909e-05
445.074702736	0.045527162868317456	-4.34448541400817e-05
446.28414486300005	0.04560083202569747	-4.331045268577555e-05
447.49358699000004	0.04567480096089286	-4.317505949688258e-05
448.703029117	0.04574907278957158	-4.303873273966974e-05
449.912471244	0.045823649242914634	-4.290153335258229e-05
451.121913371	0.04589853069421965	-4.2763524759896476e-05
452.33135549800005	0.04597371618897207	-4.262477258618058e-05
453.54079762500004	0.04604920347821229	-4.2485344369222466e-05
454.750239752	0.04612498905502892	-4.2345309276471677e-05
455.959681879	0.04620106819399782	-4.220473782308096e-05
457.169124006	0.04627743499338251	-4.206370158949674e-05
458.37856613300005	0.04635408241991215	-4.192227294659914e-05
459.58800826000004	0.04643100235593939	-4.178052478440164e-05
460.797450387	0.04650818564879103	-4.163853024390443e-05
462.006892514	0.04658562216210606	-4.149636245492222e-05
463.216334641	0.046663300828971375	-4.135409428195763e-05
464.42577676800005	0.04674120970665063	-4.1211798075285744e-05
465.63521889500004	0.046819336032705314	-4.1069545430552634e-05
466.844661022	0.04689766628231379	-4.092740695503874e-05
468.054103149	0.046976186226585726	-4.078545204379627e-05
469.26354527600006	0.04705488099167322	-4.0643748665091656e-05
470.47298740300005	0.04713373511848812	-4.050236315413652e-05
471.68242953000004	0.04721273262283016	-4.036136001893398e-05
472.891871657	0.0472918570557334	-4.0220801754094204e-05
474.101313784	0.04737109156385024	-4.008074866742803e-05
475.31075591100006	0.047450418949690015	-3.994125871821519e-05
476.52019803800005	0.047529821731527755	-3.9802387365985015e-05
477.72964016500003	0.04760928220282157	-3.966418743187733e-05
478.939082292	0.04768878249096367	-3.952670897133456e-05
480.148524419	0.04776830461520394	-3.938999916169861e-05
481.35796654600006	0.0478478305435946	-3.925410219872763e-05
482.56740867300005	0.047927342248807216	-3.911905921022765e-05
483.77685080000003	0.0480068217626739	-3.898490817807326e-05
484.986292927	0.04808625122932467	-3.885168387790516e-05
486.195735054	0.04816561295678753	-3.871941782807725e-05
487.40517718100006	0.048244889466938855	-3.858813825249538e-05
488.61461930800004	0.048324063543681656	-3.845787005749696e-05
489.82406143500003	0.04840311827925347	-3.832863482099158e-05
491.033503562	0.0484820371185669	-3.820045079257553e-05
492.242945689	0.04856080390149316	-3.807333290756221e-05
493.45238781600005	0.04863940290300546	-3.7947292814425465e-05
494.66182994300004	0.04871781887111605	-3.782233890976816e-05
495.87127207000003	0.0487960370625415	-3.769847638834117e-05
497.080714197	0.04887404327603178	-3.7575707303068306e-05
498.290156324	0.04895182388333479	-3.7454030634813396e-05
499.49959845100005	0.049029365857735444	-3.73334423741066e-05
500.70904057800004	0.04910665680015712	-3.7213935609115706e-05
501.91848270500003	0.04918368496278848	-3.709550062774847e-05
503.127924832	0.04926043927023295	-3.697812502167705e-05
504.337366959	0.04933690933816134	-3.686179380408411e-05
505.54680908600005	0.0494130854894821	-3.674648953149243e-05
506.75625121300004	0.04948895876802299	-3.66321924332412e-05
507.96569334000003	0.04956452094975108	-3.6518880546218546e-05
509.175135467	0.04963976455154827	-3.640652985428816e-05
510.384577594	0.049714682837571134	-3.629511443472774e-05
511.59401972100005	0.04978926982323082	-3.6184606605132313e-05
512.803461848	0.04986352027684063	-3.607497707575416e-05
514.0129039750001	0.04993742971897225	-3.596619510323057e-05
515.2223461020001	0.050010994419575266	-3.5858228645418294e-05
516.4317882290001	0.05008421139292696	-3.575104452081465e-05
517.641230356	0.050157078390468915	-3.564460856202503e-05
518.850672483	0.050229593891601046	-3.55388857746948e-05
520.06011461	0.050301757092512646	-3.543384049189621e-05
521.269556737	0.05037356789312196	-3.532943652937923e-05
522.478998864	0.050445026882207485	-3.522563733556264e-05
523.688440991	0.050516135320824336	-3.5122406142333584e-05
524.897883118	0.05058689512408011	-3.5019706108703474e-05
526.1073252450001	0.050657308841377466	-3.491750046417941e-05
527.3167673720001	0.0507273796352073	-3.4815752645394465e-05
528.5262094990001	0.050797111258587845	-3.471442642874814e-05
529.735651626	0.050866508031260305	-3.461348605830403e-05
530.945093753	0.050935574814725146	-3.4512896368282114e-05
532.15453588	0.05100431698623065	-3.441262289617317e-05
533.363978007	0.05107274041181055	-3.431263199557208e-05
534.573420134	0.05114085141847441	-3.421289093899493e-05
535.782862261	0.0512086567656546	-3.4113368013899414e-05
536.9923043880001	0.05127616361600763	-3.4014032612002254e-05
538.2017465150001	0.051343379505676676	-3.391485531276453e-05
539.4111886420001	0.05141031231411619	-3.38158079602191e-05
540.6206307690001	0.051476970233572936	-3.371686372946256e-05
541.830072896	0.051543361738330004	-3.3617997189941407e-05
543.039515023	0.05160949555380661	-3.351918435827786e-05
544.24895715	0.05167538062561057	-3.342040274528085e-05
545.458399277	0.05174102608863611	-3.3321631397961043e-05
546.667841404	0.05180644123629919	-3.322285092858049e-05
547.877283531	0.051871635490000914	-3.312404354291823e-05
549.0867256580001	0.051936618368898846	-3.3025193059477154e-05
550.2961677850001	0.0520013994600759	-3.2926284919986004e-05
551.5056099120001	0.052065988389187245	-3.2827306196938494e-05
552.715052039	0.05213039479165307	-3.272824559184123e-05
553.924494166	0.05219462828448234	-3.2629093429239336e-05
555.133936293	0.052258698438788664	-3.252984164443459e-05
556.34337842	0.05232261475306857	-3.243048376494473e-05
557.552820547	0.052386386627305416	-3.23310148857385e-05
558.762262674	0.05245002333795218	-3.223143164320791e-05
559.971704801	0.05251353401385385	-3.2131732180109424e-05
561.1811469280001	0.052576927613156126	-3.20319161073411e-05
562.3905890550001	0.052640212901248706	-3.193198446257983e-05
563.6000311820001	0.05270339842978283	-3.1831939662180925e-05
564.809473309	0.05276649251680425	-3.173178545170033e-05
566.018915436	0.052829503228033314	-3.163152685375231e-05
567.228357563	0.05289243835932174	-3.153117011013562e-05
568.43779969	0.052955305420314465	-3.1430722620282014e-05
569.647241817	0.053018111619330635	-3.133019288300426e-05
570.856683944	0.05308086384949297	-3.122959042884538e-05
572.066126071	0.05314356867610521	-3.11289257555053e-05
573.2755681980001	0.05320623232529301	-3.102821025841723e-05
574.4850103250001	0.05326886067391654	-3.092745616168138e-05
575.6944524520001	0.05333145924074793	-3.082667644854764e-05
576.903894579	0.05339403317891638	-3.072588478848087e-05
578.113336706	0.05345658726961461	-3.062509546488887e-05
579.322778833	0.053519125917051935	-3.05243233039397e-05
580.53222096	0.053581653144646316	-3.042358360088454e-05
581.741663087	0.053644172592432454	-3.032289204915259e-05
582.951105214	0.05370668751567072	-3.0222264667700838e-05
584.160547341	0.05376920078462979	-3.012171772824243e-05
585.3699894680001	0.05383171488551869	-3.0021267688088576e-05
586.5794315950001	0.05389423192254145	-2.9920931119711835e-05
587.7888737220001	0.05395675362103422	-2.9820724642224544e-05
588.998315849	0.054019281331660056	-2.9720664855202583e-05
590.207757976	0.05408181603562029	-2.9620768276346354e-05
591.417200103	0.05414435835084156	-2.9521051275894356e-05
592.62664223	0.05420690853910018	-2.94215300185377e-05
593.836084357	0.05426946651404403	-2.932222040480381e-05
595.045526484	0.05433203185005889	-2.9223138014761174e-05
596.2549686110001	0.054394603791942955	-2.912429805630376e-05
597.4644107380001	0.05445718126533583	-2.902571531318912e-05
598.6738528650001	0.05451976288785182	-2.8927404099547e-05
599.8832949920001	0.05458234698087904	-2.8829378214616924e-05
601.092737119	0.0546449315819796	-2.873165090172547e-05
602.302179246	0.05470751445784938	-2.8634234810066828e-05
603.511621373	0.05477009311778412	-2.8537141958020346e-05
604.7210635	0.054832664827596085	-2.844038370459004e-05
605.930505627	0.054895226623938496	-2.834397072003572e-05
607.139947754	0.054957775328972044	-2.82479129610283e-05
608.3493898810001	0.05502030756533384	-2.815221964959716e-05
609.5588320080001	0.05508281977135471	-2.8056899253475764e-05
610.7682741350001	0.05514530821646522	-2.796195947362551e-05
611.9777162620001	0.055207769016755254	-2.7867407233345132e-05
613.187158389	0.05527019815062009	-2.7773248667307265e-05
614.396600516	0.05533259147446285	-2.767948912011514e-05
615.606042643	0.05539494473838723	-2.7586133145084818e-05
616.81548477	0.05545725360184774	-2.7493184503554757e-05
618.024926897	0.055519513649199013	-2.7400646171477777e-05
619.234369024	0.055581720405120605	-2.7308520347369553e-05
620.4438111510001	0.05564386934984643	-2.721680845993793e-05
621.6532532780001	0.055705955934185064	-2.712551118632875e-05
622.8626954050001	0.055767975594268694	-2.7034628462822147e-05
624.072137532	0.05582992376601395	-2.6944159505847e-05
625.281579659	0.055891795899235396	-2.6854102829265702e-05
626.491021786	0.05595358747140055	-2.676445626890664e-05
627.700463913	0.05601529400097541	-2.6675217003911678e-05
628.90990604	0.05607691106034231	-2.6586381584727675e-05
630.119348167	0.05613843428825385	-2.6497945956403812e-05
631.328790294	0.056199859401803595	-2.640990548804026e-05
632.5382324210001	0.056261182207879915	-2.6322254999825573e-05
633.7476745480001	0.05632239861409162	-2.6234988793834985e-05
634.9571166750001	0.05638350463913448	-2.614810068208434e-05
636.166558802	0.05644449642259034	-2.606158401594061e-05
637.376000929	0.056505370234135266	-2.5975431717756292e-05
638.585443056	0.05656612248214652	-2.5889636309915642e-05
639.794885183	0.05662674972169714	-2.580418994254166e-05
641.00432731	0.05668724866192667	-2.5719084423950905e-05
642.213769437	0.056747616172780055	-2.5634311249595615e-05
643.4232115640001	0.05680784929111322	-2.5549861626502496e-05
644.6326536910001	0.056867945226157	-2.5465726503370173e-05
645.8420958180001	0.056927901364340824	-2.5381896595864928e-05
647.0515379450001	0.056987715273475265	-2.52983624087523e-05
648.260980072	0.057047384706297236	-2.5215114263388988e-05
649.470422199	0.05710690760338161	-2.5132142318015638e-05
650.679864326	0.057166282095425194	-2.5049436589791307e-05
651.889306453	0.05722550650490722	-2.4966986975613614e-05
653.09874858	0.057284579347143205	-2.4884783274215644e-05
654.308190707	0.057343499330741204	-2.4802815201507844e-05
655.5176328340001	0.057402265357460854	-2.4721072409149975e-05
656.7270749610001	0.057460876521511946	-2.4639544503053668e-05
657.9365170880001	0.05751933210828518	-2.4558221059838015e-05
659.1459592150001	0.057577631592549625	-2.4477091640634496e-05
660.355401342	0.0576357746361221	-2.4396145807882574e-05
661.564843469	0.057693761085033095	-2.431537313840257e-05
662.774285596	0.05775159096621233	-2.4234763240323087e-05
663.983727723	0.05780926448370516	-2.4154305763756517e-05
665.19316985	0.0578667820144576	-2.4073990420085678e-05
666.402611977	0.057924144103669244	-2.39938069883823e-05
667.6120541040001	0.05798135145976935	-2.391374533529389e-05
668.8214962310001	0.05803840494900812	-2.38337954287203e-05
670.0309383580001	0.05809530558970686	-2.3753947347750215e-05
671.2403804850001	0.05815205454618805	-2.367419130007431e-05
672.449822612	0.05820865312241137	-2.3594517636435497e-05
673.659264739	0.05826510275533825	-2.351491686452753e-05
674.868706866	0.05832140500805222	-2.3435379663476474e-05
676.078148993	0.05837756156266545	-2.3355896900795897e-05
677.28759112	0.05843357421302858	-2.3276459646170977e-05
678.497033247	0.058489444857282545	-2.319705918636672e-05
679.7064753740001	0.058545175490263536	-2.311768704326908e-05
680.9159175010001	0.0586007681958024	-2.3038334988591952e-05
682.1253596280001	0.058656225138930075	-2.2958995057519027e-05
683.3348017550001	0.058711548558024115	-2.287965956633553e-05
684.544243882	0.05876674075691435	-2.2800321129338302e-05
685.753686009	0.05882180409698026	-2.2720972671027434e-05
686.963128136	0.058876740989254536	-2.2641607440577333e-05
688.172570263	0.05893155388656221	-2.2562219029388653e-05
689.38201239	0.05898624527571468	-2.2482801381815826e-05
690.5914545170001	0.05904081766978697	-2.240334880934322e-05
691.8008966440001	0.05909527360048828	-2.232385600122247e-05
693.0103387710001	0.059149615610658804	-2.2244318037465544e-05
694.2197808980001	0.059203846246899505	-2.2164730396886934e-05
695.429223025	0.05925796805236776	-2.208508896782077e-05
696.638665152	0.05931198355974469	-2.2005390053019686e-05
697.848107279	0.05936589528439767	-2.192563037817577e-05
699.057549406	0.059419705717748614	-2.1845807095438596e-05
700.266991533	0.059473417320873814	-2.1765917787006095e-05
701.47643366	0.05952703251833413	-2.1685960465932935e-05
702.6858757870001	0.05958055369225953	-2.1605933576064607e-05
703.8953179140001	0.059633983176699795	-2.1525835991367814e-05
705.1047600410001	0.05968732325224249	-2.1445667011645714e-05
706.3142021680001	0.05974057614091965	-2.1365426357104755e-05
707.523644295	0.059793744001402	-2.1285114162460095e-05
708.733086422	0.0598468289244994	-2.120473096710665e-05
709.942528549	0.05989983292896158	-2.112427770490158e-05
711.151970676	0.05995275795759428	-2.10437556964517e-05
712.361412803	0.06000560587368728	-2.0963166628949065e-05
713.57085493	0.06005837845776806	-2.0882512546931825e-05
714.7802970570001	0.06011107740467214	-2.080179583388575e-05
715.9897391840001	0.06016370432094022	-2.0721019195698437e-05
717.1991813110001	0.0602162607225345	-2.0640185641185305e-05
718.4086234380001	0.06026874803288084	-2.055929846335111e-05
719.618065565	0.060321167581231974	-2.0478361219475327e-05
720.827507692	0.06037352060134754	-2.0397377707054992e-05
722.036949819	0.06042580823049079	-2.0316351945298683e-05
723.246391946	0.06047803150873503	-2.0235288150597525e-05
724.455834073	0.06053019137857548	-2.0154190713970316e-05
725.6652762	0.06058228868484103	-2.0073064179573774e-05
726.8747183270001	0.06063432417490061	-1.9991913217169005e-05
728.0841604540001	0.060686298499147674	-1.9910742604115073e-05
729.2936025810001	0.06073821221177708	-1.9829557197342806e-05
730.5030447080001	0.06079006577181249	-1.9748361914644075e-05
731.712486835	0.06084185954440528	-1.9667161709528702e-05
732.921928962	0.060893593802377355	-1.9585961550907388e-05
734.131371089	0.06094526872800439	-1.9504766400012946e-05
735.340813216	0.060996884415026986	-1.9423581191752026e-05
736.550255343	0.06104844087087666	-1.934241081522417e-05
737.7596974700001	0.06109993801910795	-1.9261260091635313e-05
738.9691395970001	0.06115137570202307	-1.9180133759132828e-05
740.1785817240001	0.06120275368347661	-1.909903645688077e-05
741.3880238510001	0.061254071651848686	-1.9017972707695285e-05
742.5974659780001	0.06130532922316831	-1.8936946903233554e-05
743.806908105	0.06135652594438551	-1.8855963292589706e-05
745.016350232	0.061407661296765295	-1.8775025969069298e-05
746.225792359	0.061458734699405757	-1.8694138858920545e-05
747.435234486	0.061509745512846686	-1.861330571375011e-05
748.644676613	0.061560693042777545	-1.853253009935496e-05
749.8541187400001	0.061611576543815945	-1.8451815391215542e-05
751.0635608670001	0.06166239522334911	-1.8371164768247322e-05
752.2730029940001	0.061713148245427396	-1.8290581207735385e-05
753.4824451210001	0.06176383473469246	-1.8210067482139075e-05
754.6918872480001	0.06181445378033059	-1.812962615494254e-05
755.901329375	0.06186500444003859	-1.8049259584582145e-05
757.110771502	0.06191548574398696	-1.796896991763941e-05
758.320213629	0.061965896698775384	-1.78887590953844e-05
759.529655756	0.062016236291359314	-1.780862885190221e-05
760.739097883	0.06206650349294565	-1.7728580718901626e-05
761.9485400100001	0.06211669726284151	-1.7648616026065544e-05
763.1579821370001	0.06216681655224654	-1.7568735909773148e-05
764.3674242640001	0.0622168603079805	-1.7488941313242162e-05
765.5768663910001	0.06226682747613418	-1.7409232994418378e-05
766.786308518	0.062316717005634494	-1.732961153292842e-05
767.995750645	0.0623665278517207	-1.725007733016301e-05
769.205192772	0.06241625897931252	-1.717063062566665e-05
770.414634899	0.062465909366273734	-1.7091271496773308e-05
771.624077026	0.06251547800655982	-1.701199986686719e-05
772.833519153	0.0625649639132407	-1.693281551362613e-05
774.0429612800001	0.06261436612139201	-1.6853718077802782e-05
775.2524034070001	0.06266368369085809	-1.6774707068106104e-05
776.4618455340001	0.06271291570887041	-1.6695781870131737e-05
777.6712876610001	0.0627620612925251	-1.661694175342579e-05
778.880729788	0.06281111959110719	-1.6538185880415196e-05
780.090171915	0.06286008978827146	-1.645951331063697e-05
781.299614042	0.0629089711040586	-1.638092300842997e-05
782.509056169	0.06295776279676624	-1.6302413852767317e-05
783.718498296	0.06300646416465003	-1.6223984638866207e-05
784.9279404230001	0.06305507454747408	-1.614563408823544e-05
786.1373825500001	0.06310359332789417	-1.606736085320304e-05
787.3468246770001	0.06315201993268103	-1.5989163521024086e-05
788.5562668040001	0.06320035383378991	-1.591104062211718e-05
789.7657089310001	0.06324859454925791	-1.5832990630761795e-05
790.975151058	0.06329674164395156	-1.5755011974608046e-05
792.184593185	0.06334479473015292	-1.5677103034638512e-05
793.394035312	0.06339275346798963	-1.5599262149845056e-05
794.603477439	0.06344061756571456	-1.5521487620788477e-05
795.812919566	0.06348838677983179	-1.5443777714643087e-05
797.0223616930001	0.06353606091508043	-1.5366130662660543e-05
798.2318038200001	0.06358363982426676	-1.5288544667372422e-05
799.4412459470001	0.0636311234079635	-1.5211017901237134e-05
800.6506880740001	0.06367851161407237	-1.5133548508541178e-05
801.8601302010001	0.06372580443725057	-1.5056134607435712e-05
803.069572328	0.06377300191822083	-1.4978774289624297e-05
804.279014455	0.06382010414295035	-1.4901465622281507e-05
805.488456582	0.06386711124171562	-1.482420664694617e-05
806.697898709	0.06391402338806776	-1.474699537952831e-05
807.907340836	0.06396084079767322	-1.4669829809826895e-05
809.1167829630001	0.06400756372707618	-1.4592707901665142e-05
810.3262250900001	0.06405419247235553	-1.4515627590534763e-05
811.5356672170001	0.06410072736769874	-1.4438586785930907e-05
812.7451093440001	0.06414716878389355	-1.4361583365114089e-05
813.9545514710001	0.06419351712675345	-1.4284615177242305e-05
815.163993598	0.06423977283546528	-1.4207680038232778e-05
816.373435725	0.06428593638088237	-1.4130775729221529e-05
817.582877852	0.0643320082637609	-1.40538999986832e-05
818.792319979	0.06437798901294964	-1.3977050558028337e-05
820.001762106	0.06442387918353823	-1.3900225079049866e-05
821.2112042330001	0.06446967935496714	-1.3823421194096575e-05
822.4206463600001	0.06451539012911647	-1.3746636494799819e-05
823.6300884870001	0.06456101212836435	-1.3669868529332663e-05
824.8395306140001	0.06460654599363434	-1.3593114800685563e-05
826.0489727410001	0.06465199238243466	-1.3516372767332502e-05
827.258414868	0.06469735196688636	-1.343963984090299e-05
828.467856995	0.06474262543176344	-1.3362913383267727e-05
829.677299122	0.06478781347253741	-1.328619070872783e-05
830.886741249	0.06483291679342708	-1.3209469080881914e-05
832.0961833760001	0.06487793610548481	-1.3132745712032823e-05
833.3056255030001	0.06492287212469008	-1.3056017765415012e-05
834.5150676300001	0.06496772557008454	-1.2979282351475302e-05
835.7245097570001	0.06501249716193498	-1.2902536529812297e-05
836.9339518840001	0.06505718761993932	-1.2825777309554559e-05
838.143394011	0.06510179766147235	-1.2749001647598124e-05
839.352836138	0.0651463279998814	-1.2672206452121054e-05
840.562278265	0.06519077934283292	-1.259538858326345e-05
841.771720392	0.06523515239071503	-1.2518544851333746e-05
842.981162519	0.06527944783509851	-1.2441672023376371e-05
844.1906046460001	0.06532366635725852	-1.2364766819188827e-05
845.4000467730001	0.06536780862676211	-1.2287825918104456e-05
846.6094889000001	0.0654118753001231	-1.2210845959263056e-05
847.8189310270001	0.0654558670195278	-1.2133823544303174e-05
849.0283731540001	0.0654997844116301	-1.2056755239242545e-05
850.237815281	0.06554362808642493	-1.197963757994247e-05
851.447257408	0.06558739863619169	-1.1902467073644785e-05
852.656699535	0.06563109663451916	-1.1825240204248882e-05
853.866141662	0.0656747226354038	-1.1747953433713376e-05
855.075583789	0.0657182771724343	-1.1670603208138036e-05
856.2850259160001	0.06576176075804671	-1.1593185961993047e-05
857.4944680430001	0.06580517388286394	-1.1515698121439266e-05
858.7039101700001	0.0658485170151146	-1.143813610971628e-05
859.9133522970001	0.0658917906001318	-1.1360496351593696e-05
861.1227944240001	0.06593499505992809	-1.128277527910615e-05
862.332236551	0.06597813079285275	-1.1204969336677667e-05
863.541678678	0.06602119817332633	-1.1127074985985835e-05
864.751120805	0.06606419755164931	-1.1049088712165173e-05
865.960562932	0.06610712925388683	-1.097100702756107e-05
867.170005059	0.06614999358182821	-1.089282647987258e-05
868.3794471860001	0.06619279081302101	-1.0814543655462278e-05
869.5888893130001	0.0662355212008702	-1.0736155185930851e-05
870.7983314400001	0.06627818497481221	-1.0657657754195582e-05
872.0077735670001	0.06632078234054889	-1.0579048100978206e-05
873.2172156940001	0.0663633134803501	-1.0500323026969849e-05
874.426657821	0.06640577855341617	-1.0421479403662642e-05
875.636099948	0.06644817769630224	-1.0342514172454603e-05
876.845542075	0.06649051102339365	-1.0263424356442286e-05
878.054984202	0.06653277862744002	-1.0184207063890227e-05
879.2644263290001	0.06657498058013801	-1.0104859489976081e-05
880.4738684560001	0.06661711693276215	-1.0025378927174672e-05
881.6833105830001	0.06665918771684097	-9.945762764876354e-06
882.8927527100001	0.06670119294487406	-9.866008500034745e-06
884.1021948370001	0.06674313261109094	-9.786113738047969e-06
885.3116369640001	0.06678500669224076	-9.70607619740424e-06
886.521079091	0.06682681514841773	-9.62589371461195e-06
887.730521218	0.06686855792391282	-9.545564248744642e-06
888.939963345	0.06691023494809598	-9.465085884001467e-06
890.149405472	0.06695184613631672	-9.384456835518501e-06
891.3588475990001	0.06699339139082619	-9.303675449160581e-06
892.5682897260001	0.06703487060171331	-9.22274020877939e-06
893.7777318530001	0.06707628364785789	-9.141649735873447e-06
894.9871739800001	0.06711763039788804	-9.060402793224093e-06
896.1966161070001	0.0671589107111544	-8.97899828705695e-06
897.406058234	0.06720012443869386	-8.897435269911158e-06
898.615500361	0.06724127142420629	-8.815712940934278e-06
899.824942488	0.0672823515050247	-8.73383064745048e-06
901.034384615	0.06732336451307833	-8.651787888697138e-06
902.243826742	0.06736431027585388	-8.56958431387847e-06
903.4532688690001	0.06740518861734074	-8.487219724632317e-06
904.6627109960001	0.06744599935896452	-8.404694072091518e-06
905.8721531230001	0.06748674232050923	-8.322007464516695e-06
907.0815952500001	0.06752741732101784	-8.239160157436087e-06
908.2910373770001	0.06756802417967288	-8.156152562575902e-06
909.500479504	0.06760856271665644	-8.072985238437302e-06
910.709921631	0.06764903275398709	-7.989658897068763e-06
911.919363758	0.06768943411632772	-7.906174398539245e-06
913.128805885	0.0677297666317685	-7.822532751892292e-06
914.338248012	0.06777003013257898	-7.738735111787604e-06
915.5476901390001	0.06781022445592949	-7.654782777734292e-06
916.7571322660001	0.06785034944457771	-7.570677191745534e-06
917.9665743930001	0.0678904049475291	-7.486419937932642e-06
919.1760165200001	0.06793039082065347	-7.4020127383729595e-06
920.3854586470001	0.067970306927271	-7.317457449869391e-06
921.594900774	0.0680101531387008	-7.232756065764928e-06
922.804342901	0.06804992933476992	-7.147910707227395e-06
924.013785028	0.06808963540429075	-7.062923624276407e-06
925.223227155	0.06812927124548865	-6.977797192241064e-06
926.432669282	0.0681688367664025	-6.892533907981724e-06
927.6421114090001	0.06820833188523893	-6.807136387357304e-06
928.8515535360001	0.06824775653068925	-6.721607360669901e-06
930.0609956630001	0.06828711064220733	-6.635949670919655e-06
931.2704377900001	0.06832639417024709	-6.550166268326496e-06
932.4798799170001	0.06836560707646627	-6.464260210101158e-06
933.689322044	0.06840474933388223	-6.378234653815068e-06
934.898764171	0.06844382092699824	-6.292092855637865e-06
936.108206298	0.0684828218518891	-6.205838165275479e-06
937.317648425	0.06852175211624709	-6.119474022899668e-06
938.5270905520001	0.06856061173939476	-6.03300395701778e-06
939.7365326790001	0.06859940075226582	-5.9464315780265176e-06
940.9459748060001	0.06863811919734278	-5.859760578270923e-06
942.1554169330001	0.06867676712856946	-5.772994724862618e-06
943.3648590600001	0.06871534461122612	-5.686137856536488e-06
944.5743011870001	0.06875385172177353	-5.59919388353966e-06
945.783743314	0.06879228854767218	-5.512166778614408e-06
946.993185441	0.06883065518716547	-5.425060579242885e-06
948.202627568	0.06886895174904108	-5.3378793808400715e-06
949.412069695	0.06890717835236324	-5.250627334908026e-06
950.6215118220001	0.06894533512618245	-5.163308644813569e-06
951.8309539490001	0.06898342220921809	-5.075927561028204e-06
953.0403960760001	0.06902143974952482	-4.988488381901801e-06
954.2498382030001	0.06905938790413549	-4.900995448031686e-06
955.4592803300001	0.06909726683868751	-4.813453139067281e-06
956.6687224570001	0.0691350767270276	-4.725865873352747e-06
957.878164584	0.06917281775080444	-4.638238101269121e-06
959.087606711	0.06921049009904766	-4.550574306899646e-06
960.297048838	0.06924809396773662	-4.4628790006259744e-06
961.506490965	0.06928562955935208	-4.37515672035288e-06
962.7159330920001	0.06932309708242433	-4.287412028458615e-06
963.9253752190001	0.06936049675106926	-4.199649508394854e-06
965.1348173460001	0.06939782878452491	-4.111873763465446e-06
966.3442594730001	0.06943509340667664	-4.024089414141063e-06
967.5537016000001	0.06947229084558172	-3.936301094829148e-06
968.763143727	0.06950942133299398	-3.848513456829877e-06
969.972585854	0.06954648510388944	-3.760731160335623e-06
971.182027981	0.06958348239598545	-3.672958875523824e-06
972.391470108	0.06962041344927235	-3.5852012825847435e-06
973.600912235	0.06965727850554476	-3.497463067676093e-06
974.8103543620001	0.06969407780793901	-3.4097489234573286e-06
976.0197964890001	0.06973081160047356	-3.3220635447701874e-06
977.2292386160001	0.06976748012760323	-3.2344116306440296e-06
978.4386807430001	0.06980408363378081	-3.146797882141311e-06
979.6481228700001	0.06984062236302367	-3.059227001774717e-06
980.857564997	0.06987709655849851	-2.971703690887728e-06
982.067007124	0.06991350646211236	-2.8842326504491256e-06
983.276449251	0.06994985231412126	-2.7968185794848e-06
984.485891378	0.06998613435275197	-2.7094661752477545e-06
985.6953335050001	0.07002235281383223	-2.622180131098273e-06
986.9047756320001	0.07005850793044788	-2.534965134685929e-06
988.1142177590001	0.07009459993260234	-2.4478258726437496e-06
989.3236598860001	0.07013062904690621	-2.3607670271742764e-06
990.5331020130001	0.07016659549627474	-2.273793273523811e-06
991.7425441400001	0.07020249949964544	-2.186909282327759e-06
992.951986267	0.07023834127171605	-2.100119717726723e-06
994.161428394	0.07027412102269893	-2.0134292368981233e-06
995.370870521	0.07030983895809309	-1.926842492401548e-06
996.580312648	0.07034549527847977	-1.8403641308985252e-06
997.7897547750001	0.07038109017933156	-1.7539987898287923e-06
998.9991969020001	0.07041662385084424	-1.6677511016048585e-06
1000.2086390290001	0.07045209647778616	-1.5816256907670578e-06
1001.4180811560001	0.0704875082393693	-1.4956271748578498e-06
1002.6275232830001	0.07052285930913614	-1.4097601633220047e-06
1003.8369654100001	0.07055814985486877	-1.324029259355819e-06
1005.046407537	0.070593380038514	-1.2384390569164516e-06
1006.255849664	0.07062855001613177	-1.1529941433031932e-06
1007.465291791	0.07066365993785641	-1.067699097509478e-06
1008.674733918	0.07069870994787933	-9.825584906600349e-07
1009.8841760450001	0.0707337001844449	-8.975768834261488e-07
1011.0936181720001	0.07076863077987448	-8.127588313928957e-07
1012.3030602990001	0.0708035018605939	-7.281088771696198e-07
1013.5125024260001	0.07083831354718426	-6.43631558806812e-07
1014.7219445530001	0.07087306595445048	-5.593314014069872e-07
1015.9313866800001	0.07090775919149862	-4.752129220686463e-07
1017.140828807	0.0709423933618337	-3.912806276276659e-07
1018.350270934	0.07097696856346736	-3.0753901333890887e-07
1019.559713061	0.07101148488904016	-2.239925624807071e-07
1020.769155188	0.07104594242596021	-1.4064574963695842e-07
1021.9785973150001	0.07108034125654678	-5.7503034830291844e-08
1023.1880394420001	0.07111468145818928	2.543113476055625e-08
1024.397481569	0.07114896310351658	1.0815232416583331e-07
1025.606923696	0.07118318626057717	1.9065611290419726e-07
1026.816365823	0.07121735099302379	2.729380969637707e-07
1028.0258079500002	0.07125145736030972	3.549938868210867e-07
1029.235250077	0.07128550541789586	4.368191107474717e-07
1030.4446922040001	0.07131949521745405	5.184094145592455e-07
1031.654134331	0.07135342680708719	5.997604619646657e-07
1032.8635764580001	0.07138730023154882	6.80867938220725e-07
1034.073018585	0.07142111553246655	7.617275494392617e-07
1035.282460712	0.07145487274857379	8.423350222955261e-07
1036.491902839	0.07148857191593619	9.226861092913319e-07
1037.701344966	0.07152221306819109	1.002776585577042e-06
1038.9107870930002	0.07155579623677681	1.0826022547108516e-06
1040.12022922	0.07158932145116946	1.1621589473508054e-06
1041.3296713470002	0.07162278873911865	1.2414425237146365e-06
1042.539113474	0.0716561981268792	1.320448872330765e-06
1043.7485556010001	0.07168954963944695	1.3991739174455675e-06
1044.957997728	0.07172284330078713	1.477613615151474e-06
1046.167439855	0.07175607913406393	1.555763957428874e-06
1047.376881982	0.07178925716186028	1.633620974824529e-06
1048.586324109	0.07182237740640218	1.7111807353760444e-06
1049.795766236	0.07185543988977333	1.7884393484907113e-06
1051.005208363	0.07188844463412414	1.865392965760826e-06
1052.2146504900002	0.07192139166187721	1.942037783843331e-06
1053.424092617	0.07195428099592852	2.0183700456186116e-06
1054.6335347440001	0.07198711265983698	2.0943860422097116e-06
1055.842976871	0.07201988667801201	2.170082114824612e-06
1057.0524189980001	0.07205260307588912	2.2454546558386967e-06
1058.261861125	0.072085261880102	2.320500113079521e-06
1059.471303252	0.07211786311864488	2.3952149894625185e-06
1060.680745379	0.07215040682102841	2.4695958443649024e-06
1061.890187506	0.07218289301842327	2.5436392990275947e-06
1063.0996296330002	0.0722153217437974	2.617342033505582e-06
1064.30907176	0.0722476930320462	2.6907007938878347e-06
1065.5185138870002	0.07228000692010886	2.7637123892268467e-06
1066.727956014	0.07231226344707914	2.8363736981791565e-06
1067.9373981410001	0.07234446265430625	2.908681666066726e-06
1069.146840268	0.0723766045854853	2.980633310351727e-06
1070.356282395	0.07240868928674103	3.0522257195506053e-06
1071.565724522	0.07244071680669752	3.1234560562594382e-06
1072.775166649	0.0724726871965386	3.194321561889729e-06
1073.9846087760002	0.07250460051006828	3.26481955050667e-06
1075.194050903	0.0725364568037498	3.334947418213996e-06
1076.4034930300002	0.07256825613674026	3.4047026405831238e-06
1077.612935157	0.0725999985709158	3.474082776278725e-06
1078.8223772840001	0.07263168417089332	3.5430854652684918e-06
1080.031819411	0.07266331300403077	3.611708434211186e-06
1081.2412615380001	0.07269488514043289	3.679949493604756e-06
1082.450703665	0.07272640065294159	3.747806542921117e-06
1083.660145792	0.07275785961711292	3.815277569499398e-06
1084.869587919	0.07278926211119792	3.882360648754107e-06
1086.079030046	0.07282060821610778	3.949053948182346e-06
1087.2884721730002	0.07285189801537345	4.01535572420661e-06
1088.4979143	0.07288313159509857	4.0812643283573424e-06
1089.7073564270001	0.0729143090439071	4.1467782027695965e-06
1090.916798554	0.07294543045287961	4.211895884089628e-06
1092.1262406810001	0.0729764959154906	4.276616003058564e-06
1093.335682808	0.0730075055275357	4.340937284737917e-06
1094.545124935	0.0730384593870516	4.404858550254714e-06
1095.754567062	0.07306935759423838	4.4683787164163935e-06
1096.964009189	0.07310020025136703	4.531496795457529e-06
1098.1734513160002	0.07313098746269085	4.594211896875172e-06
1099.382893443	0.07316171933435295	4.656523226554549e-06
1100.5923355700002	0.07319239597428173	4.718430087750913e-06
1101.801777697	0.07322301749209369	4.779931879292376e-06
1103.0112198240001	0.07325358399898854	4.84102809816464e-06
1104.220661951	0.07328409560764118	4.901718338872624e-06
1105.430104078	0.0733145524320915	4.962002293423112e-06
1106.639546205	0.0733449545876376	5.021879749048802e-06
1107.848988332	0.07337530219072083	5.081350591195494e-06
1109.058430459	0.0734055953588147	5.140414803511684e-06
1110.267872586	0.07343583421031159	5.199072462828275e-06
1111.4773147130002	0.0734660188644102	5.2573237475858625e-06
1112.68675684	0.07349614944100157	5.315168929105607e-06
1113.8961989670001	0.07352622606055617	5.3726083766580945e-06
1115.105641094	0.07355624884401339	5.429642552567948e-06
1116.3150832210001	0.07358621791266823	5.48627201816046e-06
1117.524525348	0.07361613338806473	5.542497429230492e-06
1118.733967475	0.0736459953918906	5.598319535005114e-06
1119.943409602	0.07367580404586482	5.653739180468131e-06
1121.152851729	0.07370555947163833	5.708757303154316e-06
1122.3622938560002	0.07373526179069073	5.763374935716797e-06
1123.571735983	0.07376491112423576	5.817593202863541e-06
1124.7811781100002	0.07379450759312196	5.871413321499597e-06
1125.990620237	0.07382405131774081	5.924836599741773e-06
1127.2000623640001	0.07385354241794027	5.977864434705132e-06
1128.409504491	0.07388298101293668	6.030498316437344e-06
1129.618946618	0.07391236722122957	6.082739819189553e-06
1130.828388745	0.07394170116052949	6.134590606384632e-06
1132.037830872	0.07397098294768062	6.186052426294247e-06
1133.2472729990002	0.07400021269858531	6.237127111508034e-06
1134.456715126	0.07402939052814436	6.28781657596722e-06
1135.6661572530002	0.07405851655019133	6.338122812275804e-06
1136.87559938	0.0740875908774345	6.388047892220972e-06
1138.0850415070001	0.07411661362140073	6.437593960184618e-06
1139.294483634	0.07414558489238704	6.486763234437448e-06
1140.5039257610001	0.07417450479941588	6.535557998052499e-06
1141.713367888	0.07420337345019307	6.583980600567002e-06
1142.922810015	0.07423219095107172	6.63203345210861e-06
1144.132252142	0.07426095740701706	6.679719019464514e-06
1145.341694269	0.07428967292157915	6.7270398177443624e-06
1146.5511363960002	0.07431833759686973	6.773998410702919e-06
1147.760578523	0.07434695153354134	6.8205974005156045e-06
1148.9700206500002	0.07437551483077454	6.866839422029619e-06
1150.179462777	0.07440402758626109	6.91272713822938e-06
1151.3889049040001	0.07443248989619909	6.95826323125065e-06
1152.598347031	0.07446090185529142	7.0034503925966995e-06
1153.807789158	0.07448926355674323	7.048291317958422e-06
1155.017231285	0.07451757509226738	7.092788696948238e-06
1156.226673412	0.07454583655209204	7.136945201022954e-06
1157.4361155390002	0.07457404802497306	7.18076347652058e-06
1158.645557666	0.0746022095982055	7.224246131004586e-06
1159.8549997930002	0.07463032135764984	7.267395724250281e-06
1161.06444192	0.07465838338774272	7.310214751744121e-06
1162.2738840470001	0.07468639577153321	7.352705634428025e-06
1163.483326174	0.07471435859070073	7.3948707054322105e-06
1164.6927683010001	0.07474227192559184	7.4367121947992165e-06
1165.902210428	0.07477013585525291	7.478232213326691e-06
1167.111652555	0.07479795045746424	7.519432737711218e-06
1168.321094682	0.07482571580877949	7.560315593103939e-06
1169.530536809	0.07485343198456881	7.600882438289075e-06
1170.7399789360002	0.07488109905905865	7.641134743122113e-06
1171.949421063	0.07490871710537886	7.68107377547081e-06
1173.1588631900001	0.07493628619561092	7.720700578642964e-06
1174.368305317	0.07496380640083312	7.760015951006893e-06
1175.5777474440001	0.07499127779117379	7.799020429431758e-06
1176.787189571	0.07501870043586423	7.837714266569623e-06
1177.996631698	0.0750460744032884	7.87609740652423e-06
1179.206073825	0.07507339976104085	7.914169469751958e-06
1180.415515952	0.07510067657597923	7.951929724397261e-06
1181.6249580790002	0.07512790491428308	7.989377068990527e-06
1182.834400206	0.0751550848415096	8.026510010708532e-06
1184.0438423330002	0.0751822164226475	8.063326639023982e-06
1185.25328446	0.07520929972218318	8.099824608313183e-06
1186.4627265870001	0.07523633480414953	8.136001114843194e-06
1187.672168714	0.07526332173218916	8.171852875899638e-06
1188.881610841	0.07529026056961019	8.207376107287334e-06
1190.091052968	0.07531715137944517	8.242566508196575e-06
1191.300495095	0.0753439942245065	8.277419239147848e-06
1192.5099372220002	0.07537078916744124	8.311928907787924e-06
1193.719379349	0.07539753627079125	8.346089547948271e-06
1194.9288214760002	0.07542423559704177	8.379894613292499e-06
1196.138263603	0.07545088720867588	8.413336954133516e-06
1197.3477057300001	0.07547749116822526	8.446408816451673e-06
1198.557147857	0.07550404753832392	8.479101824776514e-06
1199.7665899840001	0.075530556381747	8.511406980247355e-06
1200.976032111	0.07555701776146263	8.543314653212952e-06
1202.185474238	0.07558343174067034	8.57481457755202e-06
1203.394916365	0.07560979838284562	8.60589585179386e-06
1204.604358492	0.07563611775177023	8.636546938924072e-06
1205.8138006190002	0.07566238991157022	8.66675566498984e-06
1207.023242746	0.07568861492674366	8.696509222482635e-06
1208.2326848730002	0.07571479286219233	8.72579417475483e-06
1209.442127	0.07574092378323871	8.754596458496883e-06
