0.0	0.0	0.0
1.209442127	7.593774714552572e-06	2.9133572434168003e-09
2.418884254	3.0372303058038815e-05	3.1010573313465213e-09
3.6283263810000004	6.829952538194797e-05	3.2981390478325416e-09
4.837768508	0.00012132583076645176	3.339886383733545e-09
6.047210635000001	0.00018938484371777218	3.383471543303568e-09
7.256652762000001	0.0002723937339714212	3.415183500717978e-09
8.466094889	0.00037025282438799033	3.3843366517983912e-09
9.675537016	0.00048284474320866	3.3339720633220916e-09
10.884979143	0.0006100336220844915	3.212394587858748e-09
12.094421270000002	0.0007516639552415756	3.0085782398367455e-09
13.303863397	0.0009075593729439833	2.6985178022253392e-09
14.513305524000002	0.0010775213456275484	2.250054023525752e-09
15.722747651	0.001261327865829342	1.6192909584825804e-09
16.932189778	0.0014587321459517437	7.624824291917187e-10
18.141631905	0.0016694614041515925	-3.6995326311954624e-10
19.351074032	0.0018932157349406673	-1.8167253337548345e-09
20.560516159000002	0.0021296671468993087	-3.576887037644652e-09
21.769958286	0.0023784588021306227	-5.570789677646071e-09
22.979400413	0.002639204477221145	-7.603927464246152e-09
24.188842540000003	0.002911488146393548	-9.414618234310224e-09
25.398284667000002	0.003194863542382984	-1.0827196732059174e-08
26.607726794	0.0034888541691782573	-1.1796589515986056e-08
27.817168921	0.0037929541251286096	-1.2317340317841152e-08
29.026611048000003	0.004106628922701854	-1.236115848178218e-08
30.236053175000002	0.004429316319610748	-1.1891896838783778e-08
31.445495302	0.0047604275160995505	-1.0890835770542562e-08
32.654937429	0.005099348689566888	-9.37591611901295e-09
33.864379556	0.005445442808007439	-7.419234995462154e-09
35.073821683000006	0.005798051699415141	-5.164473377596013e-09
36.28326381	0.006156498361481164	-2.8463929208424887e-09
37.492705937000004	0.006520089493058789	-8.126810925601635e-10
38.702148064	0.006888118223957707	4.5651284141801085e-10
39.911590191	0.007259867014495191	3.4019979888721963e-10
41.121032318000005	0.007634610690879898	-1.911167729282126e-09
42.330474445	0.008011619576475804	-7.1372348170450906e-09
43.539916572	0.008390162674527976	-1.620761139707605e-08
44.749358699000005	0.008769510862333315	-2.996004945781533e-08
45.958800826	0.009148940075370905	-4.916710779397787e-08
47.168242953000004	0.009527734480377048	-7.454881064111046e-08
48.377685080000006	0.009905189634247982	-1.0681637154907192e-07
49.587127207	0.010280615600968645	-1.46712533513442e-07
50.796569334000004	0.010653339982737634	-1.9502562820499642e-07
52.00601146100001	0.011022710829646015	-2.5257594989287757e-07
53.215453588	0.011388099403552497	-3.201818446563545e-07
54.424895715000005	0.011748902769839824	-3.98611861868875e-07
55.634337842	0.012104546191361384	-4.885286071952197e-07
56.843779969	0.012454485309180805	-5.90432391508848e-07
58.053222096000006	0.012798208099760178	-7.046159631821786e-07
59.262664223	0.01313523659942663	-8.311435643485257e-07
60.472106350000004	0.013465128397815412	-9.698718735672365e-07
61.68154847700001	0.013787477923417748	-1.1205316267958246e-06
62.890990604	0.01410191754595812	-1.2828662033026808e-06
64.100432731	0.014408118470171347	-1.4567792335270363e-06
65.309874858	0.014705791355892948	-1.6424232510180506e-06
66.519316985	0.014994686649564123	-1.84019475902783e-06
67.728759112	0.015274594665367437	-2.0506632188166396e-06
68.93820123900001	0.015545345444621814	-2.274506616743374e-06
70.14764336600001	0.015806808440644162	-2.512508144799329e-06
71.357085493	0.016058892109584028	-2.76559487897253e-06
72.56652762	0.01630154343733521	-3.0348532206285472e-06
73.775969747	0.01653474734535464	-3.321479641965608e-06
74.98541187400001	0.016758525892505434	-3.6266755139248083e-06
76.19485400100001	0.01697293723376708	-3.951523221260456e-06
77.404296128	0.017178074355770262	-4.296878217961448e-06
78.613738255	0.017374063639023836	-4.663294970201279e-06
79.823180382	0.017561063293739347	-5.050990677484858e-06
81.032622509	0.017739261700248796	-5.459843989111864e-06
82.24206463600001	0.017908875671957307	-5.889423617126861e-06
83.45150676300001	0.018070148652516806	-6.3390404779926565e-06
84.66094889	0.01822334885717789	-6.807815589514061e-06
85.870391017	0.018368767368075772	-7.294754700497546e-06
87.079833144	0.018506716192606354	-7.798820187634005e-06
88.28927527100001	0.01863752629206092	-8.318991520398986e-06
89.49871739800001	0.0187615455842814	-8.854307753526636e-06
90.708159525	0.018879136920717212	-9.403888884552286e-06
91.917601652	0.018990676038515765	-9.966937531312274e-06
93.127043779	0.019096549497047137	-1.0542727681781905e-05
94.33648590600001	0.01919715262724872	-1.1130590235798263e-05
95.54592803300001	0.019292887541751465	-1.172990003281963e-05
96.75537016000001	0.019384161251770487	-1.2340060492834368e-05
97.964812287	0.019471383901371916	-1.2960483578632722e-05
99.174254414	0.019554967086745235	-1.3590569029367744e-05
100.383696541	0.019635322215655792	-1.4229686917504745e-05
101.59313866800001	0.01971285888341652	-1.4877166470272246e-05
102.80258079500001	0.019787983270051848	-1.5532293771157966e-05
104.01202292200001	0.019861096578679543	-1.6194319555439918e-05
105.221465049	0.019932593536261586	-1.6862476328851662e-05
106.430907176	0.020002860972374203	-1.7536002264217855e-05
107.64034930300001	0.02007227648576058	-1.8214167466447297e-05
108.84979143000001	0.020141207204451474	-1.8896295563928384e-05
110.05923355700001	0.020210008642598844	-1.9581769944141823e-05
111.268675684	0.02027902365368962	-2.0270010463970586e-05
112.478117811	0.020348581472496144	-2.0960406555027263e-05
113.687559938	0.020418996825219488	-2.1652202211755846e-05
114.89700206500001	0.02049056907330649	-2.234435237033071e-05
116.10644419200001	0.020563581357495017	-2.3035403886496105e-05
117.31588631900001	0.020638299745595737	-2.37234740408359e-05
118.525328446	0.020714972455418798	-2.4406373084400867e-05
119.734770573	0.020793829268273722	-2.508184350007701e-05
120.94421270000001	0.020875081210705113	-2.574782054507623e-05
122.15365482700001	0.020958920483820774	-2.6402614283217306e-05
123.36309695400001	0.02104552054424596	-2.704496775170109e-05
124.572539081	0.0211350362344761	-2.767400661478998e-05
125.781981208	0.02122760390156353	-2.8289126714552615e-05
126.99142333500001	0.021323341491457325	-2.8889867550671426e-05
128.200865462	0.02142234863876175	-2.9475806398490787e-05
129.410307589	0.021524706783194993	-3.0046491174631285e-05
130.619749716	0.021630479339687113	-3.060141612618646e-05
131.82919184300002	0.021739711937047646	-3.114003468116509e-05
133.03863397	0.021852432727085237	-3.1661798132953114e-05
134.24807609700002	0.021968652754914032	-3.2166206785300014e-05
135.457518224	0.02208836637233505	-3.265286134231094e-05
136.666960351	0.02221155167004805	-3.312150573552691e-05
137.87640247800002	0.022338170904901894	-3.357205662527154e-05
139.085844605	0.02246817091369395	-3.4004618311476436e-05
140.29528673200002	0.022601483539959975	-3.441948547279848e-05
141.504728859	0.022738026139192125	-3.481714088161985e-05
142.714170986	0.022877702233798165	-3.5198258193717665e-05
143.92361311300002	0.023020402341969032	-3.556371557369428e-05
145.13305524	0.023166004938393416	-3.591461494238782e-05
146.34249736700002	0.02331437747313659	-3.6252293576581954e-05
147.551939494	0.02346537738979121	-3.6578316732149515e-05
148.761381621	0.02361885311606499	-3.689444846263876e-05
149.97082374800002	0.0237746450231086	-3.720260497877927e-05
151.180265875	0.023932586359508876	-3.7504797144781335e-05
152.38970800200002	0.024092504168122527	-3.780306742836854e-05
153.599150129	0.024254220193889973	-3.809942481198744e-05
154.808592256	0.024417551789774464	-3.83957808016565e-05
156.018034383	0.024582312825279676	-3.8693891140288966e-05
157.22747651	0.024748314596926946	-3.8995309985404535e-05
158.43691863700002	0.02491536673352105	-3.930136404623678e-05
159.646360764	0.02508327808359484	-3.96131517162294e-05
160.85580289100002	0.025251857571047653	-3.993156656378872e-05
162.065245018	0.02542091500874123	-4.0257337920695255e-05
163.274687145	0.025590261866767765	-4.0591077008917884e-05
164.48412927200002	0.025759711998566807	-4.0933316979654705e-05
165.693571399	0.02592908233126915	-4.128453885046766e-05
166.90301352600002	0.02609819352612463	-4.164518037627716e-05
168.112455653	0.02626687061209642	-4.201562929567618e-05
169.32189778	0.026434943592557256	-4.23962052893607e-05
170.53133990700002	0.02660224802281693	-4.2787136429473915e-05
171.740782034	0.026768625555389294	-4.3188536260062825e-05
172.95022416100002	0.026933924450274475	-4.360038708974565e-05
174.159666288	0.027098000048505003	-4.4022533542480494e-05
175.369108415	0.027260715208140187	-4.4454688091975086e-05
176.57855054200002	0.02742194070224568	-4.489644777375644e-05
177.787992669	0.027581555577880508	-4.534731919450877e-05
178.99743479600002	0.02773944747389178	-4.5806747678532166e-05
180.206876923	0.027895512893878392	-4.6274145886992385e-05
181.41631905	0.028049657429777913	-4.674891741110682e-05
182.62576117700002	0.028201795931689647	-4.723047171608253e-05
183.835203304	0.028351852621063985	-4.7718228466896856e-05
185.04464543100002	0.02849976114698921	-4.821161152944453e-05
186.254087558	0.02864546458822589	-4.8710035203627326e-05
187.46352968500003	0.02878891540592649	-4.921288672233128e-05
188.67297181200001	0.028930075352961212	-4.9719509298198385e-05
189.882413939	0.02906891534549911	-5.022918892344259e-05
191.09185606600002	0.02920541530139447	-5.074114625268963e-05
192.301298193	0.029339563948559383	-5.1254532959750694e-05
193.51074032000002	0.029471358605360206	-5.176843071054253e-05
194.720182447	0.029600804934377962	-5.228185069301901e-05
195.929624574	0.02972791667069184	-5.279373236843649e-05
197.13906670100002	0.029852715326113735	-5.330294131533544e-05
198.348508828	0.02997522987131209	-5.3808267193646356e-05
199.55795095500002	0.03009549639837924	-5.430842351675149e-05
200.767393082	0.0302135577668589	-5.480205091397145e-05
201.976835209	0.030329463236356904	-5.5287724947237875e-05
203.18627733600002	0.03044326808850715	-5.5763968606881674e-05
204.395719463	0.030555033240330154	-5.622926868042045e-05
205.60516159000002	0.03066482485013357	-5.6682094582720735e-05
206.814603717	0.030772713916378966	-5.7120918070417345e-05
208.02404584400003	0.03087877586965568	-5.754423249409654e-05
209.23348797100002	0.03098309015806246	-5.795057068299324e-05
210.442930098	0.031085739826810867	-5.8338520967282995e-05
211.65237222500002	0.031186811093454076	-5.8706741153569456e-05
212.861814352	0.03128639292064606	-5.905397041384205e-05
214.07125647900003	0.031384576588609256	-5.937903911416766e-05
215.28069860600002	0.031481455269586615	-5.968087665465891e-05
216.490140733	0.031577123606489794	-5.995851743465907e-05
217.69958286000002	0.031671677297786464	-6.0211105129699335e-05
218.909024987	0.03176521269048225	-6.043789552579587e-05
220.11846711400003	0.03185782638283788	-6.063825819380402e-05
221.32790924100001	0.031949614838267894	-6.0811677287522965e-05
222.537351368	0.03204067401170197	-6.0957751707991364e-05
223.74679349500002	0.03213109898955026	-6.107619479620019e-05
224.956235622	0.032220983644293336	-6.116683363026516e-05
226.16567774900003	0.032310420304616165	-6.122960792559386e-05
227.375119876	0.03239949944190416	-6.12645684820029e-05
228.584562003	0.03248830937381673	-6.127187509618465e-05
229.79400413000002	0.03257693598554792	-6.12517938723342e-05
231.003446257	0.032665462469283785	-6.120469388536803e-05
232.21288838400002	0.0327539690822525	-6.113104318893319e-05
233.422330511	0.03284253292367191	-6.1031404209342666e-05
234.63177263800003	0.032931227730794335	-6.0906428580469185e-05
235.84121476500002	0.033020123694170615	-6.0756851517328354e-05
237.050656892	0.03310928729217283	-6.058348582586252e-05
238.26009901900002	0.033198781144741285	-6.03872156563906e-05
239.469541146	0.03328866388624996	-6.0168990103306834e-05
240.67898327300003	0.03337899005732639	-5.992981674845122e-05
241.88842540000002	0.03346981001539414	-5.9670755226467684e-05
243.097867527	0.033561169863647676	-5.939291089826146e-05
244.30730965400002	0.03365311139811013	-5.9097428688236094e-05
245.516751781	0.033745672072367616	-5.878548715314985e-05
246.72619390800003	0.03383888497952446	-5.84582928348917e-05
247.93563603500002	0.03393277885086962	-5.811707496019072e-05
249.145078162	0.03402737807070612	-5.7763080540262565e-05
250.35452028900002	0.034122702706760245	-5.7397569941154865e-05
251.563962416	0.034218768555567845	-5.702181296991186e-05
252.77340454300003	0.03431558720222286	-5.663708550580817e-05
253.98284667000001	0.03441316609388101	-5.624466663102165e-05
255.192288797	0.03451150862642166	-5.584583607723837e-05
256.401730924	0.03461061424366771	-5.5441871613458316e-05
257.61117305100004	0.03471047854851537	-5.503404577998899e-05
258.820615178	0.034811093425206385	-5.4623621310825876e-05
260.030057305	0.034912447171787764	-5.421184487194343e-05
261.239499432	0.035014524641629116	-5.379993944615476e-05
262.448941559	0.03511730739285272	-5.338909650514246e-05
263.65838368600004	0.035220773844702735	-5.298046944103227e-05
264.867825813	0.03532489944017514	-5.257516921232993e-05
266.07726794	0.035429656814399565	-5.2174262179518864e-05
267.286710067	0.035535015968270287	-5.177876936899618e-05
268.49615219400005	0.035640944446718205	-5.138966625215825e-05
269.70559432100004	0.035747407520894836	-5.100788244963728e-05
270.915036448	0.03585436837350134	-5.063430113641607e-05
272.124478575	0.03596178828647757	-5.0269758181608996e-05
273.333920702	0.03606962683029473	-4.9915041147603756e-05
274.54336282900005	0.03617784205412302	-4.9570888265743594e-05
275.75280495600003	0.036286390676181286	-4.9237987476371224e-05
276.962247083	0.03639522827360307	-4.891697558374354e-05
278.17168921	0.03650430947118355	-4.860843755109898e-05
279.381131337	0.0366135881283989	-4.831290594505596e-05
280.59057346400004	0.03672301752410666	-4.8030860535668886e-05
281.80001559100003	0.0368325505383777	-4.776272804805828e-05
283.009457718	0.03694213983091867	-4.750888206258349e-05
284.218899845	0.03705173801558819	-4.726964306045467e-05
285.428341972	0.03716129783052933	-4.704527861428866e-05
286.63778409900004	0.03727077230347294	-4.683600371397853e-05
287.84722622600003	0.03738011491180246	-4.664198122983267e-05
289.056668353	0.037489279736997616	-4.646332250556485e-05
290.26611048	0.03759822161310558	-4.630008808128357e-05
291.475552607	0.03770689626892246	-4.615228854367749e-05
292.68499473400004	0.03781526046359607	-4.601988549720725e-05
293.89443686100003	0.03792327211539523	-4.5902792655218815e-05
295.103878988	0.038030890423413274	-4.5800877049193174e-05
296.313321115	0.038138075982013256	-4.571396035269945e-05
297.522763242	0.038244790887840364	-4.56418203093837e-05
298.73220536900004	0.03835099883925596	-4.558419227345192e-05
299.94164749600003	0.03845666522808409	-4.554077084326525e-05
301.151089623	0.038561757223572656	-4.551121159457501e-05
302.36053175	0.03866624384850532	-4.54951329007941e-05
303.569973877	0.0387700960474246	-4.549211783364156e-05
304.77941600400004	0.03887328674694412	-4.550171614066227e-05
305.98885813100003	0.03897579090815884	-4.552344629181731e-05
307.198300258	0.03907758557117638	-4.555679758367834e-05
308.407742385	0.03917864989182426	-4.5601232296446984e-05
309.617184512	0.039278965170594336	-4.565618789599806e-05
310.82662663900004	0.039378514873924186	-4.5721079268450614e-05
312.036068766	0.039477284647918456	-4.5795300982400845e-05
313.245510893	0.03957526232464692	-4.587822956395385e-05
314.45495302	0.03967243792115796	-4.5969225778966574e-05
315.664395147	0.0397688036313817	-4.6067636905766304e-05
316.87383727400004	0.03986435381109943	-4.617279899241707e-05
318.083279401	0.03995908495618145	-4.628403908109747e-05
319.292721528	0.04005299567430401	-4.640067739111048e-05
320.502163655	0.04014608665037653	-4.6522029449373725e-05
321.71160578200005	0.04023836060591894	-4.6647408156065724e-05
322.92104790900004	0.04032982225264603	-4.677612577929247e-05
324.130490036	0.040420478240528745	-4.69074958751774e-05
325.339932163	0.04051033710060483	-4.7040835125131304e-05
326.54937429	0.04059940918283839	-4.7175465100352323e-05
327.75881641700005	0.04068770658932669	-4.731071394323966e-05
328.96825854400004	0.040775243103162384	-4.7445917987672115e-05
330.177700671	0.04086203411327442	-4.758042331128639e-05
331.387142798	0.04094809653557102	-4.7713587237320845e-05
332.596584925	0.04103344873072071	-4.784477978708908e-05
333.80602705200005	0.041118110418902294	-4.79733850937171e-05
335.01546917900004	0.04120210259186745	-4.8098802777287245e-05
336.224911306	0.04128544742265243	-4.822044928425202e-05
337.434353433	0.041368168173282996	-4.833775919145956e-05
338.64379556	0.04145028910080538	-4.845018647135161e-05
339.85323768700005	0.04153183536198028	-4.855720571171271e-05
341.06267981400003	0.041612832916978225	-4.865831329041101e-05
342.272121941	0.041693308432395486	-4.8753028492216736e-05
343.481564068	0.041773289183919995	-4.88408945688492e-05
344.691006195	0.041852802958959594	-4.8921479729251496e-05
345.90044832200005	0.041931877959551805	-4.899437806079286e-05
347.10989044900003	0.042010542705847115	-4.905921037643129e-05
348.319332576	0.042088825940476915	-4.911562497917233e-05
349.528774703	0.042166756534078025	-4.916329834640711e-05
350.73821683	0.04224436339226659	-4.920193572965047e-05
351.94765895700004	0.04232167536432035	-4.923127166356258e-05
353.15710108400003	0.04239872115383132	-4.925107039026495e-05
354.366543211	0.04247552923157669	-4.926112619343514e-05
355.575985338	0.0425521277508389	-4.9261263640680564e-05
356.785427465	0.04262854446540313	-4.925133773759499e-05
357.99486959200004	0.04270480665043766	-4.9231233988681136e-05
359.20431171900003	0.042780941026456944	-4.920086837269938e-05
360.413753846	0.04285697368654577	-4.9160187223171344e-05
361.623195973	0.04293293002701988	-4.9109167023196794e-05
362.8326381	0.04300883468167168	-4.904781411326203e-05
364.04208022700004	0.04308471145974507	-4.897616430965101e-05
365.25152235400003	0.04316058328775965	-4.889428243987689e-05
366.460964481	0.04323647215530116	-4.8802261795270925e-05
367.670406608	0.043312399064868785	-4.870022349993952e-05
368.87984873500005	0.043388383985859175	-4.8588315801634425e-05
370.08929086200004	0.04346444581275548	-4.846671328820936e-05
371.29873298900003	0.043540602327570316	-4.833561602771586e-05
372.508175116	0.043616870166575304	-4.819524863685677e-05
373.717617243	0.04369326479134635	-4.804585928685958e-05
374.92705937000005	0.043769800464118554	-4.788771864175194e-05
376.13650149700004	0.0438464902274558	-4.77211187367467e-05
377.34594362400003	0.04392334588820556	-4.754637180603982e-05
378.555385751	0.044000378005705346	-4.736380905434774e-05
379.764827878	0.044077595884197074	-4.717377938695359e-05
380.97427000500005	0.04415500756938216	-4.697664809665426e-05
382.18371213200004	0.04423261984905018	-4.677279551766264e-05
383.393154259	0.044310438257693284	-4.656261564852868e-05
384.602596386	0.04438846708501096	-4.634651475038387e-05
385.812038513	0.04446670938820536	-4.612490992968003e-05
387.02148064000005	0.04454516700793722	-4.5898227706940055e-05
388.23092276700004	0.04462384058783478	-4.566690257900609e-05
389.440364894	0.04470272959740449	-4.543137557877063e-05
390.649807021	0.04478183235821441	-4.519209284239902e-05
391.859249148	0.04486114607319124	-4.4949504181743954e-05
393.06869127500005	0.04494066685888104	-4.4704061672875585e-05
394.27813340200004	0.045020389780502434	-4.445621826165095e-05
395.487575529	0.045100308889632984	-4.4206426389976905e-05
396.697017656	0.045180417264346094	-4.395513664930996e-05
397.906459783	0.04526070705162277	-4.370279645981093e-05
399.11590191000005	0.045341169511861915	-4.3449848780748035e-05
400.32534403700004	0.045421795065291135	-4.3196730855165136e-05
401.534786164	0.045502573340102284	-4.2943872989798654e-05
402.744228291	0.04558349322211391	-4.269169737351579e-05
403.953670418	0.045664542905774604	-4.2440616938385287e-05
405.16311254500005	0.04574570994631259	-4.21910342613685e-05
406.37255467200004	0.04582698131284051	-4.194334051831408e-05
407.581996799	0.04590834344223019	-4.1697914481638246e-05
408.791438926	0.04598978229356237	-4.145512157361676e-05
410.000881053	0.04607128340297181	-4.121531297789083e-05
411.21032318000005	0.046152831938698714	-4.0978824802698904e-05
412.41976530700003	0.04623441275617268	-4.074597731089542e-05
413.629207434	0.04631601045294674	-4.0517074208136494e-05
414.838649561	0.046397609423319025	-4.029240199806064e-05
416.04809168800006	0.04647919391246676	-4.007222940183297e-05
417.25753381500004	0.046560748069933246	-3.985680684295313e-05
418.46697594200003	0.046642256002320734	-3.964636599994818e-05
419.676418069	0.046723701825024846	-3.944111942514282e-05
420.885860196	0.04680506971287876	-3.924126022816256e-05
422.09530232300006	0.046886343949564965	-3.904696182766183e-05
423.30474445000004	0.04696750897566593	-3.885837776360611e-05
424.51418657700003	0.04704854943523069	-3.867564157550123e-05
425.723628704	0.04712945022073864	-3.849886674161043e-05
426.933070831	0.04721019651635931	-3.832814667459848e-05
428.14251295800005	0.04729077383940123	-3.816355478276391e-05
429.35195508500004	0.04737116807985959	-3.80051445800951e-05
430.56139721200003	0.047451365537979316	-3.785294985503458e-05
431.770839339	0.04753135295975838	-3.7706984894256626e-05
432.980281466	0.04761111757031779	-3.756724475097867e-05
434.18972359300005	0.0476906471050837	-3.743370557101819e-05
435.39916572000004	0.04776992983872883	-3.7306324959690204e-05
436.60860784700003	0.047848954611827706	-3.718504239854856e-05
437.818049974	0.04792771085519211	-3.706977970458977e-05
439.027492101	0.048006188611857674	-3.6960441535283106e-05
440.23693422800005	0.04808437855670403	-3.6856915929308134e-05
441.44637635500004	0.048162272013695544	-3.6759074892514856e-05
442.65581848200003	0.04823986097073988	-3.666677501600914e-05
443.865260609	0.04831713809216661	-3.657985813402924e-05
445.074702736	0.04839409672883976	-3.649815201453924e-05
446.28414486300005	0.04847073092591703	-3.642147108249248e-05
447.49358699000004	0.048547035428289025	-3.6349617169651946e-05
448.703029117	0.04862300568372325	-3.6282380297816136e-05
449.912471244	0.048698637843754576	-3.621953948361803e-05
451.121913371	0.04877392876236708	-3.616086356803168e-05
452.33135549800005	0.0488488759925197	-3.6106112067148255e-05
453.54079762500004	0.048923477780564904	-3.605503603939207e-05
454.750239752	0.048997733058631206	-3.6007378969952e-05
455.959681879	0.04907164143503207	-3.596287766831699e-05
457.169124006	0.04914520318277172	-3.5921263172849355e-05
458.37856613300005	0.049218419226228396	-3.5882261666442955e-05
459.58800826000004	0.04929129112608607	-3.584559539216402e-05
460.797450387	0.04936382106261198	-3.5810983572949484e-05
462.006892514	0.04943601181735423	-3.577814332797122e-05
463.216334641	0.04950786675335805	-3.574679058221397e-05
464.42577676800005	0.049579389793991124	-3.57166409717391e-05
465.63521889500004	0.04965058540046984	-3.5687410733878724e-05
466.844661022	0.04972145854819042	-3.565881758558001e-05
468.054103149	0.04979201470196079	-3.563058158479078e-05
469.26354527600006	0.049862259790230325	-3.5602425972156015e-05
470.47298740300005	0.04993220017842144	-3.557407798751751e-05
471.68242953000004	0.050001842641469466	-3.55452696669048e-05
472.891871657	0.050071194335662976	-3.551573860673292e-05
474.101313784	0.05014026276989435	-3.548522870148833e-05
475.31075591100006	0.05020905577641891	-3.5453490848814245e-05
476.52019803800005	0.050277581481226394	-3.5420283619793866e-05
477.72964016500003	0.05034584827412164	-3.538537389679783e-05
478.939082292	0.0504138647786132	-3.5348537468095353e-05
480.148524419	0.050481639821711895	-3.53095595913705e-05
481.35796654600006	0.050549182403727966	-3.526823551030893e-05
482.56740867300005	0.050616501668167516	-3.522437093477805e-05
483.77685080000003	0.05068360687181166	-3.517778247510983e-05
484.986292927	0.0507505073550758	-3.5128298038863276e-05
486.195735054	0.050817212512721546	-3.507575717794087e-05
487.40517718100006	0.05088373176502264	-3.502001139609433e-05
488.61461930800004	0.05095007452944657	-3.49609244121897e-05
489.82406143500003	0.05101625019293765	-3.489837237781804e-05
491.033503562	0.051082268084876745	-3.4832244053510306e-05
492.242945689	0.05114813745077676	-3.476244093814432e-05
493.45238781600005	0.05121386742678785	-3.468887735916075e-05
494.66182994300004	0.05127946701507361	-3.461148051667369e-05
495.87127207000003	0.05134494506010804	-3.453019048862624e-05
497.080714197	0.0514103102259556	-3.444496019435091e-05
498.290156324	0.05147557097457907	-3.4355755316912984e-05
499.49959845100005	0.051540735545220165	-3.4262554187038455e-05
500.70904057800004	0.05160581193489259	-3.416534763168999e-05
501.91848270500003	0.05167080788002878	-3.406413878488321e-05
503.127924832	0.05173573083930564	-3.3958942861686894e-05
504.337366959	0.05180058797768058	-3.384978690176496e-05
505.54680908600005	0.05186538615166182	-3.373670948009222e-05
506.75625121300004	0.051930131895829484	-3.361976038611901e-05
507.96569334000003	0.05199483141062119	-3.349900027741111e-05
509.175135467	0.0520594905513974	-3.3374500302330024e-05
510.384577594	0.05212411481878918	-3.324634170086618e-05
511.59401972100005	0.052188709350327656	-3.311461538079395e-05
512.803461848	0.05225327891336081	-3.2979421472505155e-05
514.0129039750001	0.05231782789924449	-3.2840868865083306e-05
515.2223461020001	0.05238236031880261	-3.269907472237474e-05
516.4317882290001	0.05244687979903981	-3.255416398719076e-05
517.641230356	0.052511389581092166	-3.240626886469311e-05
518.850672483	0.05257589251939558	-3.2255528302764513e-05
520.06011461	0.05264039108204571	-3.2102087455312955e-05
521.269556737	0.05270488735232379	-3.1946097138534774e-05
522.478998864	0.05276938303135784	-3.178771328347062e-05
523.688440991	0.05283387944189048	-3.162709638146986e-05
524.897883118	0.05289837753311174	-3.146441092744326e-05
526.1073252450001	0.05296287788652219	-3.129982486168789e-05
527.3167673720001	0.05302738072278885	-3.113350901403321e-05
528.5262094990001	0.05309188590954157	-3.096563654994902e-05
529.735651626	0.053156392970080305	-3.079638241768913e-05
530.945093753	0.05322090109293342	-3.062592280791629e-05
532.15453588	0.05328540914222709	-3.0454434613491968e-05
533.363978007	0.053349915668814585	-3.0282094904375556e-05
534.573420134	0.053414418922112405	-3.0109080407146604e-05
535.782862261	0.053478916862596766	-2.993556700056979e-05
536.9923043880001	0.053543407174901844	-2.9761729223093045e-05
538.2017465150001	0.05360788728147389	-2.9587739794403878e-05
539.4111886420001	0.05367235435671917	-2.9413769152228722e-05
540.6206307690001	0.05373680534160095	-2.9239985006151645e-05
541.830072896	0.05380123695862021	-2.906655190901622e-05
543.039515023	0.05386564572713774	-2.889363084837039e-05
544.24895715	0.05393002797897696	-2.872137885409111e-05
545.458399277	0.053994379874254816	-2.8549948630000183e-05
546.667841404	0.05405869741738255	-2.8379488204211684e-05
547.877283531	0.05412297647319744	-2.8210140600327255e-05
549.0867256580001	0.05418721278316009	-2.8042043534940234e-05
550.2961677850001	0.05425140198157123	-2.787532913145832e-05
551.5056099120001	0.05431553961176152	-2.771012366350155e-05
552.715052039	0.05437962114220023	-2.754654731394572e-05
553.924494166	0.05444364198247919	-2.738471396630457e-05
555.133936293	0.054507597499125496	-2.7224731011084302e-05
556.34337842	0.05457148303119618	-2.706669918086345e-05
557.552820547	0.054635293905617985	-2.6910712407188578e-05
558.762262674	0.05469902545222299	-2.6756857701355427e-05
559.971704801	0.05476267301845118	-2.660521505613335e-05
561.1811469280001	0.054826231983669746	-2.6455857374690223e-05
562.3905890550001	0.054889697773089295	-2.6308850417241028e-05
563.6000311820001	0.054953065871229764	-2.6164252773042476e-05
564.809473309	0.05501633183491153	-2.6022115852571137e-05
566.018915436	0.055079491305746166	-2.5882483902667577e-05
567.228357563	0.055142540022090084	-2.574539403989856e-05
568.43779969	0.05520547383044529	-2.5610876303835614e-05
569.647241817	0.05526828869628339	-2.5478953733355097e-05
570.856683944	0.055330980714263685	-2.5349642458115385e-05
572.066126071	0.055393546117847234	-2.522295180733096e-05
573.2755681980001	0.05545598128826439	-2.509888443933371e-05
574.4850103250001	0.05551828276284979	-2.4977436482708296e-05
575.6944524520001	0.05558044724270991	-2.4858597697623164e-05
576.903894579	0.055642471599736204	-2.4742351648020938e-05
578.113336706	0.05570435288293622	-2.4628675890025e-05
579.322778833	0.05576608832409381	-2.45175421711933e-05
580.53222096	0.05582767534275245	-2.4408916643483408e-05
581.741663087	0.05588911155051536	-2.4302760084653555e-05
582.951105214	0.055950394754667024	-2.4199028134004597e-05
584.160547341	0.0560115229611305	-2.409767153130002e-05
585.3699894680001	0.05607249437674907	-2.3998636369097076e-05
586.5794315950001	0.05613330741091365	-2.3901864350892726e-05
587.7888737220001	0.05619396067653766	-2.3807293052867384e-05
588.998315849	0.056254452990392945	-2.371485619417739e-05
590.207757976	0.05631478337282607	-2.3624483912264294e-05
591.417200103	0.05637495104685737	-2.353610303703832e-05
592.62664223	0.05643495543668853	-2.3449637373416238e-05
593.836084357	0.056494796165634575	-2.3365007983111585e-05
595.045526484	0.05655447305349653	-2.328213346348626e-05
596.2549686110001	0.05661398611339912	-2.320093023755118e-05
597.4644107380001	0.05667333554810824	-2.3121312829443852e-05
598.6738528650001	0.056732521745860034	-2.3043194149361887e-05
599.8832949920001	0.05679154527571773	-2.296648577081173e-05
601.092737119	0.0568504068824828	-2.2891098205884974e-05
602.302179246	0.05690910748119026	-2.2816941178407935e-05
603.511621373	0.05696764815120274	-2.2743923889758516e-05
604.7210635	0.05702603012994636	-2.2671955283406348e-05
605.930505627	0.05708425480629879	-2.260094430167614e-05
607.139947754	0.05714232371366988	-2.2530800135230414e-05
608.3493898810001	0.05720023852279296	-2.246143246940717e-05
609.5588320080001	0.0572580010342654	-2.2392751718017245e-05
610.7682741350001	0.057315613170857704	-2.2324669257226676e-05
611.9777162620001	0.057373076969620976	-2.2257097641789972e-05
613.187158389	0.05743039457382725	-2.2189950818889484e-05
614.396600516	0.05748756822476292	-2.2123144332279396e-05
615.606042643	0.057544600253408795	-2.2056595515108912e-05
616.81548477	0.05760149307203369	-2.1990223675046744e-05
618.024926897	0.05765824916572194	-2.1923950268395304e-05
619.234369024	0.057714871083877906	-2.1857699062571845e-05
620.4438111510001	0.0577713614317113	-2.179139629236021e-05
621.6532532780001	0.05782772286175297	-2.1724970801172833e-05
622.8626954050001	0.05788395806540626	-2.1658354172310323e-05
624.072137532	0.05794006976457367	-2.1591480852158063e-05
625.281579659	0.05799606070337026	-2.15242882611235e-05
626.491021786	0.05805193363995674	-2.1456716890799754e-05
627.700463913	0.05810769133850803	-2.1388710393144272e-05
628.90990604	0.05816333656133997	-2.1320215658858846e-05
630.119348167	0.058218872061217036	-2.1251182884731573e-05
631.328790294	0.058274300573856005	-2.1181565626153878e-05
632.5382324210001	0.05832962481064304	-2.1111320844572137e-05
633.7476745480001	0.05838484745159193	-2.1040408940329464e-05
634.9571166750001	0.0584399711385434	-2.0968793779456776e-05
636.166558802	0.058494998468633395	-2.0896442703572868e-05
637.376000929	0.0585499319880362	-2.0823326535041736e-05
638.585443056	0.05860477418599836	-2.0749419572110156e-05
639.794885183	0.05865952748917665	-2.0674699572500663e-05
641.00432731	0.05871419425628467	-2.0599147726157313e-05
642.213769437	0.058768776773062865	-2.0522748624397097e-05
643.4232115640001	0.05882327724757794	-2.044549021506907e-05
644.6326536910001	0.05887769780585589	-2.0367363754160775e-05
645.8420958180001	0.05893204048785578	-2.0288363742715018e-05
647.0515379450001	0.05898630724379343	-2.020848786490198e-05
648.260980072	0.05904049993080954	-2.01277369129213e-05
649.470422199	0.05909462030999023	-2.0046114703783924e-05
650.679864326	0.05914867004374132	-1.9963627995691485e-05
651.889306453	0.0592026506935129	-1.9880286392987348e-05
653.09874858	0.05925656371787649	-1.979610224788972e-05
654.308190707	0.05931041047094638	-1.971109055697029e-05
655.5176328340001	0.05936419220115368	-1.9625268851106853e-05
656.7270749610001	0.059417910050358416	-1.953865708228912e-05
657.9365170880001	0.05947156505329541	-1.9451277508145126e-05
659.1459592150001	0.05952515813735609	-1.936315456813574e-05
660.355401342	0.05957869012269068	-1.927431476213097e-05
661.564843469	0.059632161722626364	-1.918478652027447e-05
662.774285596	0.05968557354439874	-1.9094600078439078e-05
663.983727723	0.059738926090170986	-1.9003787341499365e-05
665.19316985	0.05979221975835498	-1.8912381754681087e-05
666.402611977	0.05984545484520006	-1.8820418167078343e-05
667.6120541040001	0.05989863154665709	-1.8727932698126698e-05
668.8214962310001	0.059951749960492594	-1.8634962600813307e-05
670.0309383580001	0.060004810088650676	-1.854154612849178e-05
671.2403804850001	0.06005781183984419	-1.8447722396813804e-05
672.449822612	0.06011075503236516	-1.8353531251598734e-05
673.659264739	0.06016363939709828	-1.825901313493375e-05
674.868706866	0.06021646458072853	-1.8164208950781358e-05
676.078148993	0.0602692301491237	-1.8069159937249973e-05
677.28759112	0.060321935590883405	-1.7973907534843403e-05
678.497033247	0.06037458032103326	-1.7878493261994435e-05
679.7064753740001	0.06042716368485668	-1.7782958589864645e-05
680.9159175010001	0.06047968496184734	-1.768734481974281e-05
682.1253596280001	0.06053214336976463	-1.759169296686007e-05
683.3348017550001	0.06058453806878389	-1.7496043642258735e-05
684.544243882	0.06063686816571957	-1.7400436942774378e-05
685.753686009	0.060689132718316476	-1.7304912340912124e-05
686.963128136	0.0607413307395835	-1.7209508582487557e-05
688.172570263	0.06079346120216724	-1.7114263584494874e-05
689.38201239	0.060845523042741094	-1.7019214338867897e-05
690.5914545170001	0.06089751516640633	-1.692439682118331e-05
691.8008966440001	0.06094943645108512	-1.6829845903103963e-05
693.0103387710001	0.06100128575189319	-1.6735595268629888e-05
694.2197808980001	0.061053061905483194	-1.6641677337260463e-05
695.429223025	0.06110476373434272	-1.6548123191101327e-05
696.638665152	0.06115639005103786	-1.6454962505478912e-05
697.848107279	0.06120793966239021	-1.6362223487895525e-05
699.057549406	0.061259411373574664	-1.6269932819404365e-05
700.266991533	0.06131080399212868	-1.617811560081575e-05
701.47643366	0.06136211633186635	-1.6086795307386145e-05
702.6858757870001	0.06141334721668389	-1.599599374721948e-05
703.8953179140001	0.06146449548424602	-1.590573102249436e-05
705.1047600410001	0.06151555998955	-1.5816025501571435e-05
706.3142021680001	0.06156653960835871	-1.5726893791180585e-05
707.523644295	0.06161743324049017	-1.5638350717581823e-05
708.733086422	0.06166823981296427	-1.5550409311341357e-05
709.942528549	0.06171895828299695	-1.5463080797162645e-05
711.151970676	0.06176958764083328	-1.5376374591778708e-05
712.361412803	0.061820126912421204	-1.5290298303225272e-05
713.57085493	0.06187057516191914	-1.5204857739656644e-05
714.7802970570001	0.061920931494029996	-1.512005691751972e-05
715.9897391840001	0.061971195056160784	-1.5035898081019322e-05
717.1991813110001	0.06202136504041073	-1.4952381722319052e-05
718.4086234380001	0.06207144068538067	-1.4869506608537059e-05
719.618065565	0.06212142127779818	-1.4787269811813997e-05
720.827507692	0.062171306153966314	-1.4705666746227947e-05
722.036949819	0.062221094701029926	-1.4624691204660756e-05
723.246391946	0.062270786358065995	-1.454433540740499e-05
724.455834073	0.06232038061698884	-1.4464590044548434e-05
725.6652762	0.06236987702328177	-1.4385444334219163e-05
726.8747183270001	0.062419275176549854	-1.430688607280406e-05
728.0841604540001	0.06246857473089896	-1.4228901694349205e-05
729.2936025810001	0.06251777539514733	-1.4151476337704097e-05
730.5030447080001	0.0625668769328635	-1.4074593904666102e-05
731.712486835	0.06261587916224423	-1.3998237131829239e-05
732.921928962	0.06266478195583254	-1.3922387660488325e-05
734.131371089	0.06271358524007611	-1.3847026107169369e-05
735.340813216	0.06276228899473882	-1.3772132139636475e-05
736.550255343	0.0628108932521641	-1.3697684552916103e-05
737.7596974700001	0.06285939809639746	-1.3623661346447158e-05
738.9691395970001	0.06290780366217848	-1.3550039801909358e-05
740.1785817240001	0.06295611013380042	-1.3476796564758711e-05
741.3880238510001	0.06300431774384706	-1.3403907723618866e-05
742.5974659780001	0.06305242677181626	-1.3331348890040229e-05
743.806908105	0.06310043754263492	-1.3259095281504749e-05
745.016350232	0.06314835042506954	-1.318712180019277e-05
746.225792359	0.06319616583004055	-1.3115403112502755e-05
747.435234486	0.0632438842088532	-1.304391373251057e-05
748.644676613	0.06329150605134326	-1.297262809616187e-05
749.8541187400001	0.06333903188395262	-1.2901520641173461e-05
751.0635608670001	0.06338646226773562	-1.2830565884105333e-05
752.2730029940001	0.06343379779630874	-1.2759738493146183e-05
753.4824451210001	0.06348103909374916	-1.268901336110885e-05
754.6918872480001	0.06352818681245136	-1.261836567788277e-05
755.901329375	0.06357524163094068	-1.2547770997156649e-05
757.110771502	0.0636222042516669	-1.247720530385757e-05
758.320213629	0.0636690753987685	-1.2406645076934106e-05
759.529655756	0.06371585581582631	-1.2336067351393504e-05
760.739097883	0.0637625462636097	-1.2265449775344592e-05
761.9485400100001	0.06380914751781801	-1.2194770664105542e-05
763.1579821370001	0.06385566036683445	-1.2124009055250115e-05
764.3674242640001	0.06390208560948853	-1.2053144753432915e-05
765.5768663910001	0.0639484240528342	-1.1982158378588681e-05
766.786308518	0.06399467650996321	-1.191103140665839e-05
767.995750645	0.06404084379783906	-1.1839746206139881e-05
769.205192772	0.0640869267351765	-1.1768286077358525e-05
770.414634899	0.06413292614035462	-1.1696635278064804e-05
771.624077026	0.06417884282938702	-1.162477905668896e-05
772.833519153	0.06422467761393744	-1.1552703669473127e-05
774.0429612800001	0.06427043129939795	-1.1480396408853136e-05
775.2524034070001	0.06431610468302465	-1.140784561170019e-05
776.4618455340001	0.06436169855214101	-1.1335040678737626e-05
777.6712876610001	0.06440721368241695	-1.1261972080678362e-05
778.880729788	0.06445265083620814	-1.1188631364933074e-05
780.090171915	0.06449801076098546	-1.1115011155518259e-05
781.299614042	0.0645432941878367	-1.1041105156270672e-05
782.509056169	0.06458850183005482	-1.0966908141866669e-05
783.718498296	0.06463363438180451	-1.089241595200914e-05
784.9279404230001	0.06467869251688278	-1.0817625481950727e-05
786.1373825500001	0.06472367688756446	-1.0742534664324316e-05
787.3468246770001	0.06476858812353627	-1.0667142454791681e-05
788.5562668040001	0.06481342683092661	-1.0591448811006487e-05
789.7657089310001	0.0648581935914209	-1.051545466970033e-05
790.975151058	0.06490288896147287	-1.0439161921716594e-05
792.184593185	0.06494751347161257	-1.0362573383122103e-05
793.394035312	0.0649920676258343	-1.0285692764372412e-05
794.603477439	0.06503655190109396	-1.0208524640115471e-05
795.812919566	0.0650809667468801	-1.0131074411636604e-05
797.0223616930001	0.06512531258489114	-1.0053348271648818e-05
798.2318038200001	0.06516958980879123	-9.97535316490418e-06
799.4412459470001	0.06521379878406029	-9.89709674914345e-06
800.6506880740001	0.06525793984792959	-9.818587353448843e-06
801.8601302010001	0.06530201330940068	-9.739833933890621e-06
803.069572328	0.06534601944934852	-9.660846029390519e-06
804.279014455	0.06538995852070438	-9.581633718804689e-06
805.488456582	0.0654338307487176	-9.502207574566685e-06
806.697898709	0.06547763633129489	-9.422578612625077e-06
807.907340836	0.06552137543940671	-9.342758250093647e-06
809.1167829630001	0.06556504821756999	-9.262758254207151e-06
810.3262250900001	0.0656086547843942	-9.18259069495643e-06
811.5356672170001	0.06565219523319163	-9.102267899225788e-06
812.7451093440001	0.06569566963264727	-9.021802401126128e-06
813.9545514710001	0.06573907802755079	-8.941206894689038e-06
815.163993598	0.06578242043957311	-8.860494186697931e-06
816.373435725	0.06582569686809946	-8.779677150249493e-06
817.582877852	0.06586890729110968	-8.69876867988853e-06
818.792319979	0.06591205166609325	-8.617781642761627e-06
820.001762106	0.06595512993101406	-8.536728838290028e-06
821.2112042330001	0.06599814200529891	-8.455622951302616e-06
822.4206463600001	0.06604108779086804	-8.374476512624726e-06
823.6300884870001	0.06608396717318524	-8.293301855876595e-06
824.8395306140001	0.06612678002233478	-8.212111079626896e-06
826.0489727410001	0.06616952619411844	-8.130916009242706e-06
827.258414868	0.06621220553116965	-8.049728157570255e-06
828.467856995	0.0662548178640784	-7.968558693760217e-06
829.677299122	0.06629736301252459	-7.887418406859331e-06
830.886741249	0.06633984078641889	-7.806317676467556e-06
832.0961833760001	0.06638225098704376	-7.725266442593776e-06
833.3056255030001	0.066424593408196	-7.644274177487365e-06
834.5150676300001	0.06646686783731799	-7.563349860146423e-06
835.7245097570001	0.0665090740566273	-7.482501953792395e-06
836.9339518840001	0.066551211844231	-7.401738383691625e-06
838.143394011	0.06659328097522764	-7.321066518031771e-06
839.352836138	0.06663528122279007	-7.240493149002908e-06
840.562278265	0.06667721235922751	-7.160024479542504e-06
841.771720392	0.0667190741570312	-7.079666110323263e-06
842.981162519	0.06676086638988404	-6.9994230289111e-06
844.1906046460001	0.06680258883364946	-6.919299600569376e-06
845.4000467730001	0.06684424126732959	-6.839299561880313e-06
846.6094889000001	0.06688582347398855	-6.7594260187084365e-06
847.8189310270001	0.06692733524164556	-6.679681439717908e-06
849.0283731540001	0.06696877636412699	-6.6000676598194224e-06
850.237815281	0.06701014664188308	-6.520585881887586e-06
851.447257408	0.06705144588276479	-6.441236679970153e-06
852.656699535	0.06709267390276281	-6.362020005829666e-06
853.866141662	0.06713383052669761	-6.2829351963455266e-06
855.075583789	0.06717491558887394	-6.203980982598736e-06
856.2850259160001	0.06721592893368668	-6.125155505730742e-06
857.4944680430001	0.06725687041618393	-6.046456325252761e-06
858.7039101700001	0.06729773990258432	-5.967880435369527e-06
859.9133522970001	0.06733853727074612	-5.889424283729919e-06
861.1227944240001	0.06737926241059253	-5.811083787984894e-06
862.332236551	0.06741991522449199	-5.732854353908412e-06
863.541678678	0.06746049562758698	-5.654730900224794e-06
864.751120805	0.0675010035480821	-5.57670787662036e-06
865.960562932	0.06754143892748225	-5.498779288886507e-06
867.170005059	0.06758180172078582	-5.420938723641258e-06
868.3794471860001	0.06762209189663289	-5.343179371850373e-06
869.5888893130001	0.06766230943740931	-5.265494057649783e-06
870.7983314400001	0.06770245433930581	-5.18787526266988e-06
872.0077735670001	0.06774252661233479	-5.11031515558133e-06
873.2172156940001	0.06778252628030328	-5.032805618528785e-06
874.426657821	0.06782245338074752	-4.955338276791191e-06
875.636099948	0.06786230796482706	-4.8779045278384e-06
876.845542075	0.06790209009717571	-4.800495569961052e-06
878.054984202	0.06794179985572336	-4.723102431734849e-06
879.2644263290001	0.0679814373314721	-4.645716003249048e-06
880.4738684560001	0.0680210026282488	-4.5683270619815974e-06
881.6833105830001	0.06806049586241264	-4.490926306893392e-06
882.8927527100001	0.06809991716254246	-4.4135043834169635e-06
884.1021948370001	0.06813926666908901	-4.336051915920097e-06
885.3116369640001	0.06817854453399592	-4.258559531816752e-06
886.521079091	0.06821775092030502	-4.181017895154779e-06
887.730521218	0.06825688600172518	-4.103417730265402e-06
888.939963345	0.06829594996218818	-4.025749851475566e-06
890.149405472	0.06833494299537825	-3.9480051859611814e-06
891.3588475990001	0.06837386530424615	-3.8701748036676364e-06
892.5682897260001	0.06841271710050288	-3.79224993873363e-06
893.7777318530001	0.06845149860410206	-3.7142220157115186e-06
894.9871739800001	0.06849021004270775	-3.636082672116986e-06
896.1966161070001	0.06852885165115173	-3.5578237802588036e-06
897.406058234	0.06856742367087627	-3.479437468124902e-06
898.615500361	0.06860592634938135	-3.4009161405876287e-06
899.824942488	0.06864435993965196	-3.3222524980849877e-06
901.034384615	0.06868272469959333	-3.243439553216737e-06
902.243826742	0.06872102089145712	-3.1644706505497278e-06
903.4532688690001	0.06875924878126899	-3.0853394786881094e-06
904.6627109960001	0.0687974086382601	-3.0060400870897397e-06
905.8721531230001	0.06883550073429762	-2.9265668986359905e-06
907.0815952500001	0.06887352534332467	-2.8469147223160463e-06
908.2910373770001	0.06891148274080226	-2.7670787635363653e-06
909.500479504	0.06894937320316226	-2.687054632972974e-06
910.709921631	0.06898719700726622	-2.6068383556041713e-06
911.919363758	0.06902495442987983	-2.526426377580035e-06
913.128805885	0.06906264574715344	-2.4458155731699877e-06
914.338248012	0.06910027123412073	-2.365003248619088e-06
915.5476901390001	0.06913783116420986	-2.2839871441238807e-06
916.7571322660001	0.06917532580877041	-2.202765439459839e-06
917.9665743930001	0.0692127554366154	-2.1213367518077564e-06
919.1760165200001	0.06925012031358405	-2.0397001390549258e-06
920.3854586470001	0.06928742070211936	-1.957855095163427e-06
921.594900774	0.06932465686086965	-1.8758015494328706e-06
922.804342901	0.06936182904430532	-1.793539865327723e-06
924.013785028	0.06939893750235855	-1.7110708328132995e-06
925.223227155	0.06943598248008584	-1.6283956652003023e-06
926.432669282	0.06947296421734903	-1.545515992467869e-06
927.6421114090001	0.06950988294852177	-1.4624338523505642e-06
928.8515535360001	0.06954673890221702	-1.379151686698929e-06
930.0609956630001	0.06958353230103613	-1.2956723293589684e-06
931.2704377900001	0.06962026336134672	-1.2119989959719774e-06
932.4798799170001	0.0696569322930741	-1.1281352759687918e-06
933.689322044	0.06969353929952467	-1.0440851194275236e-06
934.898764171	0.0697300845772315	-9.598528283340235e-07
936.108206298	0.06976656831581966	-8.754430403726254e-07
937.317648425	0.0698029906978951	-7.908607206862095e-07
938.5270905520001	0.06983935189895941	-7.061111440102852e-07
939.7365326790001	0.06987565208734524	-6.211998843583255e-07
940.9459748060001	0.06991189142417348	-5.361327997371185e-07
942.1554169330001	0.06994807006333378	-4.509160169020171e-07
943.3648590600001	0.06998418815148755	-3.6555591678699706e-07
944.5743011870001	0.07002024582808648	-2.8005912282649814e-07
945.783743314	0.07005624322541965	-1.9443247975016453e-07
946.993185441	0.07009218046867383	-1.0868304264541329e-07
948.202627568	0.07012805767601293	-2.2818059398563295e-08
949.412069695	0.07016387495868392	6.31550426503924e-08
950.6215118220001	0.07019963242112955	1.4922867496228176e-07
951.8309539490001	0.07023533016112554	2.3539510124112595e-07
953.0403960760001	0.07027096826993139	3.21646454004218e-07
954.2498382030001	0.07030654683245739	4.0797475029351327e-07
955.4592803300001	0.07034206592744448	4.943719051197365e-07
956.6687224570001	0.07037752562766005	5.808297495451392e-07
957.878164584	0.07041292600010388	6.673400420927761e-07
959.087606711	0.07044826710622966	7.53894485044232e-07
960.297048838	0.07048354900217213	8.404847390338505e-07
961.506490965	0.0705187717389905	9.271024362048769e-07
962.7159330920001	0.07055393536291366	1.0137391940976542e-06
963.9253752190001	0.0705890399156006	1.1003866290278108e-06
965.1348173460001	0.07062408543440442	1.1870363689266833e-06
966.3442594730001	0.0706590719526388	1.2736800634356726e-06
967.5537016000001	0.07069399949985977	1.360309399376508e-06
968.763143727	0.07072886810214113	1.4469161108594808e-06
969.972585854	0.07076367778236096	1.5334919902659783e-06
971.182027981	0.07079842856048486	1.6200288967208737e-06
972.391470108	0.07083312045385264	1.7065187691202993e-06
973.600912235	0.07086775347746985	1.7929536341321911e-06
974.8103543620001	0.07090232764429223	1.879325613076202e-06
976.0197964890001	0.07093684296551359	1.965626934885556e-06
977.2292386160001	0.0709712994508509	2.051849938594641e-06
978.4386807430001	0.07100569710882483	2.1379870850882915e-06
979.6481228700001	0.07104003594704009	2.2240309591331497e-06
980.857564997	0.07107431597245792	2.309974279185792e-06
982.067007124	0.0711085371916667	2.3958099010668726e-06
983.276449251	0.07114269961114617	2.4815308226396743e-06
984.485891378	0.07117680323752296	2.5671301887124354e-06
985.6953335050001	0.07121084807782237	2.6526012951427064e-06
986.9047756320001	0.07124483413971065	2.7379375914689252e-06
988.1142177590001	0.07127876143173396	2.823132682849838e-06
989.3236598860001	0.07131262996354013	2.908180332930263e-06
990.5331020130001	0.07134643974609546	2.9930744665472575e-06
991.7425441400001	0.07138019079189793	3.0778091683943826e-06
992.951986267	0.07141388311517304	3.1623786853098024e-06
994.161428394	0.07144751673206057	3.246777425513006e-06
995.370870521	0.0714810916607933	3.3309999589777733e-06
996.580312648	0.07151460792186554	3.4150410162265415e-06
997.7897547750001	0.07154806553818491	3.498895486791706e-06
998.9991969020001	0.07158146453522121	3.58255841924858e-06
1000.2086390290001	0.07161480494113408	3.6660250152201895e-06
1001.4180811560001	0.0716480867869014	3.749290632551819e-06
1002.6275232830001	0.07168131010642621	3.832350776828211e-06
1003.8369654100001	0.07171447493663217	3.915201103181151e-06
1005.046407537	0.07174758131755501	3.997837409496288e-06
1006.255849664	0.07178062929241351	4.080255633462371e-06
1007.465291791	0.07181361890767632	4.162451850522539e-06
1008.674733918	0.0718465502131116	4.244422268376985e-06
1009.8841760450001	0.07187942326182836	4.326163221414492e-06
1011.0936181720001	0.07191223811030363	4.407671167907384e-06
1012.3030602990001	0.07194499481840429	4.488942683993774e-06
1013.5125024260001	0.07197769344939049	4.56997445950208e-06
1014.7219445530001	0.07201033406991324	4.6507632943670885e-06
1015.9313866800001	0.07204291675000384	4.731306090266854e-06
1017.140828807	0.07207544156304552	4.811599846759468e-06
1018.350270934	0.07210790858574083	4.89164165772861e-06
1019.559713061	0.07214031789806967	4.971428704252101e-06
1020.769155188	0.07217266958323805	5.050958249994478e-06
1021.9785973150001	0.07220496372761333	5.130227634526571e-06
1023.1880394420001	0.07223720042065801	5.209234270940263e-06
1024.397481569	0.07226937975485156	5.287975636873027e-06
1025.606923696	0.07230150182560477	5.366449273421989e-06
1026.816365823	0.07233356673117092	5.44465277639225e-06
1028.0258079500002	0.07236557457254202	5.5225837933270405e-06
1029.235250077	0.07239752545334878	5.600240017500369e-06
1030.4446922040001	0.07242941947974897	5.67761918470952e-06
1031.654134331	0.07246125676030792	5.754719067220873e-06
1032.8635764580001	0.07249303740588449	5.8315374693133915e-06
1034.073018585	0.0725247615295012	5.908072223363356e-06
1035.282460712	0.07255642924621752	5.984321185948174e-06
1036.491902839	0.0725880406729964	6.0602822327341516e-06
1037.701344966	0.07261959592857156	6.1359532571979986e-06
1038.9107870930002	0.07265109513330659	6.211332163668856e-06
1040.12022922	0.07268253840905896	6.2864168668200215e-06
1041.3296713470002	0.07271392587903612	6.361205286110894e-06
1042.539113474	0.07274525766765591	6.435695345858097e-06
1043.7485556010001	0.07277653390040155	6.509884967363308e-06
1044.957997728	0.07280775470368259	6.583772073114752e-06
1046.167439855	0.07283892020468583	6.65735457964188e-06
1047.376881982	0.07287003053124076	6.7306303976576165e-06
1048.586324109	0.07290108581167508	6.8035974280580835e-06
1049.795766236	0.07293208617467617	6.876253562758741e-06
1051.005208363	0.07296303174915325	6.9485966815927e-06
1052.2146504900002	0.07299392266410122	7.020624653035837e-06
1053.424092617	0.07302475904847129	7.0923353321927785e-06
1054.6335347440001	0.07305554103103924	7.163726557950223e-06
1055.842976871	0.07308626874027833	7.234796156302403e-06
1057.0524189980001	0.0731169423042379	7.305541938180948e-06
1058.261861125	0.0731475618504248	7.375961698733238e-06
1059.471303252	0.07317812750568717	7.44605321797813e-06
1060.680745379	0.07320863939610361	7.515814262356799e-06
1061.890187506	0.07323909764687944	7.585242582489743e-06
1063.0996296330002	0.0732695023822448	7.65433591664276e-06
1064.30907176	0.07329985372535418	7.723091988891609e-06
1065.5185138870002	0.07333015179820186	7.791508513191672e-06
1066.727956014	0.07336039672153422	7.859583189129618e-06
1067.9373981410001	0.07339058861476774	7.927313710236195e-06
1069.146840268	0.07342072759591359	7.994697758794203e-06
1070.356282395	0.07345081378151254	8.061733011740027e-06
1071.565724522	0.07348084728657028	8.128417139622798e-06
1072.775166649	0.07351082822449659	8.1947478078985e-06
1073.9846087760002	0.07354075670705745	8.260722682300672e-06
1075.194050903	0.07357063284432737	8.326339427065788e-06
1076.4034930300002	0.0736004567446528	8.39159570685706e-06
1077.612935157	0.07363022851461229	8.456489189729091e-06
1078.8223772840001	0.07365994825899265	8.521017550604248e-06
1080.031819411	0.07368961608076607	8.585178469383559e-06
1081.2412615380001	0.07371923208107382	8.648969636704251e-06
1082.450703665	0.07374879635921178	8.712388752895456e-06
1083.660145792	0.07377830901262983	8.775433532859714e-06
1084.869587919	0.07380777013692902	8.838101704917653e-06
1086.079030046	0.07383717982586648	8.90039101690554e-06
1087.2884721730002	0.07386653817136711	8.962299235755478e-06
1088.4979143	0.0738958452635406	9.02382414899941e-06
1089.7073564270001	0.07392510119069987	9.084963568500512e-06
1090.916798554	0.07395430603938592	9.14571533093371e-06
1092.1262406810001	0.07398345989439974	9.206077301640234e-06
1093.335682808	0.07401256283883575	9.266047376655512e-06
1094.545124935	0.07404161495412029	9.325623482365694e-06
1095.754567062	0.07407061632005285	9.384803581109075e-06
1096.964009189	0.07409956701485515	9.443585671597629e-06
1098.1734513160002	0.07412846711521828	9.501967790533777e-06
1099.382893443	0.07415731669635647	9.559948014385006e-06
1100.5923355700002	0.07418611583206118	9.617524464355584e-06
1101.801777697	0.07421486459476553	9.674695306556569e-06
1103.0112198240001	0.07424356305560223	9.731458754245331e-06
1104.220661951	0.0742722112844648	9.787813070991427e-06
1105.430104078	0.0743008093500791	9.843756572161522e-06
1106.639546205	0.07432935732006889	9.899287626860542e-06
1107.848988332	0.07435785526102259	9.954404663137587e-06
1109.058430459	0.07438630323856882	1.0009106167142845e-05
1110.267872586	0.07441470131744386	1.0063390687160834e-05
1111.4773147130002	0.07444304956157007	1.0117256835820432e-05
1112.68675684	0.07447134803412071	1.0170703293559125e-05
1113.8961989670001	0.07449959679760004	1.0223728809183319e-05
1115.105641094	0.07452779591391614	1.0276332204208621e-05
1116.3150832210001	0.07455594544445068	1.0328512373231069e-05
1117.524525348	0.07458404545013593	1.0380268288541494e-05
1118.733967475	0.07461209599152373	1.0431599000691044e-05
1119.943409602	0.07464009712885714	1.0482503642588598e-05
1121.152851729	0.07466804892214467	1.0532981428307275e-05
1122.3622938560002	0.07469595143122397	1.0583031659695472e-05
1123.571735983	0.07472380471583094	1.0632653723564867e-05
1124.7811781100002	0.07475160883566531	1.0681847094691499e-05
1125.990620237	0.07477936385045479	1.0730611337890494e-05
1127.2000623640001	0.07480706982001556	1.0778946107544221e-05
1128.409504491	0.07483472680430973	1.08268511480724e-05
1129.618946618	0.07486233486350687	1.0874326294919162e-05
1130.828388745	0.07488989405803295	1.0921371473706504e-05
1132.037830872	0.07491740444862345	1.09679866986713e-05
1133.2472729990002	0.07494486609637385	1.1014172071896824e-05
1134.456715126	0.07497227906278238	1.1059927780292592e-05
1135.6661572530002	0.0749996434097927	1.1105254093292383e-05
1136.87559938	0.07502695919983543	1.1150151360137667e-05
1138.0850415070001	0.07505422649586319	1.1194620004977007e-05
1139.294483634	0.07508144536138235	1.123866052239568e-05
1140.5039257610001	0.07510861586048542	1.1282273471286894e-05
1141.713367888	0.07513573805787373	1.1325459469501906e-05
1142.922810015	0.07516281201888554	1.1368219184505063e-05
1144.132252142	0.07518983780951122	1.1410553327853915e-05
1145.341694269	0.07521681549641356	1.1452462644213207e-05
1146.5511363960002	0.07524374514693769	1.1493947902225035e-05
1147.760578523	0.07527062682912235	1.1535009884745817e-05
1148.9700206500002	0.0752974606117095	1.1575649374134106e-05
1150.179462777	0.07532424656414462	1.161586714280155e-05
1151.3889049040001	0.07535098475657787	1.1655663939139083e-05
1152.598347031	0.07537767525986401	1.169504047111164e-05
1153.807789158	0.07540431814555539	1.1733997394326734e-05
1155.017231285	0.07543091348589667	1.1772535291902989e-05
1156.226673412	0.07545746135381166	1.1810654661794512e-05
1157.4361155390002	0.0754839618228941	1.1848355896347182e-05
1158.645557666	0.0755104149673873	1.1885639266370415e-05
1159.8549997930002	0.07553682086217137	1.192250490022681e-05
1161.06444192	0.07556317958274257	1.1958952763069242e-05
1162.2738840470001	0.07558949120519068	1.1994982642119997e-05
1163.483326174	0.07561575580617655	1.2030594118739996e-05
1164.6927683010001	0.07564197346290717	1.2065786553812005e-05
1165.902210428	0.07566814425310969	1.2100559063673091e-05
1167.111652555	0.07569426825500418	1.2134910497816481e-05
1168.321094682	0.07572034554727264	1.2168839422684041e-05
1169.530536809	0.07574637620903053	1.22023440932012e-05
1170.7399789360002	0.07577236031979617	1.2235422436925047e-05
1171.949421063	0.07579829795945654	1.2268072031385371e-05
1173.1588631900001	0.07582418920823941	1.2300290084667903e-05
1174.368305317	0.0758500341466775	1.2332073414370384e-05
1175.5777474440001	0.07587583285557635	1.2363418429176334e-05
1176.787189571	0.07590158541597983	1.2394321109259615e-05
1177.996631698	0.07592729190913644	1.2424776993331249e-05
1179.206073825	0.07595295241646771	1.2454781157120176e-05
1180.415515952	0.0759785670195325	1.2484328201391517e-05
1181.6249580790002	0.07600413579999511	1.2513412237284693e-05
1182.834400206	0.07602965883959091	1.2542026873247486e-05
1184.0438423330002	0.07605513622009549	1.2570165205822922e-05
1185.25328446	0.07608056802328719	1.2597819808142854e-05
1186.4627265870001	0.07610595433092206	1.2624982724763686e-05
1187.672168714	0.07613129522469896	1.2651645461016908e-05
1188.881610841	0.07615659078622562	1.2677798982323879e-05
1190.091052968	0.07618184109699683	1.2703433708505935e-05
1191.300495095	0.07620704623835867	1.2728539511661086e-05
1192.5099372220002	0.07623220629148435	1.2753105717437305e-05
1193.719379349	0.07625732133734599	1.277712110523202e-05
1194.9288214760002	0.07628239145669186	1.2800573911961668e-05
1196.138263603	0.07630741673002053	1.2823451837883429e-05
1197.3477057300001	0.07633239723756301	1.2845742049660477e-05
1198.557147857	0.07635733305925825	1.2867431192931794e-05
1199.7665899840001	0.0763822242747411	1.2888505399289221e-05
1200.976032111	0.07640707096332389	1.2908950298805635e-05
1202.185474238	0.0764318732039883	1.2928751038834146e-05
1203.394916365	0.07645663107537162	1.2947892295759114e-05
1204.604358492	0.07648134465576537	1.2966358300310968e-05
1205.8138006190002	0.07650601402311002	1.2984132855249977e-05
1207.023242746	0.07653063925499858	1.3001199366449029e-05
1208.2326848730002	0.07655522042867662	1.301754087096492e-05
1209.442127	0.07657975762105532	1.303314006976565e-05
