0.0	0.0	0.0
1.209442127	5.521286234242356e-06	-1.7807393811065696e-08
2.418884254	2.200691060775422e-05	-1.79504771411698e-08
3.6283263810000004	4.9402515150477545e-05	-1.8063355825397223e-08
4.837768508	8.759249456617249e-05	-1.8183933757773616e-08
6.047210635000001	0.00013641879831462423	-1.8318080652971602e-08
7.256652762000001	0.00019568208608583264	-1.8490626031642183e-08
8.466094889	0.0002651434422029403	-1.8640588487845637e-08
9.675537016	0.00034452549929991645	-1.881262938932906e-08
10.884979143	0.00043351406421455194	-1.901068388385945e-08
12.094421270000002	0.0005317597226757999	-1.922946146114485e-08
13.303863397	0.0006388795879047609	-1.947509976462508e-08
14.513305524000002	0.0007544591356398454	-1.9758488158729296e-08
15.722747651	0.000878054181791652	-2.0090936205197302e-08
16.932189778	0.0010091929865570992	-2.0492900139665706e-08
18.141631905	0.0011473784705183965	-2.0994678074921606e-08
19.351074032	0.0012920905738847434	-2.1640826856266036e-08
20.560516159000002	0.0014427887562175304	-2.249215859043271e-08
21.769958286	0.0015989146185713557	-2.3634310427922975e-08
22.979400413	0.0017598945950416897	-2.5185797920005077e-08
24.188842540000003	0.0019251427169985204	-2.735303271923328e-08
25.398284667000002	0.0020940634365881057	-3.045825208384666e-08
26.607726794	0.0022660545494652806	-3.501736810092396e-08
27.817168921	0.0024405102399113966	-4.176466245658135e-08
29.026611048000003	0.002616824159207616	-5.1579434708937143e-08
30.236053175000002	0.0027943924886305264	-6.526698944725419e-08
31.445495302	0.0029726169497350276	-8.324666063021344e-08
32.654937429	0.0031509077872486483	-1.0533362111123275e-07
33.864379556	0.0033286867863130745	-1.3077206335133451e-07
35.073821683000006	0.0035053903401150834	-1.5847433065645233e-07
36.28326381	0.003680472510876954	-1.873058634602274e-07
37.492705937000004	0.003853408014534921	-2.163145638822521e-07
38.702148064	0.00402369509076388	-2.448844558221048e-07
39.911590191	0.004190858228282466	-2.7282722086185117e-07
41.121032318000005	0.004354450687772921	-3.0042701181930316e-07
42.330474445	0.0045140567612424135	-3.2843721476890665e-07
43.539916572	0.004669293779695865	-3.5801387060496737e-07
44.749358699000005	0.004819813965502281	-3.905850577633728e-07
45.958800826	0.004965306202728661	-4.2768912348169555e-07
47.168242953000004	0.005105497687602795	-4.708287974766398e-07
48.377685080000006	0.005240155354140238	-5.213698512833518e-07
49.587127207	0.005369086995218407	-5.804857306887685e-07
50.796569334000004	0.00549214205783939	-6.491350965291513e-07
52.00601146100001	0.005609212127251221	-7.280582067087371e-07
53.215453588	0.005720231121461002	-8.177823311627044e-07
54.424895715000005	0.005825175211710793	-9.186305529548279e-07
55.634337842	0.005924062478254561	-1.0307311695133443e-06
56.843779969	0.0060169523079570105	-1.1540268852233866e-06
58.053222096000006	0.006103944540120895	-1.2882843486864207e-06
59.262664223	0.006185178368198779	-1.4331054131689822e-06
60.472106350000004	0.006260831006798768	-1.5879417174309747e-06
61.68154847700001	0.006331116135150507	-1.7521139260194898e-06
62.890990604	0.0063962821296087834	-1.9248364528444244e-06
64.100432731	0.006456610098710514	-2.1052480285027597e-06
65.309874858	0.006512411734703527	-2.292448196432751e-06
66.519316985	0.006564026995472042	-2.4855398053713965e-06
67.728759112	0.006611821630632906	-2.6836775002354527e-06
68.93820123900001	0.006656184565780017	-2.886121723080521e-06
70.14764336600001	0.006697525160052997	-3.0922963958832095e-06
71.357085493	0.006736270354956808	-3.301846232592505e-06
72.56652762	0.006772861736803949	-3.5146870193836915e-06
73.775969747	0.006807752540567843	-3.731040379747596e-06
74.98541187400001	0.006841404627951485	-3.951444646490068e-06
76.19485400100001	0.006874285475268846	-4.176736174189583e-06
77.404296128	0.006906865205955805	-4.408000252032352e-06
78.613738255	0.006939613697891743	-4.646496342497128e-06
79.823180382	0.0069729977882737985	-4.8935669514256486e-06
81.032622509	0.007007478590786861	-5.15054184963221e-06
82.24206463600001	0.007043508933439453	-5.418649379033708e-06
83.45150676300001	0.007081530922134394	-5.698944738247429e-06
84.66094889	0.00712197363485223	-5.992262171080221e-06
85.870391017	0.007165250953219345	-6.299194520281368e-06
87.079833144	0.007211759540618561	-6.620099970667311e-06
88.28927527100001	0.007261876977425759	-6.955132384432305e-06
89.49871739800001	0.007315960063571367	-7.304288785810881e-06
90.708159525	0.007374343296355734	-7.667465781466612e-06
91.917601652	0.007437337527880128	-8.04451630792959e-06
93.127043779	0.007505228802523717	-8.435299148052463e-06
94.33648590600001	0.007578277371490224	-8.839715891252597e-06
95.54592803300001	0.007656716879172517	-9.257732908195433e-06
96.75537016000001	0.007740753715130384	-9.6893888392258e-06
97.964812287	0.007830566525692412	-1.0134790378558793e-05
99.174254414	0.007926305880168518	-1.0594100291748051e-05
100.383696541	0.008028094087936245	-1.1067521361146117e-05
101.59313866800001	0.008136025163776102	-1.1555278461568372e-05
102.80258079500001	0.008250164939512136	-1.2057598888772988e-05
104.01202292200001	0.008370551320201276	-1.2574689310305889e-05
105.221465049	0.008497194682965182	-1.3106707305277857e-05
106.430907176	0.008630078416201756	-1.3653726689558544e-05
107.64034930300001	0.00876915959627278	-1.4215698188048322e-05
108.84979143000001	0.008914369797330578	-1.4792409203576856e-05
110.05923355700001	0.00906561602733766	-1.5383447357463463e-05
111.268675684	0.009222781779592775	-1.598817186431638e-05
112.478117811	0.009385728185133725	-1.6605695230233457e-05
113.687559938	0.009554295248566115	-1.7234876164538143e-05
114.89700206500001	0.009728303149142586	-1.7874323485622375e-05
116.10644419200001	0.009907553590416316	-1.8522410367098358e-05
117.31588631900001	0.010091831184745933	-1.91772983117117e-05
118.525328446	0.010280904862144474	-1.9836970482374656e-05
119.734770573	0.010474529295392236	-2.049927419918592e-05
120.94421270000001	0.010672446334365409	-2.1161972277106058e-05
122.15365482700001	0.010874386442134953	-2.182280228027445e-05
123.36309695400001	0.0110800701239532	-2.2479541756661395e-05
124.572539081	0.011289209338491955	-2.3130076242770022e-05
125.781981208	0.011501508879421616	-2.3772465660505194e-05
126.99142333500001	0.011716667715406564	-2.4405004036651568e-05
128.200865462	0.011934380278171059	-2.502626756288248e-05
129.410307589	0.012154337691440559	-2.5635146893280506e-05
130.619749716	0.012376228937879853	-2.6230861033990443e-05
131.82919184300002	0.012599741966015078	-2.6812952117793868e-05
133.03863397	0.012824564743905623	-2.738126264816281e-05
134.24807609700002	0.013050386270522612	-2.7935899129475934e-05
135.457518224	0.013276897559112488	-2.8477187878395735e-05
136.666960351	0.013503792608763318	-2.900562966026899e-05
137.87640247800002	0.013730769379890682	-2.952185923140756e-05
139.085844605	0.013957530785056965	-3.0026613790628458e-05
140.29528673200002	0.014183785697982908	-3.052071124813276e-05
141.504728859	0.014409249972170787	-3.100503624190727e-05
142.714170986	0.014633647449439608	-3.14805301840466e-05
143.92361311300002	0.014856710931416708	-3.194818189830425e-05
145.13305524	0.015078183085715945	-3.240901703260941e-05
146.34249736700002	0.015297817262889086	-3.28640862520271e-05
147.551939494	0.015515378208108969	-3.3314453276962134e-05
148.761381621	0.0157306426603167	-3.3761183929472446e-05
149.97082374800002	0.01594339983913186	-3.420533687270588e-05
151.180265875	0.016153451825161355	-3.4647956158090376e-05
152.38970800200002	0.016360613842250203	-3.5090065353235076e-05
153.599150129	0.01656471445114708	-3.553266295810531e-05
154.808592256	0.016765595663764763	-3.597671886961342e-05
156.018034383	0.016963112986524365	-3.642317168356564e-05
157.22747651	0.017157135400814674	-3.687292654235919e-05
158.43691863700002	0.017347545288597624	-3.732685308387336e-05
159.646360764	0.01753423831141888	-3.778578293301728e-05
160.85580289100002	0.017717123251105624	-3.825050619642623e-05
162.065245018	0.017896121819852298	-3.872176662480056e-05
163.274687145	0.01807116844615421	-3.9200255408527746e-05
164.48412927200002	0.01824221004132426	-3.968660387663591e-05
165.693571399	0.01840920574957579	-4.018137558664211e-05
166.90301352600002	0.018572126683179827	-4.068505834854859e-05
168.112455653	0.018730955643238408	-4.11980566714285e-05
169.32189778	0.018885686826156635	-4.172068495955877e-05
170.53133990700002	0.019036325515819182	-4.22531616491638e-05
171.740782034	0.019182887761591695	-4.279560430599477e-05
172.95022416100002	0.019325400042449002	-4.334802563742547e-05
174.159666288	0.01946389891764567	-4.391033031951423e-05
175.369108415	0.019598430664421608	-4.4482312566856714e-05
176.57855054200002	0.0197290509033093	-4.506365443187905e-05
177.787992669	0.019855824211755524	-4.565392488550335e-05
178.99743479600002	0.01997882372693821	-4.625257976784494e-05
180.206876923	0.020098130738784397	-4.6858962728033894e-05
181.41631905	0.02021383427425666	-4.747230728901087e-05
182.62576117700002	0.020326030674013354	-4.809174019098717e-05
183.835203304	0.02043482316257317	-4.8716286130425206e-05
185.04464543100002	0.020540321413131564	-4.934487394305355e-05
186.254087558	0.020642641108168634	-4.997634416649584e-05
187.46352968500003	0.02074190349696055	-5.0609457781737935e-05
188.67297181200001	0.0208382349510708	-5.1242905849651754e-05
189.882413939	0.020931766518835812	-5.187531969404885e-05
191.09185606600002	0.02102263347979632	-5.250528133209087e-05
192.301298193	0.02111097489995986	-5.31313339320787e-05
193.51074032000002	0.021196933188721623	-5.375199219507989e-05
194.720182447	0.0212806536582047	-5.436575265926674e-05
195.929624574	0.02136228408573409	-5.497110396567896e-05
197.13906670100002	0.02144197428011625	-5.55665371270715e-05
198.348508828	0.021519875652341095	-5.615055580636668e-05
199.55795095500002	0.02159614079130099	-5.672168655241044e-05
200.767393082	0.021670923045080115	-5.7278488892766564e-05
201.976835209	0.021744376108370496	-5.781956513149994e-05
203.18627733600002	0.02181665361658995	-5.8343569679647836e-05
204.395719463	0.02188790874733029	-5.8849217718654444e-05
205.60516159000002	0.021958293829857145	-5.93352930294091e-05
206.814603717	0.022027959963463746	-5.980065484817616e-05
208.02404584400003	0.022097056645538203	-6.0244243694928916e-05
209.23348797100002	0.022165731410212212	-6.066508618862926e-05
210.442930098	0.022234129478381052	-6.106229893464935e-05
211.65237222500002	0.02230239341979853	-6.143509159906762e-05
212.861814352	0.022370662827825204	-6.17827692699557e-05
214.07125647900003	0.022439074007339806	-6.210473418108084e-05
215.28069860600002	0.022507759676282307	-6.240048682453056e-05
216.490140733	0.022576848681298285	-6.266962644281907e-05
217.69958286000002	0.022646465727962306	-6.291185088638102e-05
218.909024987	0.022716731126072844	-6.312695581235433e-05
220.11846711400003	0.022787760550491115	-6.33148332227296e-05
221.32790924100001	0.022859664817984612	-6.34754693514105e-05
222.537351368	0.022932549680475204	-6.360894193354737e-05
223.74679349500002	0.02300651563505432	-6.371541689459458e-05
224.956235622	0.02308165775105906	-6.379514451604687e-05
226.16567774900003	0.023158065514444853	-6.384845513171273e-05
227.375119876	0.023235822689636514	-6.387575441600332e-05
228.584562003	0.023315007198974076	-6.387751831935223e-05
229.79400413000002	0.023395691019826064	-6.385428771194272e-05
231.003446257	0.023477940099384684	-6.380666278889714e-05
232.21288838400002	0.023561814287118114	-6.37352972913687e-05
233.422330511	0.023647367284806157	-6.364089259989093e-05
234.63177263800003	0.023734646614047318	-6.35241917552147e-05
235.84121476500002	0.023823693601082167	-6.338597346279952e-05
237.050656892	0.023914543378741514	-6.32270461468549e-05
238.26009901900002	0.02400722490528421	-6.304824211122734e-05
239.469541146	0.024101760999851216	-6.285041187838094e-05
240.67898327300003	0.024198168394216575	-6.263441877008436e-05
241.88842540000002	0.024296457800476734	-6.240113379126378e-05
243.097867527	0.024396633994270073	-6.215143087994141e-05
244.30730965400002	0.02449869591307519	-6.188618256467576e-05
245.516751781	0.024602636769094	-6.160625607528822e-05
246.72619390800003	0.024708444176182554	-6.131250993125044e-05
247.93563603500002	0.024816100290257263	-6.100579102167464e-05
249.145078162	0.02492558196257523	-6.0686932182463064e-05
250.35452028900002	0.02503686090525649	-6.035675025976546e-05
251.563962416	0.025149903868415487	-6.0016044641947666e-05
252.77340454300003	0.02526467282823666	-5.9665596228562594e-05
253.98284667000001	0.025381125185333957	-5.9306166802075046e-05
255.192288797	0.025499213972724748	-5.893849874565125e-05
256.401730924	0.025618888072734533	-5.8563315056655e-05
257.61117305100004	0.025740092442141083	-5.818131958881855e-05
258.820615178	0.02586276834484576	-5.779319745510044e-05
260.030057305	0.025986853591342084	-5.739961552297772e-05
261.239499432	0.026112282784222687	-5.700122293419811e-05
262.448941559	0.026238987568941	-5.659865158087751e-05
263.65838368600004	0.026366896889018127	-5.619251647979561e-05
264.867825813	0.02649593724485801	-5.578341599710504e-05
266.07726794	0.026626032955314245	-5.5371931883141205e-05
267.286710067	0.026757106421131906	-5.4958629092815084e-05
268.49615219400005	0.02688907838937981	-5.4544055392216975e-05
269.70559432100004	0.027021868217985044	-5.412874075711588e-05
270.915036448	0.0271553941394846	-5.3713196609921424e-05
272.124478575	0.027289573523115982	-5.3297914942284155e-05
273.333920702	0.0274243231343957	-5.2883367398712244e-05
274.54336282900005	0.02755955939135652	-5.2470004394318016e-05
275.75280495600003	0.02769519861664687	-5.205825435198458e-05
276.962247083	0.02783115728473586	-5.16485231195447e-05
278.17168921	0.027967352263514288	-5.124119362475473e-05
279.381131337	0.028103701049624143	-5.083662578763727e-05
280.59057346400004	0.02824012199690401	-5.0435156697040476e-05
281.80001559100003	0.028376534537382665	-5.0037101024561284e-05
283.009457718	0.028512859394301697	-4.9642751629565794e-05
284.218899845	0.028649018786695825	-4.925238030380891e-05
285.428341972	0.028784936625101513	-4.88662385862218e-05
286.63778409900004	0.02892053869800283	-4.848455859582119e-05
287.84722622600003	0.029055752848662887	-4.81075538235386e-05
289.056668353	0.02919050914202377	-4.773541985389745e-05
290.26611048	0.029324740021394135	-4.73683349833812e-05
291.475552607	0.029458380454670405	-4.700646073296441e-05
292.68499473400004	0.029591368069876514	-4.66499422509389e-05
293.89443686100003	0.029723643279841578	-4.62989086219244e-05
295.103878988	0.029855149395864086	-4.5953473100592175e-05
296.313321115	0.02998583273024805	-4.5613733287317056e-05
297.522763242	0.030115642687636127	-4.527977127516663e-05
298.73220536900004	0.030244531845092085	-4.495165378474216e-05
299.94164749600003	0.030372456020933608	-4.462943231006624e-05
301.151089623	0.030499374332339582	-4.431314328984248e-05
302.36053175	0.030625249241803366	-4.4002808313977834e-05
303.569973877	0.030750046592535347	-4.3698434375767994e-05
304.77941600400004	0.030873735632946733	-4.3400014166094375e-05
305.98885813100003	0.030996289030396938	-4.3107526415726675e-05
307.198300258	0.03111768287440656	-4.282093627342148e-05
308.407742385	0.031237896669579206	-4.2540195718228715e-05
309.617184512	0.03135691331850427	-4.226524399374588e-05
310.82662663900004	0.031474719094952294	-4.1996008064788294e-05
312.036068766	0.03159130360769289	-4.173240308593708e-05
313.245510893	0.03170665975530253	-4.147433289376865e-05
314.45495302	0.03182078367234134	-4.122169052871074e-05
315.664395147	0.03193367466730268	-4.097435880904936e-05
316.87383727400004	0.03204533515273633	-4.073221098597514e-05
318.083279401	0.032155770567948834	-4.049511150781317e-05
319.292721528	0.03226498929466999	-4.0262916927828046e-05
320.502163655	0.0323730025660585	-4.003547696815324e-05
321.71160578200005	0.03247982436940472	-3.9812635746447854e-05
322.92104790900004	0.032585471342883116	-3.959423313377921e-05
324.130490036	0.03268996266670277	-3.938010619445025e-05
325.339932163	0.03279331994904192	-3.9170090643935764e-05
326.54937429	0.03289556710716875	-3.896402223074139e-05
327.75881641700005	0.03299673024420631	-3.876173796809462e-05
328.96825854400004	0.03309683752203538	-3.8563077149666135e-05
330.177700671	0.03319591903085421	-3.8367882098913966e-05
331.387142798	0.0332940066559444	-3.817599863745538e-05
332.596584925	0.033391133942178026	-3.798727627506854e-05
333.80602705200005	0.033487335956798384	-3.780156814778626e-05
335.01546917900004	0.033582649150983086	-3.761873073663668e-05
336.224911306	0.033677111220667515	-3.743862341855364e-05
337.434353433	0.033770760967090835	-3.726110788265617e-05
338.64379556	0.03386363815749156	-3.7086047465245686e-05
339.85323768700005	0.03395578338636572	-3.691330643203466e-05
341.06267981400003	0.03404723793767951	-3.674274924361353e-05
342.272121941	0.03413804364841065	-3.6574239834184785e-05
343.481564068	0.03422824277378068	-3.6407640921822144e-05
344.691006195	0.03431787785452679	-3.6242813375564516e-05
345.90044832200005	0.03440699158654113	-3.607961565152071e-05
347.10989044900003	0.034495626693201095	-3.591790331733142e-05
348.319332576	0.03458382580068966	-3.5757528672025404e-05
349.528774703	0.03467163131660038	-3.5598340478025514e-05
350.73821683	0.03475908531208671	-3.544018380815389e-05
351.94765895700004	0.03484622940782141	-3.5282900019795865e-05
353.15710108400003	0.034933104663995095	-3.512632685630582e-05
354.366543211	0.03501975147457861	-3.4970298682188844e-05
355.575985338	0.035106209466040934	-3.481464684913175e-05
356.785427465	0.03519251740072009	-3.465920019345148e-05
357.99486959200004	0.03527871308499656	-3.4503785659069884e-05
359.20431171900003	0.03536483328242609	-3.43482290397169e-05
360.413753846	0.035450913631959284	-3.419235583099461e-05
361.623195973	0.0355369885713596	-3.4035992181936404e-05
362.8326381	0.03562309126591229	-3.387896593419308e-05
364.04208022700004	0.03570925354250613	-3.372110772930769e-05
365.25152235400003	0.03579550582914665	-3.356225217565102e-05
366.460964481	0.03588187709994872	-3.340223904895259e-05
367.670406608	0.035968394825634284	-3.324091451782033e-05
368.87984873500005	0.036055084929551715	-3.307813236829663e-05
370.08929086200004	0.03614197174921603	-3.291375521295801e-05
371.29873298900003	0.03622907800334695	-3.274765566544952e-05
372.508175116	0.03631642476438594	-3.257971746236082e-05
373.717617243	0.036404031436432574	-3.2409836515713206e-05
374.92705937000005	0.03649191573855756	-3.223792188083562e-05
376.13650149700004	0.036580093693401115	-3.206389662563369e-05
377.34594362400003	0.03666857962099074	-3.1887698585471996e-05
378.555385751	0.036757386137665014	-3.170928099705157e-05
379.764827878	0.036846524160003606	-3.152861299817768e-05
380.97427000500005	0.03693600291363565	-3.1345679990548575e-05
382.18371213200004	0.03702582994679579	-3.1160483853795266e-05
383.393154259	0.0371160111484859	-3.0973043017684145e-05
384.602596386	0.03720655077108256	-3.078339238041499e-05
385.812038513	0.03729745145723626	-3.0591583084342046e-05
387.02148064000005	0.037388714270877754	-3.039768214518814e-05
388.23092276700004	0.03748033873216279	-3.0201771946288675e-05
389.440364894	0.03757232285615384	-3.0003949596948618e-05
390.649807021	0.03766466319505239	-2.980432617319395e-05
391.859249148	0.037757354883772375	-2.96030258418482e-05
393.06869127500005	0.03785039168864831	-2.9400184885553654e-05
394.27813340200004	0.03794376605906304	-2.919595063727992e-05
395.487575529	0.03803746918177557	-2.8990480340601935e-05
396.697017656	0.038131491037727235	-2.8783939944487802e-05
397.906459783	0.03822582046109928	-2.857650285442541e-05
399.11590191000005	0.03832044520039596	-2.8368348644532485e-05
400.32534403700004	0.038415351981320484	-2.8159661753037607e-05
401.534786164	0.03851052657121633	-2.7950630168235846e-05
402.744228291	0.038605953844839724	-2.774144412339037e-05
403.953670418	0.03870161785123984	-2.7532294810669183e-05
405.16311254500005	0.03879750188151044	-2.7323373124775105e-05
406.37255467200004	0.038893588537194976	-2.711486845078867e-05
407.581996799	0.0389898597991172	-2.6906967503379647e-05
408.791438926	0.03908629709641971	-2.669985322586825e-05
410.000881053	0.03918288137559509	-2.6493703759981543e-05
411.21032318000005	0.03927959316930175	-2.6288691488360674e-05
412.41976530700003	0.0393764126647577	-2.6084982159635742e-05
413.629207434	0.03947331977151312	-2.58827340969027e-05
414.838649561	0.03957029418841687	-2.5682097493552256e-05
416.04809168800006	0.039667315469581646	-2.5483213797567947e-05
417.25753381500004	0.039764363089182846	-2.5286215186409722e-05
418.46697594200003	0.03986141650491545	-2.509122413237551e-05
419.676418069	0.03995845521994974	-2.4898353051236444e-05
420.885860196	0.04005545884323502	-2.4707704041247724e-05
422.09530232300006	0.04015240714801328	-2.451936870401586e-05
423.30474445000004	0.04024928012839806	-2.4333428040484648e-05
424.51418657700003	0.040346058053909964	-2.4149952425316784e-05
425.723628704	0.040442721521843854	-2.3969001649241928e-05
426.933070831	0.040539251507364725	-2.379062502599373e-05
428.14251295800005	0.04063562941124441	-2.3614861558378386e-05
429.35195508500004	0.04073183710514499	-2.3441740155578233e-05
430.56139721200003	0.0408278569743805	-2.327127990189859e-05
431.770839339	0.04092367195808795	-2.310349036426136e-05
432.980281466	0.041019265586756476	-2.2938371934648136e-05
434.18972359300005	0.04111462201706266	-2.277591620535556e-05
435.39916572000004	0.04120972606397872	-2.2616106368798794e-05
436.60860784700003	0.04130456323012765	-2.2458917633919745e-05
437.818049974	0.041399119732360795	-2.2304317660714473e-05
439.027492101	0.041493382525559216	-2.215226700332841e-05
440.23693422800005	0.04158733932364457	-2.2002719558751258e-05
441.44637635500004	0.04168097861781689	-2.1855623019598897e-05
442.65581848200003	0.04177428969203242	-2.171091932249951e-05
443.865260609	0.04186726263574308	-2.156854509486293e-05
445.074702736	0.04195988835392939	-2.142843209289834e-05
446.28414486300005	0.04205215857446561	-2.1290507632425876e-05
447.49358699000004	0.04214406585286133	-2.115469500437242e-05
448.703029117	0.042235603574433345	-2.1020913883311107e-05
449.912471244	0.0423267659539624	-2.0889080718008296e-05
451.121913371	0.04241754803289914	-2.075910910795918e-05
452.33135549800005	0.042507945674191645	-2.063091016605255e-05
453.54079762500004	0.04259795555480686	-2.050439286400106e-05
454.750239752	0.04268757515602219	-2.037946436223015e-05
455.959681879	0.04277680275157825	-2.0256030326928215e-05
457.169124006	0.042865637393773304	-2.0133995227624574e-05
458.37856613300005	0.042954078897598405	-2.0013262623189837e-05
459.58800826000004	0.04304212782300096	-1.9893735430919282e-05
460.797450387	0.04312978545538011	-1.9775316183991837e-05
462.006892514	0.04321705378441339	-1.9657907275138012e-05
463.216334641	0.04330393548131742	-1.954141118847008e-05
464.42577676800005	0.04339043387464883	-1.9425730719901252e-05
465.63521889500004	0.0434765529247517	-1.9310769184826757e-05
466.844661022	0.04356229719695974	-1.9196430618758503e-05
468.054103149	0.043647671833661986	-1.9082619966491465e-05
469.26354527600006	0.04373268252534454	-1.8969243265384156e-05
470.47298740300005	0.04381733548071551	-1.8856207815507245e-05
471.68242953000004	0.04390163739602182	-1.8743422348928285e-05
472.891871657	0.0439855954236761	-1.8630797185859374e-05
474.101313784	0.04406921714028791	-1.8518244389024996e-05
475.31075591100006	0.044152510514228804	-1.8405677908499285e-05
476.52019803800005	0.044235483872813904	-1.8293013723124155e-05
477.72964016500003	0.044318145869226194	-1.818016997492608e-05
478.939082292	0.044400505449275984	-1.8067067098614942e-05
480.148524419	0.044482571818100315	-1.7953627943649575e-05
481.35796654600006	0.04456435440690276	-1.783977789394063e-05
482.56740867300005	0.044645862839831574	-1.7725444981813235e-05
483.77685080000003	0.04472710690108485	-1.7610559991830185e-05
484.986292927	0.04480809650234369	-1.7495056565654254e-05
486.195735054	0.04488884165061428	-1.7378871296273163e-05
487.40517718100006	0.044969352416566896	-1.726194381688681e-05
488.61461930800004	0.04504963890345046	-1.7144216885050037e-05
489.82406143500003	0.045129711216671885	-1.702563645936822e-05
491.033503562	0.045209579434095384	-1.690615176836059e-05
492.242945689	0.045289253577154055	-1.6785715372306595e-05
493.45238781600005	0.04536874358281901	-1.6664283220481357e-05
494.66182994300004	0.045448059276508364	-1.654181469535297e-05
495.87127207000003	0.04552721034597919	-1.6418272654486477e-05
497.080714197	0.04560620631626498	-1.6293623461435813e-05
498.290156324	0.045685056525705495	-1.6167837010108016e-05
499.49959845100005	0.045763770103112326	-1.6040886738660082e-05
500.70904057800004	0.04584235594611669	-1.591274964042079e-05
501.91848270500003	0.04592082270072871	-1.5783406263718963e-05
503.127924832	0.04599917874214667	-1.565284070319424e-05
504.337366959	0.04607743215683613	-1.55210405904313e-05
505.54680908600005	0.046155590725913354	-1.538799707217868e-05
506.75625121300004	0.046233661909838714	-1.5253704783937602e-05
507.96569334000003	0.046311652834441004	-1.5118161820844647e-05
509.175135467	0.04638957027828251	-1.498136970267197e-05
510.384577594	0.04646742066137057	-1.4843333331788014e-05
511.59401972100005	0.04654521003521355	-1.4704060949419923e-05
512.803461848	0.04662294407422228	-1.4563564091076356e-05
514.0129039750001	0.04670062806844457	-1.4421857531506446e-05
515.2223461020001	0.046778266917631234	-1.427895923607897e-05
516.4317882290001	0.046855865126609164	-1.4134890302986564e-05
517.641230356	0.046933426801951984	-1.3989674904709218e-05
518.850672483	0.047010955649919174	-1.3843340229070106e-05
520.06011461	0.04708845497564111	-1.369591641730769e-05
521.269556737	0.047165927683528154	-1.3547436497798881e-05
522.478998864	0.047243376278859855	-1.3397936321128331e-05
523.688440991	0.0473208028705321	-1.3247454490694296e-05
524.897883118	0.04739820917491802	-1.3096032291527726e-05
526.1073252450001	0.047475596520807975	-1.2943713615683541e-05
527.3167673720001	0.047552965855385265	-1.2790544886167807e-05
528.5262094990001	0.047630317751188526	-1.2636574977653928e-05
529.735651626	0.04770765241402868	-1.2481855131276504e-05
530.945093753	0.04778496969179928	-1.2326438870535403e-05
532.15453588	0.047862269084140034	-1.2170381909018882e-05
533.363978007	0.047939549752899616	-1.2013742055701562e-05
534.573420134	0.04801681053334788	-1.1856579116212643e-05
535.782862261	0.04809404994608779	-1.1698954788065541e-05
536.9923043880001	0.04817126620960773	-1.154093255296626e-05
538.2017465150001	0.04824845725343159	-1.1382577561759588e-05
539.4111886420001	0.04832562073179847	-1.1223956515293496e-05
540.6206307690001	0.048402754037834506	-1.1065137539362918e-05
541.830072896	0.04847985431814786	-1.0906190053462314e-05
543.039515023	0.04855691848780301	-1.0747184633601997e-05
544.24895715	0.0486339432456188	-1.0588192872000232e-05
545.458399277	0.04871092508973157	-1.0429287226233416e-05
546.667841404	0.04878786033338016	-1.0270540867388794e-05
547.877283531	0.04886474512085086	-1.0112027518768135e-05
549.0867256580001	0.048941575443541614	-9.953821292011875e-06
550.2961677850001	0.049018347156086925	-9.795996517044173e-06
551.5056099120001	0.04909505599249845	-9.638627566281241e-06
552.715052039	0.04917169758227381	-9.481788678544767e-06
553.924494166	0.04924826746642491	-9.325553773283438e-06
555.133936293	0.04932476111338288	-9.169996266440716e-06
556.34337842	0.04940117393473573	-9.015188880650074e-06
557.552820547	0.04947750130075606	-8.861203456706976e-06
558.762262674	0.049553738555675464	-8.708110760364055e-06
559.971704801	0.04962988103267648	-8.555980290637227e-06
561.1811469280001	0.04970592406855185	-8.404880089282751e-06
562.3905890550001	0.04978186301800728	-8.254876547750256e-06
563.6000311820001	0.049857693267569704	-8.106034221589883e-06
564.809473309	0.049933410249070415	-7.958415644288702e-06
566.018915436	0.05000900945267173	-7.812081145671182e-06
567.228357563	0.050084486439413954	-7.667088674966072e-06
568.43779969	0.050159836853257256	-7.523493629962158e-06
569.647241817	0.05023505643258903	-7.381348694464676e-06
570.856683944	0.050310141021185355	-7.240703678332988e-06
572.066126071	0.05038508657859959	-7.1016053713162525e-06
573.2755681980001	0.05045988918996449	-6.964097402783684e-06
574.4850103250001	0.050534545075193546	-6.828220111745192e-06
575.6944524520001	0.05060905059756743	-6.694010427346284e-06
576.903894579	0.05068340227169527	-6.561501761547656e-06
578.113336706	0.050757596770845646	-6.430723912091707e-06
579.322778833	0.05083163093363162	-6.301702979810003e-06
580.53222096	0.05090550177005527	-6.174461297367775e-06
581.741663087	0.05097920646690611	-6.049017369468002e-06
582.951105214	0.051052742392504014	-5.9253858291641315e-06
584.160547341	0.05112610710080788	-5.803577409846036e-06
585.3699894680001	0.05119929833486852	-5.683598924740782e-06
586.5794315950001	0.051272314029649046	-5.565453266093839e-06
587.7888737220001	0.05134515231421134	-5.449139415995494e-06
588.998315849	0.0514178115132794	-5.334652471928117e-06
590.207757976	0.051490290148187054	-5.221983685025494e-06
591.417200103	0.051562586937226124	-5.111120515027129e-06
592.62664223	0.05163470079539831	-5.002046694199333e-06
593.836084357	0.051706630833598374	-4.8947423087822295e-06
595.045526484	0.0517783763572368	-4.7891838890201655e-06
596.2549686110001	0.051849936864315285	-4.685344515014539e-06
597.4644107380001	0.05192131204298134	-4.583193931807089e-06
598.6738528650001	0.05199250176857686	-4.482698676653088e-06
599.8832949920001	0.0520635061002013	-4.383822215773062e-06
601.092737119	0.05213432527681315	-4.286525093726359e-06
602.302179246	0.052204959712885746	-4.19076508772695e-06
603.511621373	0.05227540999365096	-4.096497373873298e-06
604.7210635	0.05234567686994296	-4.003674697987403e-06
605.930505627	0.052415761252671327	-3.912247556005222e-06
607.139947754	0.05248566420695433	-3.8221643785408405e-06
608.3493898810001	0.05255538694592432	-3.73337172327598e-06
609.5588320080001	0.05262493082424542	-3.645814466036318e-06
610.7682741350001	0.05269429733135768	-3.5594360011798054e-06
611.9777162620001	0.052763488084481044	-3.4741784405122045e-06
613.187158389	0.05283250482140249	-3.3899828173564878e-06
614.396600516	0.0529013493930741	-3.306789289029763e-06
615.606042643	0.05297002375604727	-3.224537339635916e-06
616.81548477	0.053038529964767545	-3.1431659827021313e-06
618.024926897	0.053106870163762976	-3.06261396276937e-06
619.234369024	0.05317504657974269	-2.9828199520041954e-06
620.4438111510001	0.05324306151363616	-2.903722748220927e-06
621.6532532780001	0.05331091733259983	-2.8252614641746665e-06
622.8626954050001	0.05337861646200975	-2.7473757172654517e-06
624.072137532	0.05344616137746746	-2.6700058079736494e-06
625.281579659	0.053513554596848895	-2.593092901450808e-06
626.491021786	0.05358079867240508	-2.5165791919141978e-06
627.700463913	0.05364789618294959	-2.440408070077116e-06
628.90990604	0.05371484972614811	-2.364524276335378e-06
630.119348167	0.05378166191092853	-2.2888740514957068e-06
631.328790294	0.05384833535004058	-2.213405273980215e-06
632.5382324210001	0.05391487265277076	-2.1380675932665405e-06
633.7476745480001	0.053981276417842027	-2.0628125532787256e-06
634.9571166750001	0.05404754922650959	-1.9875937039073865e-06
636.166558802	0.054113693635868404	-1.9123667066977407e-06
637.376000929	0.0541797121723879	-1.8370894298725543e-06
638.585443056	0.05424560732569246	-1.7617220331531819e-06
639.794885183	0.05431138154259054	-1.6862270445210797e-06
641.00432731	0.05437703722137849	-1.6105694249941155e-06
642.213769437	0.05444257670641163	-1.5347166264292889e-06
643.4232115640001	0.05450800228297173	-1.4586386362525766e-06
644.6326536910001	0.0545733161724231	-1.382308016790318e-06
645.8420958180001	0.05463852052767652	-1.3056999311703704e-06
647.0515379450001	0.05470361742895973	-1.228792163450107e-06
648.260980072	0.05476860887990145	-1.1515651261884835e-06
649.470422199	0.05483349680394044	-1.0740018622692332e-06
650.679864326	0.054898283041050405	-9.960880339460881e-07
651.889306453	0.054962969344791085	-9.17811910276442e-07
653.09874858	0.05502755737968801	-8.391643373777818e-07
654.308190707	0.05509204871893529	-7.601387084551353e-07
655.5176328340001	0.05515644484242143	-6.807309230333347e-07
656.7270749610001	0.05522074713508278	-6.009393392226309e-07
657.9365170880001	0.055284956885574665	-5.20764719041944e-07
659.1459592150001	0.05534907528526039	-4.4021016942785707e-07
660.355401342	0.05541310342751053	-3.5928107256118225e-07
661.564843469	0.055477042307312895	-2.77985015090243e-07
662.774285596	0.05554089282118031	-1.9633171155497564e-07
663.983727723	0.05560465576735357	-1.1433291845046323e-07
665.19316985	0.05566833184629233	-3.200235136960328e-08
666.402611977	0.05573192166144402	5.0644409931369094e-08
667.6120541040001	0.055795425720277	1.3359001323209885e-07
668.8214962310001	0.055858844435584684	2.1681543330154263e-07
670.0309383580001	0.055922178127027836	3.0030007258478875e-07
671.2403804850001	0.055985427022923896	3.84021863421638e-07
672.449822612	0.05604859126226392	4.6795737402433035e-07
673.659264739	0.05611167089694283	5.520819140198557e-07
674.868706866	0.056174665894197964	6.363696452033746e-07
676.078148993	0.05623757613924165	7.20793686764809e-07
677.28759112	0.05630040143807303	8.05326228045869e-07
678.497033247	0.05636314152045739	8.899386355811639e-07
679.7064753740001	0.0564257960430601	9.746015625592547e-07
680.9159175010001	0.056488364592727346	1.059285060067e-06
682.1253596280001	0.05655084668988951	1.1439586821929831e-06
683.3348017550001	0.05661324179208668	1.2285915938457792e-06
684.544243882	0.056675549297592415	1.3131526766241297e-06
685.753686009	0.056737768549128216	1.397610632910759e-06
686.963128136	0.05679989883765447	1.4819340867101155e-06
688.172570263	0.05686193940622549	1.566091683408849e-06
689.38201239	0.05692388945389474	1.6500521860980666e-06
690.5914545170001	0.05698574813965343	1.733784571153127e-06
691.8008966440001	0.05704751458640091	1.8172581181443576e-06
693.0103387710001	0.057109187884922155	1.9004425004173764e-06
694.2197808980001	0.05717076709786874	1.9833078679261373e-06
695.429223025	0.05723225126372312	2.0658249306505783e-06
696.638665152	0.057293639400748435	2.147965034778737e-06
697.848107279	0.05735493051089547	2.2297002400476634e-06
699.057549406	0.05741612358367206	2.3110033877428438e-06
700.266991533	0.05747721759994891	2.391848166471977e-06
701.47643366	0.057538211535709635	2.4722091794149997e-06
702.6858757870001	0.057599104365716386	2.55206199642824e-06
703.8953179140001	0.0576598950670988	2.6313832149869876e-06
705.1047600410001	0.05772058262284407	2.7101505047574803e-06
706.3142021680001	0.05778116602519081	2.788342656035586e-06
707.523644295	0.05784164427891318	2.8659396203566806e-06
708.733086422	0.05790201640448697	2.942922548945792e-06
709.942528549	0.05796228144113548	3.0192738244803896e-06
711.151970676	0.05802243844974706	3.094977089619644e-06
712.361412803	0.058082486515654445	3.1700172713026997e-06
713.57085493	0.0581424247512837	3.2443806005262588e-06
714.7802970570001	0.05820225229864671	3.3180546298531427e-06
715.9897391840001	0.05826196833169809	3.3910282427121463e-06
717.1991813110001	0.05832157205853338	3.4632916621306353e-06
718.4086234380001	0.05838106272343578	3.5348364549794148e-06
719.618065565	0.058440439608764834	3.605655528107765e-06
720.827507692	0.058499702036689014	3.675743129961939e-06
722.036949819	0.05855884937075737	3.745094836370838e-06
723.246391946	0.058617881017306854	3.813707541882802e-06
724.455834073	0.05867679642671744	3.881579444765457e-06
725.6652762	0.058735595094494664	3.948710028374783e-06
726.8747183270001	0.058794276562200695	4.015100036827354e-06
728.0841604540001	0.058852840418224334	4.0807514529919015e-06
729.2936025810001	0.0589112862983906	4.145667469116973e-06
730.5030447080001	0.05896961388641729	4.209852455762039e-06
731.712486835	0.05902782291421603	4.273311927531498e-06
732.921928962	0.059085913162043896	4.336052509124402e-06
734.131371089	0.059143884458506706	4.398081893218844e-06
735.340813216	0.05920173668041981	4.459408803350606e-06
736.550255343	0.05925946975252578	4.520042948697595e-06
737.7596974700001	0.0593170836470808	4.579994978843455e-06
738.9691395970001	0.05937457838330286	4.6392764402394815e-06
740.1785817240001	0.05943195402669942	4.697899723730969e-06
741.3880238510001	0.05948921068826989	4.7558780201257395e-06
742.5974659780001	0.059546348523592765	4.813225265291876e-06
743.806908105	0.059603367731802394	4.869956090444022e-06
745.016350232	0.05966026855445655	4.926085769555236e-06
746.225792359	0.05971705127431204	4.981630164104314e-06
747.435234486	0.059773716213998795	5.036605671583996e-06
748.644676613	0.059830263734611346	5.091029170319408e-06
749.8541187400001	0.05988669423422063	5.144917964156406e-06
751.0635608670001	0.059943008146304745	5.198289730629774e-06
752.2730029940001	0.05999920593811927	5.251162461911499e-06
753.4824451210001	0.06005528810900188	5.303554415794429e-06
754.6918872480001	0.06011125518861954	5.3554840583128205e-06
755.901329375	0.060167107735171366	5.406970011074402e-06
757.110771502	0.060222846333547464	5.458031000141542e-06
758.320213629	0.06027847159345398	5.508685802860236e-06
759.529655756	0.06033398414750377	5.558953197768238e-06
760.739097883	0.060389384649289814	5.608851913453672e-06
761.9485400100001	0.06044467377143736	5.658400581179737e-06
763.1579821370001	0.060499852203651214	5.707617689585873e-06
764.3674242640001	0.06055492065075163	5.756521534462308e-06
765.5768663910001	0.060609879830719714	5.805130175857293e-06
766.786308518	0.06066473047274243	5.853461397156701e-06
767.995750645	0.060719473315276155	5.9015326621825875e-06
769.205192772	0.06077410910412494	5.949361074878215e-06
770.414634899	0.06082863859054492	5.996963344247555e-06
771.624077026	0.06088306252937772	6.044355747237412e-06
772.833519153	0.060937381677214304	6.091554093956217e-06
774.0429612800001	0.060991596790601565	6.138573698140359e-06
775.2524034070001	0.061045708624287896	6.185429344409549e-06
776.4618455340001	0.06109971792951655	6.232135262860053e-06
777.6712876610001	0.061153625452371796	6.278705104559995e-06
778.880729788	0.06120743193217725	6.3251519151260455e-06
780.090171915	0.06126113809995165	6.371488114605833e-06
781.299614042	0.061314744676931404	6.417725479473252e-06
782.509056169	0.061368252373149565	6.463875126046237e-06
783.718498296	0.06142166188608705	6.50994749383689e-06
784.9279404230001	0.0614749738993886	6.555952333760565e-06
786.1373825500001	0.061528189081657324	6.601898699405001e-06
787.3468246770001	0.06158130808531246	6.647794937206589e-06
788.5562668040001	0.061634331545532814	6.693648681629569e-06
789.7657089310001	0.0616872600792672	6.73946685033483e-06
790.975151058	0.06174009428432952	6.785255643588367e-06
792.184593185	0.061792834738565464	6.8310205441519944e-06
793.394035312	0.06184548199910225	6.87676631856704e-06
794.603477439	0.06189803660167955	6.922497023342106e-06
795.812919566	0.061950499060050526	6.968216008786804e-06
797.0223616930001	0.062002869865474756	7.013925930065418e-06
798.2318038200001	0.062055149486278716	7.05962875503785e-06
799.4412459470001	0.062107338367500486	7.10532577607309e-06
800.6506880740001	0.062159436930607985	7.151017623576589e-06
801.8601302010001	0.062211445573299204	7.196704282019101e-06
803.069572328	0.062263364669371365	7.242385103699983e-06
804.279014455	0.06231519456866616	7.2880588289775394e-06
805.488456582	0.0623669355970885	7.33372360465015e-06
806.697898709	0.062418588056693175	7.379377004426008e-06
807.907340836	0.0624701522258391	7.425016051020028e-06
809.1167829630001	0.06252162835941347	7.470637238375655e-06
810.3262250900001	0.06257301668911773	7.516236555621392e-06
811.5356672170001	0.06262431742381308	7.561809511710815e-06
812.7451093440001	0.06267553074992893	7.607351162623038e-06
813.9545514710001	0.06272665683192412	7.652856134059832e-06
815.163993598	0.06277769581280303	7.698318652018393e-06
816.373435725	0.06282864781468606	7.743732569630984e-06
817.582877852	0.0628795129394207	7.789091392325365e-06
818.792319979	0.06293029126924425	7.834388309674312e-06
820.001762106	0.06298098286748328	7.879616221936891e-06
821.2112042330001	0.0630315877792999	7.924767769638963e-06
822.4206463600001	0.06308210603245964	7.969835360752825e-06
823.6300884870001	0.0631325376381478	8.014811202657762e-06
824.8395306140001	0.0631828825918044	8.059687327758441e-06
826.0489727410001	0.0632331408739876	8.104455623124396e-06
827.258414868	0.06328331245126326	8.14910785781539e-06
828.467856995	0.06333339727711036	8.193635711542524e-06
829.677299122	0.06338339529284517	8.238030803006668e-06
830.886741249	0.0634333064285568	8.282284712179261e-06
832.0961833760001	0.0634831306040541	8.326389011752838e-06
833.3056255030001	0.06353286772982183	8.370335288030578e-06
834.5150676300001	0.06358251770797747	8.414115169358416e-06
835.7245097570001	0.06363208043323208	8.457720345866199e-06
836.9339518840001	0.06368155579384753	8.501142594069533e-06
838.143394011	0.06373094367259037	8.54437379866485e-06
839.352836138	0.06378024394767812	8.587405972232398e-06
840.562278265	0.06382945649371762	8.630231276892525e-06
841.771720392	0.06387858118262695	8.672842037090595e-06
842.981162519	0.06392761788454623	8.715230762658399e-06
844.1906046460001	0.06397656646873046	8.757390161807238e-06
845.4000467730001	0.06402542680442302	8.799313155876537e-06
846.6094889000001	0.06407419876170406	8.84099289086629e-06
847.8189310270001	0.064122882212323	8.882422749469099e-06
849.0283731540001	0.06417147703049969	8.923596363310388e-06
850.237815281	0.06421998309369638	8.964507617892359e-06
851.447257408	0.0642684002833701	9.00515066449073e-06
852.656699535	0.06431672848568441	9.045519918583073e-06
853.866141662	0.06436496759219777	9.085610071925959e-06
855.075583789	0.0644131175005114	9.125416088245908e-06
856.2850259160001	0.06446117811488988	9.164933208113957e-06
857.4944680430001	0.06450914934684106	9.204156947013181e-06
858.7039101700001	0.06455703111566576	9.243083092871918e-06
859.9133522970001	0.06460482334896242	9.281707702674113e-06
861.1227944240001	0.06465252598310268	9.320027098358441e-06
862.332236551	0.064700138963669	9.358037856690982e-06
863.541678678	0.06474766224584112	9.395736804630045e-06
864.751120805	0.06479509579476234	9.43312100702351e-06
865.960562932	0.0648424395858568	9.470187757942145e-06
867.170005059	0.06488969360510684	9.506934565702008e-06
868.3794471860001	0.06493685784929731	9.543359140367497e-06
869.5888893130001	0.06498393232621895	9.579459378301902e-06
870.7983314400001	0.0650309170548333	9.615233346457752e-06
872.0077735670001	0.0650778120654028	9.650679263773637e-06
873.2172156940001	0.06512461739957875	9.68579548279655e-06
874.426657821	0.06517133311045878	9.720580471370144e-06
875.636099948	0.06521795926260666	9.755032789715568e-06
876.845542075	0.06526449593203618	9.789151072036456e-06
878.054984202	0.06531094320615874	9.822934000584815e-06
879.2644263290001	0.06535730118370597	9.856380284993527e-06
880.4738684560001	0.06540356997461423	9.889488640436178e-06
881.6833105830001	0.06544974969987781	9.922257758209624e-06
882.8927527100001	0.06549584049137994	9.954686288060621e-06
884.1021948370001	0.065541842491684	9.986772809375544e-06
885.3116369640001	0.06558775585380815	1.0018515806134443e-05
886.521079091	0.06563358074097123	1.0049913645875791e-05
887.730521218	0.06567931732631298	1.0080964552780514e-05
888.939963345	0.06572496579258973	1.011166658287238e-05
890.149405472	0.06577052633185716	1.0142017601879466e-05
891.3588475990001	0.0658159991451229	1.0172015262713968e-05
892.5682897260001	0.06586138444198768	1.0201656981897317e-05
893.7777318530001	0.06590668244026811	1.0230939919600446e-05
894.9871739800001	0.0659518933656029	1.0259860957189532e-05
896.1966161070001	0.06599701745104687	1.0288416680739182e-05
897.406058234	0.06604205493665269	1.0316603363390298e-05
898.615500361	0.06608700606904186	1.0344416948096513e-05
899.824942488	0.06613187110096702	1.0371853034412543e-05
901.034384615	0.06617665029086613	1.03989068655011e-05
902.243826742	0.066221343902409	1.0425573318793152e-05
903.4532688690001	0.06626595220404657	1.0451846897539807e-05
904.6627109960001	0.06631047546854515	1.0477721723290562e-05
905.8721531230001	0.06635491397252813	1.050319153481083e-05
907.0815952500001	0.06639926799601778	1.0528249683255941e-05
908.2910373770001	0.0664435378219703	1.0552889136445504e-05
909.500479504	0.06648772373581988	1.0577102478925848e-05
910.709921631	0.06653182602502739	1.0600881922475519e-05
911.919363758	0.06657584497862834	1.062421931031371e-05
913.128805885	0.06661978088679046	1.0647106129843542e-05
914.338248012	0.06666363404037996	1.0669533525676372e-05
915.5476901390001	0.06670740473053136	1.0691492316868001e-05
916.7571322660001	0.06675109324823501	1.0712973015792465e-05
917.9665743930001	0.0667946998839249	1.0733965847730537e-05
919.1760165200001	0.06683822492708763	1.0754460774975438e-05
920.3854586470001	0.06688166866587536	1.0774447523433095e-05
921.594900774	0.06692503138673862	1.0793915613507149e-05
922.804342901	0.06696831337407173	1.0812854387254323e-05
924.013785028	0.06701151490986756	1.0831253045587297e-05
925.223227155	0.06705463627339563	1.0849100682899793e-05
926.432669282	0.06709767774088947	1.0866386324987626e-05
927.6421114090001	0.06714063958525192	1.0883098971219834e-05
928.8515535360001	0.06718352207578147	1.0899227635013248e-05
930.0609956630001	0.06722632547790863	1.0914761391877387e-05
931.2704377900001	0.0672690500529538	1.0929689422553568e-05
932.4798799170001	0.06731169605790245	1.0944001062631464e-05
933.689322044	0.06735426374519446	1.0957685854861426e-05
934.898764171	0.06739675336253648	1.0970733596373655e-05
936.108206298	0.06743916515272606	1.0983134395452232e-05
937.317648425	0.06748149935349596	1.0994878721332091e-05
938.5270905520001	0.06752375619737888	1.1005957461434485e-05
939.7365326790001	0.06756593591158079	1.1016361972725208e-05
940.9459748060001	0.06760803871788294	1.1026084138686387e-05
942.1554169330001	0.06765006483255073	1.1035116426128672e-05
943.3648590600001	0.067692014466261	1.104345193378084e-05
944.5743011870001	0.0677338878240518	1.1051084450802023e-05
945.783743314	0.06777568510527898	1.1058008508292583e-05
946.993185441	0.06781740650359426	1.106421942967048e-05
948.202627568	0.06785905220693537	1.1069713381925417e-05
949.412069695	0.0679006223975334	1.107448742188391e-05
950.6215118220001	0.0679421172519287	1.1078539543372956e-05
951.8309539490001	0.06798353694100588	1.1081868720955873e-05
953.0403960760001	0.06802488163004404	1.108447494761744e-05
954.2498382030001	0.0680661514787658	1.1086359277039104e-05
955.4592803300001	0.06810734664141581	1.1087523854112769e-05
956.6687224570001	0.06814846726683882	1.108797194374414e-05
957.878164584	0.06818951349857286	1.1087707963142873e-05
959.087606711	0.0682304854749535	1.1086737498909593e-05
960.297048838	0.06827138332922483	1.10850673292473e-05
961.506490965	0.06831220718966097	1.108270543408521e-05
962.7159330920001	0.06835295717969843	1.1079661005782004e-05
963.9253752190001	0.06839363341807252	1.1075944452949155e-05
965.1348173460001	0.06843423601896394	1.1071567399212334e-05
966.3442594730001	0.06847476509215238	1.1066542676005375e-05
967.5537016000001	0.0685152207431747	1.1060884312835001e-05
968.763143727	0.068555603073492	1.1054607518750509e-05
969.972585854	0.06859591218065408	1.1047728661187084e-05
971.182027981	0.06863614815848174	1.1040265239022073e-05
972.391470108	0.06867631109724293	1.1032235848355831e-05
973.600912235	0.06871640108383577	1.1023660144826586e-05
974.8103543620001	0.0687564182019751	1.1014558801120122e-05
976.0197964890001	0.06879636253238228	1.1004953460371641e-05
977.2292386160001	0.06883623415297532	1.099486667963459e-05
978.4386807430001	0.06887603313906528	1.0984321875209119e-05
979.6481228700001	0.0689157595635466	1.097334326119817e-05
980.857564997	0.06895541349709744	1.0961955779556498e-05
982.067007124	0.06899499500837002	1.0950185035652621e-05
983.276449251	0.06903450416419217	1.0938057220327702e-05
984.485891378	0.06907394102976407	1.0925599034559974e-05
985.6953335050001	0.06911330566884681	1.0912837612099546e-05
986.9047756320001	0.06915259814396256	1.0899800433884083e-05
988.1142177590001	0.06919181851658286	1.0886515246787826e-05
989.3236598860001	0.0692309668473246	1.0873009975567033e-05
990.5331020130001	0.06927004319612992	1.0859312638247104e-05
991.7425441400001	0.06930904762246198	1.0845451256062677e-05
992.951986267	0.06934798018547862	1.0831453764698767e-05
994.161428394	0.0693868409442164	1.081734792933095e-05
995.370870521	0.06942562995776497	1.0803161254506477e-05
996.580312648	0.06946434728543828	1.0788920896866866e-05
997.7897547750001	0.06950299298694249	1.0774653580701565e-05
998.9991969020001	0.069541567122538	1.0760385514139992e-05
1000.2086390290001	0.06958006975319578	1.0746142307751366e-05
1001.4180811560001	0.06961850094075037	1.0731948894802945e-05
1002.6275232830001	0.06965686074804768	1.0717829454054417e-05
1003.8369654100001	0.06969514923908388	1.0703807342856558e-05
1005.046407537	0.0697333664791416	1.0689905020105223e-05
1006.255849664	0.06977151253491713	1.0676143986757675e-05
1007.465291791	0.06980958747464364	1.0662544723961942e-05
1008.674733918	0.06984759136820519	1.0649126636425033e-05
1009.8841760450001	0.06988552428724316	1.063590800075287e-05
1011.0936181720001	0.06992338630526168	1.0622905919136644e-05
1012.3030602990001	0.06996117749771602	1.0610136279141924e-05
1013.5125024260001	0.06999889794210239	1.059761371573556e-05
1014.7219445530001	0.07003654771803422	1.058535158274948e-05
1015.9313866800001	0.07007412690731424	1.0573361926065339e-05
1017.140828807	0.07011163559399447	1.0561655465726044e-05
1018.350270934	0.07014907386443468	1.0550241580250391e-05
1019.559713061	0.07018644180734483	1.0539128299180689e-05
1020.769155188	0.07022373951382979	1.0528322299183102e-05
1021.9785973150001	0.07026096707741533	1.0517828907333215e-05
1023.1880394420001	0.07029812459407157	1.050765210687532e-05
1024.397481569	0.07033521216222914	1.0497794552775941e-05
1025.606923696	0.07037222988278684	1.0488257586597355e-05
1026.816365823	0.07040917785910648	1.0479041260589433e-05
1028.0258079500002	0.07044605619700826	1.0470144363151912e-05
1029.235250077	0.07048286500475266	1.0461564452769051e-05
1030.4446922040001	0.0705196043930157	1.0453297891330204e-05
1031.654134331	0.07055627447486151	1.044533988176985e-05
1032.8635764580001	0.0705928753656995	1.0437684516140244e-05
1034.073018585	0.07062940718324148	1.0430324815718234e-05
1035.282460712	0.07066587004744905	1.0423252783289816e-05
1036.491902839	0.070702264080476	1.0416459453273241e-05
1037.701344966	0.07073858940660624	1.0409934945117272e-05
1038.9107870930002	0.07077484615217726	1.040366852020011e-05
1040.12022922	0.07081103444551207	1.039764863741341e-05
1041.3296713470002	0.0708471544168348	1.0391863012545327e-05
1042.539113474	0.07088320619818413	1.0386298677819705e-05
1043.7485556010001	0.07091918992332515	1.038094203947501e-05
1044.957997728	0.0709551057276569	1.0375778940314995e-05
1046.167439855	0.07099095374811079	1.0370794717894788e-05
1047.376881982	0.07102673412305338	1.0365974265777456e-05
1048.586324109	0.07106244699217831	1.0361302090446806e-05
1049.795766236	0.07109809249640753	1.0356762369545525e-05
1051.005208363	0.07113367077777621	1.0352339009627592e-05
1052.2146504900002	0.07116918197932734	1.0348015699480212e-05
1053.424092617	0.07120462624500087	1.0343775962297352e-05
1054.6335347440001	0.07124000371952093	1.033960321025415e-05
1055.842976871	0.07127531454828745	1.0335480789255835e-05
1057.0524189980001	0.07131055887726445	1.033139202625058e-05
1058.261861125	0.07134573685286966	1.0327320275622942e-05
1059.471303252	0.07138084862186865	1.0323248955529385e-05
1060.680745379	0.0714158943312647	1.03191615887753e-05
1061.890187506	0.07145087412819584	1.0315041835930877e-05
1063.0996296330002	0.07148578815983503	1.0310873527614312e-05
1064.30907176	0.07152063657328948	1.0306640695467023e-05
1065.5185138870002	0.07155541951550524	1.0302327592703192e-05
1066.727956014	0.07159013713317977	1.0297918721497573e-05
1067.9373981410001	0.07162478957267014	1.0293398850998864e-05
1069.146840268	0.07165937697991354	1.0288753030114617e-05
1070.356282395	0.07169389950034813	1.0283966607810974e-05
1071.565724522	0.07172835727884203	1.0279025238518064e-05
1072.775166649	0.07176275045962542	1.027391489413429e-05
1073.9846087760002	0.07179707918622791	1.0268621868130684e-05
1075.194050903	0.07183134360142288	1.0263132779093215e-05
1076.4034930300002	0.07186554384717775	1.0257434575999813e-05
1077.612935157	0.07189968006460515	1.025151453573278e-05
1078.8223772840001	0.07193375239392749	1.0245360265177805e-05
1080.031819411	0.07196776097443817	1.0238959697296546e-05
1081.2412615380001	0.07200170594447694	1.0232301088906187e-05
1082.450703665	0.07203558744140001	1.0225373021536394e-05
1083.660145792	0.07206940560156158	1.021816439200976e-05
1084.869587919	0.07210316056030322	1.0210664416809845e-05
1086.079030046	0.07213685245193559	1.0202862624434511e-05
1087.2884721730002	0.07217048140973041	1.0194748856256347e-05
1088.4979143	0.07220404756591924	1.0186313265478364e-05
1089.7073564270001	0.07223755105169116	1.0177546314743546e-05
1090.916798554	0.07227099199719138	1.0168438783032113e-05
1092.1262406810001	0.07230437053152253	1.0158981762032476e-05
1093.335682808	0.07233768678275432	1.0149166666105491e-05
1094.545124935	0.07237094087792323	1.01389852359135e-05
1095.754567062	0.07240413294304582	1.0128429546656798e-05
1096.964009189	0.0724372631031218	1.0117492017562568e-05
1098.1734513160002	0.07247033148214976	1.0106165424270813e-05
1099.382893443	0.07250333820313005	1.0094442909839435e-05
1100.5923355700002	0.07253628338808188	1.0082318002431478e-05
1101.801777697	0.07256916715805341	1.0069784633422174e-05
1103.0112198240001	0.0726019896331307	1.005683715193939e-05
1104.220661951	0.07263475093245574	1.004347034722769e-05
1105.430104078	0.07266745117423756	1.0029679469600317e-05
1106.639546205	0.07270009047576612	1.0015460254926556e-05
1107.848988332	0.07273266895342856	1.0000808947013134e-05
1109.058430459	0.07276518672272107	9.98572232296241e-06
1110.267872586	0.07279764389827142	9.970197718017076e-06
1111.4773147130002	0.0728300405938522	9.95423305473822e-06
1112.68675684	0.07286237692239808	9.937826865143856e-06
1113.8961989670001	0.07289465299602593	9.920978318929408e-06
1115.105641094	0.07292686892605482	9.903687250376741e-06
1116.3150832210001	0.07295902482302438	9.885954181925588e-06
1117.524525348	0.07299112079671696	9.867780349066824e-06
1118.733967475	0.07302315695617762	9.849167723827157e-06
1119.943409602	0.07305513340973835	9.830119034652529e-06
1121.152851729	0.07308705026503838	9.810637786399068e-06
1122.3622938560002	0.07311890762904871	9.790728277024596e-06
1123.571735983	0.07315070560809508	9.770395613128285e-06
1124.7811781100002	0.07318244430787942	9.749645719623473e-06
1125.990620237	0.07321412383350737	9.72848534879292e-06
1127.2000623640001	0.073245744289509	9.706922085902375e-06
1128.409504491	0.07327730577986404	9.684964350008957e-06
1129.618946618	0.07330880840802509	9.662621389523729e-06
1130.828388745	0.07334025227694285	9.639903277305906e-06
1132.037830872	0.0733716374890855	9.61682090093452e-06
1133.2472729990002	0.07340296414646506	9.593385942040927e-06
1134.456715126	0.07343423235065903	9.569610863423283e-06
1135.6661572530002	0.07346544220283235	9.545508878171932e-06
1136.87559938	0.07349659380375834	9.521093926597585e-06
1138.0850415070001	0.07352768725383992	9.496380639770902e-06
1139.294483634	0.07355872265313547	9.471384301830421e-06
1140.5039257610001	0.07358970010137166	9.44612081227314e-06
1141.713367888	0.0736206196979673	9.420606634780171e-06
1142.922810015	0.07365148154205008	9.394858751603924e-06
1144.132252142	0.07368228573247795	9.368894609240036e-06
1145.341694269	0.07371303236785723	9.34273206172967e-06
1146.5511363960002	0.07374372154655723	9.316389311845447e-06
1147.760578523	0.07377435336673442	9.289884849918162e-06
1148.9700206500002	0.07380492792634039	9.263237384669887e-06
1150.179462777	0.07383544532314418	9.23646578273804e-06
1151.3889049040001	0.07386590565474967	9.209588995549856e-06
1152.598347031	0.07389630901860797	9.182625993874732e-06
1153.807789158	0.07392665551203567	9.15559569509422e-06
1155.017231285	0.073956945232231	9.128516893931043e-06
1156.226673412	0.07398717827628763	9.101408191734828e-06
1157.4361155390002	0.07401735474121117	9.074287926479074e-06
1158.645557666	0.07404747472393408	9.047174106113082e-06
1159.8549997930002	0.0740775383213317	9.020084336796436e-06
1161.06444192	0.07410754563023401	8.993035760181817e-06
1162.2738840470001	0.07413749674744524	8.966044992057831e-06
1163.483326174	0.07416739176975382	8.93912805735586e-06
1164.6927683010001	0.07419723079394866	8.912300334191353e-06
1165.902210428	0.07422701391683569	8.88557649835961e-06
1167.111652555	0.07425674123524756	8.858970473403505e-06
1168.321094682	0.07428641284605815	8.832495382138372e-06
1169.530536809	0.0743160288461993	8.80616350491803e-06
1170.7399789360002	0.07434558933266774	8.779986238379583e-06
1171.949421063	0.07437509440254356	8.753974061762038e-06
1173.1588631900001	0.07440454415299608	8.728136509001533e-06
1174.368305317	0.07443393868129936	8.702482141322715e-06
1175.5777474440001	0.07446327808484005	8.67701852701186e-06
1176.787189571	0.0744925624611266	8.651752225464354e-06
1177.996631698	0.07452179190779788	8.626688778077402e-06
1179.206073825	0.07455096652263699	8.601832702428286e-06
1180.415515952	0.07458008640356519	8.57718748954392e-06
1181.6249580790002	0.07460915164866054	8.55275560616639e-06
1182.834400206	0.07463816235615614	8.528538506778066e-06
1184.0438423330002	0.07466711862444349	8.50453664247297e-06
1185.25328446	0.07469602055207673	8.480749479358729e-06
1186.4627265870001	0.07472486823777057	8.457175518301191e-06
1187.672168714	0.0747536617804047	8.433812321042428e-06
1188.881610841	0.07478240127901815	8.410656536502609e-06
1190.091052968	0.07481108683280571	8.387703931932167e-06
1191.300495095	0.07483971854111816	8.364949428994045e-06
1192.5099372220002	0.07486829650345121	8.342387138378371e-06
1193.719379349	0.0748968208194443	8.320010403670142e-06
1194.9288214760002	0.07492529158886466	8.297811841331132e-06
1196.138263603	0.07495370891160687	8.275783381229973e-06
1197.3477057300001	0.07498207288767525	8.253916316876275e-06
1198.557147857	0.07501038361717323	8.232201350683033e-06
1199.7665899840001	0.07503864120029198	8.210628641251716e-06
1200.976032111	0.07506684573729606	8.18918785250311e-06
1202.185474238	0.07509499732850743	8.16786820145507e-06
1203.394916365	0.07512309607428858	8.14665851114546e-06
1204.604358492	0.0751511420750264	8.125547254454746e-06
1205.8138006190002	0.07517913543111533	8.104522607268322e-06
1207.023242746	0.07520707624293618	8.083572496347946e-06
1208.2326848730002	0.07523496461084257	8.062684643952295e-06
1209.442127	0.07526280063513456	8.041846615899212e-06
