0.0	0.0	0.0
1.209442127	0.0004972405929699738	-1.3857506123577659e-08
2.418884254	0.0019864021347589652	-1.3139783698384519e-08
3.6283263810000004	0.004460648150132689	-1.2729589462818353e-08
4.837768508	0.007908933374521194	-1.2727003068882959e-08
6.047210635000001	0.012316217975667822	-1.3204375328822876e-08
7.256652762000001	0.017663642011189976	-1.4059212029543088e-08
8.466094889	0.023928708760520903	-1.5327613112567915e-08
9.675537016	0.0310854769713994	-1.6971044340457694e-08
10.884979143	0.03910476358759747	-1.8925094149571317e-08
12.094421270000002	0.04795435611117321	-2.1166792617917027e-08
13.303863397	0.05759923382929662	-2.361407371986174e-08
14.513305524000002	0.06800179640847001	-2.6220928585948128e-08
15.722747651	0.07912209875122414	-2.893302933956038e-08
16.932189778	0.0909180903639766	-3.16829447963643e-08
18.141631905	0.1033458577416388	-3.441165877682978e-08
19.351074032	0.11635986821189087	-3.706769622323358e-08
20.560516159000002	0.1299132136600563	-3.9603873324897676e-08
21.769958286	0.14395785264525696	-4.1975663672352836e-08
22.979400413	0.1584448494933076	-4.414107006821266e-08
24.188842540000003	0.17332460904343672	-4.606087573161277e-08
25.398284667000002	0.18854710582817213	-4.769859770353824e-08
26.607726794	0.20406210657461843	-4.902096453415772e-08
27.817168921	0.21981938502931805	-4.999850261241945e-08
29.026611048000003	0.23576892822611956	-5.060634853532031e-08
30.236053175000002	0.251861133436211	-5.0824860330783705e-08
31.445495302	0.26804699515642905	-5.0639985912925845e-08
32.654937429	0.28427828160563323	-5.004524759530393e-08
33.864379556	0.3005077003135853	-4.904586892173768e-08
35.073821683000006	0.31668905249793305	-4.766195338401502e-08
36.28326381	0.33277737602421853	-4.592993218394126e-08
37.492705937000004	0.34872907683676746	-4.3903362081237907e-08
38.702148064	0.3645020488376341	-4.165320249480131e-08
39.911590191	0.38005578227209813	-3.926690383265763e-08
41.121032318000005	0.3953514607519721	-3.684368317206921e-08
42.330474445	0.41035204711192874	-3.4483434211383945e-08
43.539916572	0.4250223583519219	-3.227249631616337e-08
44.749358699000005	0.4393291299659878	-3.027513661730402e-08
45.958800826	0.4532410699922554	-2.8536533679471288e-08
47.168242953000004	0.4667289031568738	-2.7092396456471213e-08
48.377685080000006	0.4797654055324063	-2.5973344287832933e-08
49.587127207	0.4923254301603139	-2.5195650232845423e-08
50.796569334000004	0.5043859240912846	-2.4748415317077388e-08
52.00601146100001	0.5159259372857048	-2.4592730511752148e-08
53.215453588	0.5269266238184676	-2.4665657939737518e-08
54.424895715000005	0.5373712358505237	-2.488462851057971e-08
55.634337842	0.5472451108293326	-2.515277420372941e-08
56.843779969	0.5565356523722403	-2.5364379319103847e-08
58.053222096000006	0.5652323052752202	-2.540992846689072e-08
59.262664223	0.5733265250751312	-2.518005874641016e-08
60.472106350000004	0.5808117425787043	-2.4568555315185314e-08
61.68154847700001	0.5876833237552688	-2.347512247091732e-08
62.890990604	0.5939385253735103	-2.1808244349275085e-08
64.100432731	0.5995764467447149	-1.9488303304449062e-08
65.309874858	0.6045979779169733	-1.645093557212096e-08
66.519316985	0.6090057446466418	-1.2650528222191149e-08
67.728759112	0.6128040504552195	-8.063596665386363e-09
68.93820123900001	0.6159988160623352	-2.691801587184628e-09
70.14764336600001	0.6185975164683464	3.435780104865671e-09
71.357085493	0.6206091159440564	1.026134803516765e-08
72.56652762	0.6220440011694375	1.7697962345630813e-08
73.775969747	0.622913912749265	2.562910823844522e-08
74.98541187400001	0.6232318753211317	3.3906882065948274e-08
76.19485400100001	0.623012126461552	4.2348678314096944e-08
77.404296128	0.6222700445874227	5.0735966691806134e-08
78.613738255	0.6210220760397942	5.882207630703018e-08
79.823180382	0.6192856615233302	6.635316737724217e-08
81.032622509	0.6170791620636932	7.309950281197963e-08
82.24206463600001	0.6144217846403968	7.889056896637214e-08
83.45150676300001	0.6113335076524911	8.364902008561881e-08
84.66094889	0.607835006373923	8.74200780653922e-08
85.870391017	0.603947578552408	9.039223512752326e-08
87.079833144	0.5996930703010495	9.290415260709839e-08
88.28927527100001	0.5950938024267225	9.54348831488927e-08
89.49871739800001	0.5901724973349869	9.858043285154716e-08
90.708159525	0.5849522066481717	1.0302542920170854e-07
91.917601652	0.5794562396722426	1.0951920158264183e-07
93.127043779	0.5737080928476204	1.1886012368095278e-07
94.33648590600001	0.5677313803180907	1.3188563825761168e-07
95.54592803300001	0.5615497657496542	1.4946240908808583e-07
96.75537016000001	0.5551868955280147	1.724721895648984e-07
97.964812287	0.5486663334600272	2.0179123676536403e-07
99.174254414	0.5420114971015457	2.382627149154215e-07
100.383696541	0.5352455958311371	2.8266285698186344e-07
101.59313866800001	0.5283915707865667	3.3566353438430063e-07
102.80258079500001	0.5214720367788546	3.977961252031592e-07
104.01202292200001	0.5145092262967969	4.6942274782232896e-07
105.221465049	0.5075249357128565	5.507193415014988e-07
106.430907176	0.5005404737983569	6.416714738981949e-07
107.64034930300001	0.4935766126512829	7.420795167167524e-07
108.84979143000001	0.4866535411330748	8.515667663292446e-07
110.05923355700001	0.4797908209007882	9.695845106553417e-07
111.268675684	0.47300734510657205	1.0954129639206573e-06
112.478117811	0.4663212998192255	1.2281620273212838e-06
113.687559938	0.45975012821532024	1.3667722266593949e-06
114.89700206500001	0.4533104975977582	1.510008962267266e-06
116.10644419200001	0.44701826930191807	1.656450629656473e-06
117.31588631900001	0.44088847152561034	1.8044825050617282e-06
118.525328446	0.4349352750998724	1.9523043453379373e-06
119.734770573	0.4291719722156128	2.097950011341679e-06
120.94421270000001	0.42361095811917593	2.2393143723465313e-06
122.15365482700001	0.4182637157815712	2.374183893280677e-06
123.36309695400001	0.4131408035356048	2.5002688571436945e-06
124.572539081	0.4082518456648444	2.6152360686163435e-06
125.781981208	0.40360552591872606	2.716741027096231e-06
126.99142333500001	0.3992095839186975	2.80245853090383e-06
128.200865462	0.39507081441079	2.8701106980916213e-06
129.410307589	0.3911950693097997	2.9174924256090366e-06
130.619749716	0.3875872624694573	2.9424963136873324e-06
131.82919184300002	0.3842513771052708	2.9431413622335936e-06
133.03863397	0.38119047579993415	2.9176087377059262e-06
134.24807609700002	0.3784067130331681	2.8642790705964843e-06
135.457518224	0.37590135016989684	2.7817559884258172e-06
136.666960351	0.37367477279873	2.6688688425716145e-06
137.87640247800002	0.37172651028427156	2.5246662885775387e-06
139.085844605	0.37005525741421036	2.348413884890009e-06
140.29528673200002	0.36865889804470464	2.1395974086346747e-06
141.504728859	0.3675345306429146	1.8979289631605722e-06
142.714170986	0.3666784956103912	1.6233543933766997e-06
143.92361311300002	0.36608640426283134	1.3160610740220458e-06
145.13305524	0.365753169339735	9.764849618742327e-07
146.34249736700002	0.3656730369161654	6.053158864479519e-07
147.551939494	0.36583961958705313	2.0350044624938002e-07
148.761381621	0.36624593079327494	-2.2775791620223418e-07
149.97082374800002	0.3668844201577627	-6.870023449186136e-07
151.180265875	0.36774700969939483	-1.1725302730761222e-06
152.38970800200002	0.3688251307921893	-1.6824062916958454e-06
153.599150129	0.37010976173757604	-2.2144806597988037e-06
154.808592256	0.37159146581835684	-2.76641342198021e-06
156.018034383	0.3732604297044191	-3.335703575189572e-06
157.22747651	0.3751065020824346	-3.919722540927928e-06
158.43691863700002	0.3771192323844351	-4.515751200168117e-06
159.646360764	0.37928790949345115	-5.121019719394812e-06
160.85580289100002	0.3816016003082774	-5.7327492030568444e-06
162.065245018	0.38404918805355437	-6.3481935713826515e-06
163.274687145	0.3866194102253887	-6.964679418313205e-06
164.48412927200002	0.3893008960662668	-7.579641087187422e-06
165.693571399	0.3920822034657313	-8.190648495711925e-06
166.90301352600002	0.3949518551855293	-8.795426511359894e-06
168.112455653	0.3978983743103362	-9.391866575890126e-06
169.32189778	0.40091031882984957	-9.978032644485102e-06
170.53133990700002	0.40397631526599836	-1.0552163283206878e-05
171.740782034	0.40708509126882886	-1.1112670419699544e-05
172.95022416100002	0.4102255071129891	-1.1658134479664711e-05
174.159666288	0.4133865860311963	-1.2187296006552911e-05
175.369108415	0.41655754332363926	-1.2699045190984332e-05
176.57855054200002	0.41972781418490784	-1.3192411527432335e-05
177.787992669	0.42288708019471594	-1.366655569196712e-05
178.99743479600002	0.4260252944243633	-1.412076449761046e-05
180.206876923	0.4291327051164352	-1.4554448533057873e-05
181.41631905	0.432199877899953	-1.4967141464358735e-05
182.62576117700002	0.4352177165078279	-1.5358500067487457e-05
183.835203304	0.438177481969398	-1.5728304213657313e-05
185.04464543100002	0.44107081025839	-1.6076455673818407e-05
186.254087558	0.4438897283835951	-1.640297428257692e-05
187.46352968500003	0.4466266689147021	-1.6707990467063755e-05
188.67297181200001	0.44927448293924976	-1.6991734161000277e-05
189.882413939	0.4518264514502763	-1.725452104877831e-05
191.09185606600002	0.45427629516886675	-1.749673745201144e-05
192.301298193	0.45661818281070377	-1.7718824972128705e-05
193.51074032000002	0.45884673781056173	-1.7921265801031094e-05
194.720182447	0.46095704352248745	-1.8104569190498243e-05
195.929624574	0.4629446469172931	-1.82692593894071e-05
197.13906670100002	0.46480556080366514	-1.8415865228951778e-05
198.348508828	0.46653626460387365	-1.854491135538927e-05
199.55795095500002	0.46813370371832985	-1.865691066870595e-05
200.767393082	0.46959528751586394	-1.8752357323716107e-05
201.976835209	0.4709188859893005	-1.8831719873518837e-05
203.18627733600002	0.47210282511886104	-1.8895434500496022e-05
204.395719463	0.47314588098885646	-1.8943898508677615e-05
205.60516159000002	0.47404727270592373	-1.8977464328065463e-05
206.814603717	0.47480665416932794	-1.8996434383772298e-05
208.02404584400003	0.47542410474610075	-1.900105710683775e-05
209.23348797100002	0.47590011890563655	-1.899152435496515e-05
210.442930098	0.4762355948700215	-1.896797028567293e-05
211.65237222500002	0.47643182233785275	-1.893047167145223e-05
212.861814352	0.47649046934040007	-1.8879049487698085e-05
214.07125647900003	0.47641356829006426	-1.8813671666680076e-05
215.28069860600002	0.47620350128193617	-1.873425684158908e-05
216.490140733	0.4758629847098361	-1.864067894091076e-05
217.69958286000002	0.47539505325892073	-1.8532772555826527e-05
218.909024987	0.47480304333701884	-1.841033891866045e-05
220.11846711400003	0.47409057600727633	-1.8273152406038384e-05
221.32790924100001	0.4732615394844388	-1.8120967461003612e-05
222.537351368	0.4723200712570007	-1.795352585067661e-05
223.74679349500002	0.47127053989705914	-1.7770564221218643e-05
224.956235622	0.4701175266190949	-1.757182188051251e-05
226.16567774900003	0.4688658066482317	-1.7357048872401748e-05
227.375119876	0.46752033045763774	-1.712601431661312e-05
228.584562003	0.4660862049336409	-1.6878515056825e-05
229.79400413000002	0.4645686745260354	-1.6614384587693154e-05
231.003446257	0.4629731024396019	-1.6333502160487123e-05
232.21288838400002	0.4613049519213686	-1.603580195301199e-05
233.422330511	0.45956976769655794	-1.5721282138510262e-05
234.63177263800003	0.45777315760453163	-1.5390013720553014e-05
235.84121476500002	0.4559207744842674	-1.504214889618341e-05
237.050656892	0.4540182983571195	-1.467792876574947e-05
238.26009901900002	0.45207141895257763	-1.4297690160699345e-05
239.469541146	0.4500858186206389	-1.3901871428769613e-05
240.67898327300003	0.4480671556722713	-1.3491017075217132e-05
241.88842540000002	0.4460210481871444	-1.306578117557522e-05
243.097867527	0.44395305832550563	-1.2626929540987542e-05
244.30730965400002	0.44186867717874667	-1.2175340605363044e-05
245.516751781	0.4397733101908533	-1.1712005057305797e-05
246.72619390800003	0.43767226318041824	-1.1238024237796018e-05
247.93563603500002	0.4355707289906243	-1.0754607350610748e-05
249.145078162	0.43347377479205995	-1.0263067577275312e-05
250.35452028900002	0.43138633006079596	-9.764817192843556e-06
251.563962416	0.429313175251678	-9.261361831505721e-06
252.77340454300003	0.427258931184288	-8.754294028408965e-06
253.98284667000001	0.42522804915655443	-8.245286199685953e-06
255.192288797	0.4232248017983767	-7.736083190755874e-06
256.401730924	0.4212532746752933	-7.228494485948464e-06
257.61117305100004	0.41931735864956254	-6.724386131683538e-06
258.820615178	0.41742074300372534	-6.2256724297372196e-06
260.030057305	0.415566909329121	-5.734307291940452e-06
261.239499432	0.41375912617959537	-5.252275196699491e-06
262.448941559	0.41200044448818074	-4.781581602157636e-06
263.65838368600004	0.41029369374227453	-4.324242665635844e-06
264.867825813	0.40864147891063674	-3.882274141241149e-06
266.07726794	0.4070461781133651	-3.4576793948044166e-06
267.286710067	0.4055099410239138	-3.0524365750694143e-06
268.49615219400005	0.4040346879902833	-2.6684850533359797e-06
269.70559432100004	0.4026221098605513	-2.3077113825761136e-06
270.915036448	0.40127366849614265	-1.9719350209737585e-06
272.124478575	0.3999905979545839	-1.6628941063960567e-06
273.333920702	0.3987739063218886	-1.3822315372375923e-06
274.54336282900005	0.39762437817338947	-1.1314816345878165e-06
275.75280495600003	0.39654257764050216	-9.120576198607538e-07
276.962247083	0.3955288520596958	-7.252401602831846e-07
278.17168921	0.39458333617884567	-5.721671596653488e-07
279.381131337	0.3937059568950975	-4.538249328616892e-07
280.59057346400004	0.39289643849738826	-3.7104083614163813e-07
281.80001559100003	0.39215430838599424	-3.244774143601123e-07
283.009457718	0.3914789032406168	-3.146280346992894e-07
284.218899845	0.39086937560796076	-3.4181403699064944e-07
285.428341972	0.39032470087917004	-4.061834082491958e-07
286.63778409900004	0.38984368462703	-5.07710964881003e-07
287.84722622600003	0.3894249702724658	-6.462000304244958e-07
289.056668353	0.3890670470497001	-8.212854091336347e-07
290.26611048	0.38876825823924943	-1.0324374364045763e-06
291.475552607	0.3885268096380338	-1.2789669789486924e-06
292.68499473400004	0.3883407782357534	-1.5600314198661175e-06
293.89443686100003	0.3882081210669224	-1.8746416221796652e-06
295.103878988	0.38812668420796537	-2.221669744383384e-06
296.313321115	0.3880942118891905	-2.5998577512509335e-06
297.522763242	0.38810835569174373	-3.0078264611002603e-06
298.73220536900004	0.38816668380017866	-3.44408502974021e-06
299.94164749600003	0.38826669028171495	-3.9070407977463e-06
301.151089623	0.38840580436396654	-4.395009408526829e-06
302.36053175	0.3885813996834613	-4.9062251011866564e-06
303.569973877	0.3887908034781674	-5.4388511410707885e-06
304.77941600400004	0.3890313056979061	-5.990990243643149e-06
305.98885813100003	0.38930016800745326	-6.5606949216368005e-06
307.198300258	0.38959463265809213	-7.145977679499926e-06
308.407742385	0.38991193120425693	-7.744820909006203e-06
309.617184512	0.39024929304300027	-8.355186456218341e-06
310.82662663900004	0.3906039537550409	-8.975024737229234e-06
312.036068766	0.39097316322722653	-9.602283361205208e-06
313.245510893	0.39135419353746087	-1.0234915191002433e-05
314.45495302	0.3917443465841843	-1.0870885803735547e-05
315.664395147	0.39214096144381966	-1.1508180357590325e-05
316.87383727400004	0.39254142144069004	-1.214480982155916e-05
318.083279401	0.3929431609152603	-1.2778816619485323e-05
319.292721528	0.3933436716777177	-1.3408279702755224e-05
320.502163655	0.3937405091352107	-1.4031319105121953e-05
321.71160578200005	0.3941312980823024	-1.4646100016339064e-05
322.92104790900004	0.3945137381454963	-1.5250836463219508e-05
324.130490036	0.3948856088739149	-1.5843794635518604e-05
325.339932163	0.39524477446947764	-1.6423295915682368e-05
326.54937429	0.3955891881511152	-1.698771972737101e-05
327.75881641700005	0.3959168961488221	-1.7535506214933633e-05
328.96825854400004	0.39622604132447814	-1.8065158873020043e-05
330.177700671	0.39651486641760425	-1.8575247179106885e-05
331.387142798	0.3967817169153253	-1.9064409246736386e-05
332.596584925	0.39702504354698787	-1.9531354536313217e-05
333.80602705200005	0.39724340440497957	-1.997486662764711e-05
335.01546917900004	0.39743546669436286	-2.0393805975901097e-05
336.224911306	0.3976000081150364	-2.0787112650941936e-05
337.434353433	0.3977359178810556	-2.115380897186117e-05
338.64379556	0.39784219738284476	-2.1493002008449863e-05
339.85323768700005	0.39791796049884043	-2.180388589288762e-05
341.06267981400003	0.39796243356409156	-2.2085743903870608e-05
342.272121941	0.3979749550041009	-2.2337950304027188e-05
343.481564068	0.3979549746430361	-2.2559971888234942e-05
344.691006195	0.3979020526961585	-2.2751369247158565e-05
345.90044832200005	0.39781585845703843	-2.2911797693099534e-05
347.10989044900003	0.3976961686907536	-2.3041007860376966e-05
348.319332576	0.3975428657449083	-2.3138845958049076e-05
349.528774703	0.3973559353908474	-2.320525365623674e-05
350.73821683	0.3971354644079179	-2.324026759326428e-05
351.94765895700004	0.39688163792420494	-2.3244018527414367e-05
353.15710108400003	0.39659473652739397	-2.321673008052333e-05
354.366543211	0.39627513315993335	-2.3158717109148658e-05
355.575985338	0.39592328981291325	-2.307038370521347e-05
356.785427465	0.395539754033295	-2.2952220810182333e-05
357.99486959200004	0.39512515525941694	-2.2804803485317743e-05
359.20431171900003	0.394680200999793	-2.2628787821155766e-05
360.413753846	0.3942056728703607	-2.242490753075546e-05
361.623195973	0.3937024225054002	-2.2193970224199805e-05
362.8326381	0.3931713673573282	-2.193685341693452e-05
364.04208022700004	0.3926134864005948	-2.1654500263746518e-05
365.25152235400003	0.39202981575477813	-2.134791508463102e-05
366.460964481	0.39142144424189435	-2.1018158683328014e-05
367.670406608	0.39078950889276154	-2.066634349733379e-05
368.87984873500005	0.39013519041706024	-2.0293628620247223e-05
370.08929086200004	0.38945970865148455	-1.990121472707912e-05
371.29873298900003	0.38876431800010086	-1.9490338922116546e-05
372.508175116	0.38805030288073117	-1.9062269546909344e-05
373.717617243	0.3873189731908264	-1.8618300994966558e-05
374.92705937000005	0.38657165980587516	-1.8159748533745634e-05
376.13650149700004	0.38580971012305737	-1.7687943188012673e-05
377.34594362400003	0.38503448366233317	-1.7204226693309788e-05
378.555385751	0.3842473477367627	-1.670994655008154e-05
379.764827878	0.38344967320330814	-1.6206451204741484e-05
380.97427000500005	0.382642830304885	-1.569508538267969e-05
382.18371213200004	0.3818281846138978	-1.5177185558885864e-05
383.393154259	0.38100709308693553	-1.4654075635719271e-05
384.602596386	0.38018090023972395	-1.412706279432796e-05
385.812038513	0.3793509344509023	-1.3597433554390914e-05
387.02148064000005	0.3785185044025512	-1.3066450059631002e-05
388.23092276700004	0.37768489566478997	-1.253534655991373e-05
389.440364894	0.3768513674312043	-1.200532614503702e-05
390.649807021	0.37601914941120873	-1.1477557698206381e-05
391.859249148	0.37518943888485445	-1.0953173080370526e-05
393.06869127500005	0.3743633979249507	-1.0433264554486621e-05
394.27813340200004	0.37354215079076913	-9.91888244386216e-06
395.487575529	0.37272678149697186	-9.411033020417098e-06
396.697017656	0.371918331560803	-8.910676623962582e-06
397.906459783	0.37111779792996186	-8.418726009054578e-06
399.11590191000005	0.37032613109300194	-7.936044918395446e-06
400.32534403700004	0.36954423337346165	-7.46344685951042e-06
401.534786164	0.36877295740841776	-7.001694120281621e-06
402.744228291	0.36801310481153604	-6.5514969759365715e-06
403.953670418	0.36726542502016385	-6.113513094714584e-06
405.16311254500005	0.3665306143254583	-5.688347153410406e-06
406.37255467200004	0.3658093150840452	-5.276550636642424e-06
407.581996799	0.36510211510915547	-4.878621814200651e-06
408.791438926	0.36440954723875163	-4.4950058891088385e-06
410.000881053	0.3637320890776583	-4.126095323134932e-06
411.21032318000005	0.363070162910276	-3.772230300288365e-06
412.41976530700003	0.36242413578001825	-3.433699359210035e-06
413.629207434	0.36179431973123477	-3.1107401444741e-06
414.838649561	0.36118097220898426	-2.8035402853225644e-06
416.04809168800006	0.36058429661166985	-2.512238408022144e-06
417.25753381500004	0.3600044429911979	-2.2369252354569047e-06
418.46697594200003	0.3594415088950677	-1.977644797739736e-06
419.676418069	0.3588955403444337	-1.7343957226072237e-06
420.885860196	0.3583665329419753	-1.5071326034815646e-06
422.09530232300006	0.3578544331031805	-1.2957674392251317e-06
423.30474445000004	0.35735913940439745	-1.1001711313733675e-06
424.51418657700003	0.35688050404084226	-9.20175032961823e-07
425.723628704	0.3564183343875893	-7.555725415088477e-07
426.933070831	0.3559723946564408	-6.06120724524345e-07
428.14251295800005	0.3555424076414556	-4.715419817773181e-07
429.35195508500004	0.3551280565457895	-3.515257157755969e-07
430.56139721200003	0.35472898688250587	-2.4573004535691223e-07
431.770839339	0.3543448084419153	-1.537835047291103e-07
432.980281466	0.353975097318004	-7.528677293047736e-08
434.18972359300005	0.3536193979865084	-9.814395279111876e-09
435.39916572000004	0.3532772254272408	4.308348413792351e-08
436.60860784700003	0.35294806728325656	8.387940145584971e-08
437.818049974	0.3526313860496221	1.1306683975198517e-07
439.027492101	0.3523266212845106	1.3115851732123374e-07
440.23693422800005	0.35203319183555687	1.386846702755573e-07
441.44637635500004	0.35175049807445546	1.361913497602285e-07
442.65581848200003	0.3514779241329903	1.2423872988373552e-07
443.865260609	0.3512148401337987	1.0339941717424361e-07
445.074702736	0.35096060440933585	7.425678934594448e-08
446.28414486300005	0.3507145657027684	3.7403332073943085e-08
447.49358699000004	0.3504760653446516	-6.561000912702619e-09
448.703029117	0.35024443939948713	-5.703041676061171e-08
449.912471244	0.3500190207765169	-1.1339489191727892e-07
451.121913371	0.3497991412993078	-1.750417635108803e-07
452.33135549800005	0.34958413372896147	-2.413572948480047e-07
453.54079762500004	0.3493733337360161	-3.11728237889497e-07
454.750239752	0.34916608181643344	-3.855433479589554e-07
455.959681879	0.3489617251472578	-4.621948933372644e-07
457.169124006	0.34875961937789	-5.410801328306625e-07
458.37856613300005	0.3485591303531758	-6.21602766898155e-07
459.58800826000004	0.3483596357647851	-7.031743647564759e-07
460.797450387	0.34816052672771036	-7.852157590422515e-07
462.006892514	0.34796120927894036	-8.671584059982695e-07
463.216334641	0.3477611057957147	-9.484457257173673e-07
464.42577676800005	0.3475596563310632	-1.0285343971273841e-06
465.63521889500004	0.34735631986461935	-1.1068956171401967e-06
466.844661022	0.3471505754669708	-1.1830163314831277e-06
468.054103149	0.34694192337620866	-1.2564004081040692e-06
469.26354527600006	0.34672988598548643	-1.3265697735194426e-06
470.47298740300005	0.34651400874082894	-1.3930654972904577e-06
471.68242953000004	0.34629386094861847	-1.455448819475541e-06
472.891871657	0.3460690364925344	-1.5133021236887756e-06
474.101313784	0.34583915445996105	-1.5662298384795659e-06
475.31075591100006	0.34560385967816015	-1.6138592823199127e-06
476.52019803800005	0.3453628231607566	-1.6558414241626962e-06
477.72964016500003	0.3451157424653829	-1.6918515738408024e-06
478.939082292	0.3448623419635	-1.7215899897927989e-06
480.148524419	0.344602373023721	-1.7447824003057055e-06
481.35796654600006	0.3443356141101469	-1.7611804457098867e-06
482.56740867300005	0.34406187079747047	-1.770562018481997e-06
483.77685080000003	0.3437809757047743	-1.772731521555715e-06
484.986292927	0.34349278835019376	-1.7675200409163205e-06
486.195735054	0.34319719492875295	-1.7547854117734574e-06
487.40517718100006	0.34289410801588466	-1.7344122148869878e-06
488.61461930800004	0.34258346619929875	-1.7063116605278705e-06
489.82406143500003	0.34226523364201866	-1.670421404816047e-06
491.033503562	0.3419393995795159	-1.626705257721378e-06
492.242945689	0.3416059777540664	-1.575152811798125e-06
493.45238781600005	0.34126500578947244	-1.5157789727965332e-06
494.66182994300004	0.3409165445094876	-1.4486234149041488e-06
495.87127207000003	0.34056067720331273	-1.3737499413163379e-06
497.080714197	0.34019750884162686	-1.2912457783946507e-06
498.290156324	0.3398271652466872	-1.2012207935147012e-06
499.49959845100005	0.33944979222005944	-1.1038066369400967e-06
500.70904057800004	0.33906555463163124	-9.991558381668153e-07
501.91848270500003	0.3386746354735213	-8.874408321882243e-07
503.127924832	0.3382772348825769	-7.688529438561187e-07
504.337366959	0.3378735691351172	-6.436013212339498e-07
505.54680908600005	0.3374638696176022	-5.119118421242908e-07
506.75625121300004	0.3370483817768619	-3.740259776896515e-07
507.96569334000003	0.33662736405351545	-2.3019963828543877e-07
509.175135467	0.33620108680218186	-8.07019951941379e-08
510.384577594	0.33576983120199083	7.418570486042442e-08
511.59401972100005	0.3353338881609074	2.3417134061703981e-07
512.803461848	0.3348935572172713	3.989531171637306e-07
514.0129039750001	0.334449145441906	5.682207597154654e-07
515.2223461020001	0.3340009663440517	7.416567087935311e-07
516.4317882290001	0.3335493387842962	9.189372957539577e-07
517.641230356	0.33309458589758173	1.0997339045457077e-06
518.850672483	0.33263703402926326	1.2837141171208322e-06
520.06011461	0.33217701168707003	1.470542831678856e-06
521.269556737	0.33171484851170907	1.6598833583528205e-06
522.478998864	0.33125087426875316	1.8513984747503542e-06
523.688440991	0.3307854178643123	2.0447514696188274e-06
524.897883118	0.3303188063867962	2.2396071287823782e-06
526.1073252450001	0.3298513641770932	2.435632699152035e-06
527.3167673720001	0.32938341192916715	2.632498818058715e-06
528.5262094990001	0.3289152658230865	2.8298803863152644e-06
529.735651626	0.3284472366922517	3.0274574151431533e-06
530.945093753	0.3279796292265043	3.2249158270700184e-06
532.15453588	0.32751274121263696	3.421948211079079e-06
533.363978007	0.3270468628136319	3.61825454024689e-06
534.573420134	0.32658227588791416	3.813542843074391e-06
535.782862261	0.32611925334960623	4.007529824854444e-06
536.9923043880001	0.32565805857078356	4.199941453921635e-06
538.2017465150001	0.3251989448264539	4.390513499864107e-06
539.4111886420001	0.32474215478290597	4.578992024825007e-06
540.6206307690001	0.32428792002990997	4.76513384173316e-06
541.830072896	0.3238364606571196	4.948706916162171e-06
543.039515023	0.32338798487486337	5.129490732339731e-06
544.24895715	0.3229426886793904	5.307276612256939e-06
545.458399277	0.3225007555625143	5.481868004260371e-06
546.667841404	0.3220623562654476	5.65308071174761e-06
547.877283531	0.3216276485765008	5.820743101073861e-06
549.0867256580001	0.32119677717218187	5.984696258530542e-06
550.2961677850001	0.3207698735011598	6.1447941104540715e-06
551.5056099120001	0.3203470557103761	6.300903508366096e-06
552.715052039	0.31992842861253623	6.452904274076299e-06
553.924494166	0.319514083694078	6.600689217046984e-06
555.133936293	0.3191040991626139	6.7441641035878575e-06
556.34337842	0.3186985400327774	6.88324760235795e-06
557.552820547	0.3182974582492808	7.017871202222997e-06
558.762262674	0.31790089284591894	7.147979083601402e-06
559.971704801	0.3175088701392258	7.273527973819527e-06
561.1811469280001	0.3171214039553162	7.394486963130387e-06
562.3905890550001	0.3167384958884798	7.5108373085511215e-06
563.6000311820001	0.31636013558999704	7.622572188149823e-06
564.809473309	0.31598630108556824	7.729696459280594e-06
566.018915436	0.3156169591197481	7.832226362292777e-06
567.228357563	0.3152520655256911	7.930189225187345e-06
568.43779969	0.31489156561852594	8.023623136680508e-06
569.647241817	0.3145353946105966	8.112576600521892e-06
570.856683944	0.3141834780468217	8.197108172944279e-06
572.066126071	0.3138357322583918	8.277286083033242e-06
573.2755681980001	0.3134920648330062	8.353187830493353e-06
574.4850103250001	0.31315237509986715	8.424899781797612e-06
575.6944524520001	0.31281655462761615	8.492516736083311e-06
576.903894579	0.3124844877334412	8.556141495932867e-06
578.113336706	0.31215605200153385	8.615884416460218e-06
579.322778833	0.31183111880917613	8.671862945675013e-06
580.53222096	0.31150955385866586	8.724201164236195e-06
581.741663087	0.3111912177133771	8.773029306938934e-06
582.951105214	0.3108759663362584	8.81848329471746e-06
584.160547341	0.31056365162909993	8.86070424209115e-06
585.3699894680001	0.3102541219709521	8.899837981871106e-06
586.5794315950001	0.30994722275410014	8.936034574410362e-06
587.7888737220001	0.3096427969160738	8.969447825808718e-06
588.998315849	0.3093406854661922	9.000234798287043e-06
590.207757976	0.30904072800520277	9.028555331015015e-06
591.417200103	0.30874276323663785	9.054571563766461e-06
592.62664223	0.3084466294685719	9.078447454697464e-06
593.836084357	0.3081521651044932	9.100348320783408e-06
595.045526484	0.3078592091221002	9.120440371143679e-06
596.2549686110001	0.3075676015389097	9.138890255361298e-06
597.4644107380001	0.30727718386354563	9.155864621298443e-06
598.6738528650001	0.30698779953177985	9.171529678688589e-06
599.8832949920001	0.3066992943263293	9.186050775284588e-06
601.092737119	0.30641151677958256	9.19959199231768e-06
602.302179246	0.30612431855846073	9.212315741236737e-06
603.511621373	0.30583755483068553	9.224382379376811e-06
604.7210635	0.30555108461180946	9.235949846378433e-06
605.930505627	0.30526477109244243	9.247173303073702e-06
607.139947754	0.3049784819451693	9.258204798863467e-06
608.3493898810001	0.3046920896107277	9.269192945440125e-06
609.5588320080001	0.3044054715631063	9.280282613700203e-06
610.7682741350001	0.30411851055324474	9.291614644160034e-06
611.9777162620001	0.3038310948311593	9.303325577251359e-06
613.187158389	0.30354311834633185	9.315547403184604e-06
614.396600516	0.303254480926277	9.328407326921612e-06
615.606042643	0.3029650884332979	9.34202754909047e-06
616.81548477	0.3026748528994735	9.35652507499593e-06
618.024926897	0.3023836926399964	9.372011528511331e-06
619.234369024	0.3020915323450494	9.38859299932926e-06
620.4438111510001	0.3017983031504582	9.406369896318434e-06
621.6532532780001	0.3015039426874067	9.425436823813638e-06
622.8626954050001	0.30120839511160186	9.44588247575942e-06
624.072137532	0.3009116111122409	9.467789550948041e-06
625.281579659	0.30061354790129236	9.491234676854698e-06
626.491021786	0.3003141691835654	9.516288361027109e-06
627.700463913	0.300013445108112	9.543014950961354e-06
628.90990604	0.2997113522015761	9.57147261697669e-06
630.119348167	0.29940787328411045	9.601713341876594e-06
631.328790294	0.29910299736852347	9.633782939309082e-06
632.5382324210001	0.2987967195433712	9.66772107530156e-06
633.7476745480001	0.2984890408407115	9.703561310751146e-06
634.9571166750001	0.2981799680893061	9.741331154833333e-06
636.166558802	0.2978695137540374	9.781052133093354e-06
637.376000929	0.29755769576235164	9.822739869561059e-06
638.585443056	0.29724453731857386	9.866404179440652e-06
639.794885183	0.2969300667069087	9.91204917642416e-06
641.00432731	0.29661431708402075	9.959673386378265e-06
642.213769437	0.29629732626204375	1.0009269875165677e-05
643.4232115640001	0.29597913648288454	1.0060826385119293e-05
644.6326536910001	0.2956597941847336	1.011432548206695e-05
645.8420958180001	0.2953393497616406	1.016974471108531e-05
647.0515379450001	0.295017857317047	1.0227056755688496e-05
648.260980072	0.29469537441215005	1.0286229614551307e-05
649.470422199	0.29437196180999464	1.0347226771331708e-05
650.679864326	0.29404768321612257	1.0410007388200054e-05
651.889306453	0.29372260501666236	1.0474526484834795e-05
653.09874858	0.29339679601470237	1.0540735142970659e-05
654.308190707	0.2930703271657493	1.060858069993828e-05
655.5176328340001	0.2927432713131174	1.0678006955873454e-05
656.7270749610001	0.2924157029240134	1.0748954381783332e-05
657.9365170880001	0.2920876978270922	1.0821360330561663e-05
659.1459592150001	0.2917593329522496	1.0895159249197511e-05
660.355401342	0.29143068607334277	1.0970282896902855e-05
661.564843469	0.2911018355545638	1.1046660563149985e-05
662.774285596	0.2907728601011206	1.112421928672197e-05
663.983727723	0.29044383851486466	1.1202884081910197e-05
665.19316985	0.29011484945548466	1.128257815221495e-05
666.402611977	0.28978597120783867	1.1363223115033738e-05
667.6120541040001	0.28945728145596805	1.1444739227789436e-05
668.8214962310001	0.28912885706431635	1.152704560502052e-05
670.0309383580001	0.28880077386662206	1.1610060437445419e-05
671.2403804850001	0.2884731064629391	1.1693701213295882e-05
672.449822612	0.2881459280251965	1.1777884936566008e-05
673.659264739	0.2878193101116515	1.1862528340997325e-05
674.868706866	0.2874933224906131	1.1947548101010758e-05
676.078148993	0.28716803297370297	1.2032861041018361e-05
677.28759112	0.28684350725894237	1.2118384347614697e-05
678.497033247	0.2865198087839019	1.2204035763845045e-05
679.7064753740001	0.2861969985890765	1.2289733795606272e-05
680.9159175010001	0.28587513519169905	1.2375397898736762e-05
682.1253596280001	0.28555427447007625	1.2460948677548572e-05
683.3348017550001	0.2852344695585599	1.2546308058990208e-05
684.544243882	0.2849157707532003	1.2631399480277777e-05
685.753686009	0.28459822542812163	1.2716148054269655e-05
686.963128136	0.2842818779626027	1.2800480741707171e-05
688.172570263	0.28396676967880313	1.2884326510427535e-05
689.38201239	0.2836529387901207	1.2967616484491074e-05
690.5914545170001	0.283340420360016	1.3050284095133396e-05
691.8008966440001	0.28302924627121173	1.313226521814162e-05
693.0103387710001	0.28271944520510706	1.321349830368454e-05
694.2197808980001	0.2824110426312131	1.3293924500144133e-05
695.429223025	0.2821040608064149	1.3373487769769571e-05
696.638665152	0.28179851878380346	1.3452134990148135e-05
697.848107279	0.28149443243084854	1.352981605844128e-05
699.057549406	0.28119181445661734	1.3606483972489897e-05
700.266991533	0.2808906744477503	1.3682094916155768e-05
701.47643366	0.2805910189128601	1.3756608328027026e-05
702.6858757870001	0.2802928513350503	1.3829986960367524e-05
703.8953179140001	0.279996172232166	1.3902196934860445e-05
705.1047600410001	0.27970097922445036	1.3973207779523211e-05
706.3142021680001	0.27940726710918273	1.4042992463929316e-05
707.523644295	0.2791150279419575	1.411152742441385e-05
708.733086422	0.27882425112415876	1.417879257433266e-05
709.942528549	0.27853492349625	1.4244771313329241e-05
711.151970676	0.27824702943646157	1.4309450513946137e-05
712.361412803	0.27796055096442046	1.4372820515001772e-05
713.57085493	0.2776754678493428	1.4434875099406802e-05
714.7802970570001	0.2773917577223132	1.4495611454636709e-05
715.9897391840001	0.2771093961922534	1.4555030134186242e-05
717.1991813110001	0.27682835696511954	1.461313501190803e-05
718.4086234380001	0.276548611965914	1.4669933217605763e-05
719.618065565	0.27627013146307366	1.472543507635704e-05
720.827507692	0.27599288419480394	1.4779654032057166e-05
722.036949819	0.27571683749693165	1.4832606563632e-05
723.246391946	0.2754419574318897	1.4884312102017572e-05
724.455834073	0.27516820891837834	1.4934792928508744e-05
725.6652762	0.2748955558613225	1.4984074076060394e-05
726.8747183270001	0.2746239612817454	1.5032183220201056e-05
728.0841604540001	0.2743533874461364	1.5079150562584409e-05
729.2936025810001	0.2740837959949824	1.5125008714922394e-05
730.5030447080001	0.2738151480700611	1.5169792572780616e-05
731.712486835	0.27354740444017184	1.5213539184131403e-05
732.921928962	0.2732805256249673	1.525628762036671e-05
734.131371089	0.2730144720165409	1.5298078838751894e-05
735.340813216	0.2727492039984779	1.533895553929368e-05
736.550255343	0.27248468206208265	1.5378962023648163e-05
737.7596974700001	0.2722208669194857	1.5418144052245508e-05
738.9691395970001	0.2719577196133741	1.5456548691658578e-05
740.1785817240001	0.27169520162311844	1.5494224169396165e-05
741.3880238510001	0.27143327496702874	1.553121972881419e-05
742.5974659780001	0.27117190230057003	1.5567585468775208e-05
743.806908105	0.27091104701030133	1.560337220475952e-05
745.016350232	0.2706506733033912	1.5638631311102463e-05
746.225792359	0.2703907462925404	1.567341457563154e-05
747.435234486	0.27013123207615264	1.570777405081325e-05
748.644676613	0.2698720978136618	1.5741761908352053e-05
749.8541187400001	0.2696133117958672	1.5775430294358295e-05
751.0635608670001	0.2693548435102247	1.580883118751375e-05
752.2730029940001	0.26909666370099083	1.5842016260064762e-05
753.4824451210001	0.26883874442418054	1.5875036742555443e-05
754.6918872480001	0.26858105909729624	1.5907943289348442e-05
755.901329375	0.2683235825438012	1.5940785850751538e-05
757.110771502	0.2680662910323299	1.5973613548287552e-05
758.320213629	0.267809162310659	1.600647455624396e-05
759.529655756	0.26755217563444145	1.603941597747016e-05
760.739097883	0.26729531179075816	1.607248374292311e-05
761.9485400100001	0.26703855311653646	1.6105722497002095e-05
763.1579821370001	0.26678188351190657	1.6139175503464276e-05
764.3674242640001	0.26652528844858364	1.61728845417472e-05
765.5768663910001	0.26626875497334024	1.62068898235182e-05
766.786308518	0.26601227170671976	1.624122990443594e-05
767.995750645	0.26575582883707877	1.627594161093121e-05
769.205192772	0.26549941811009725	1.6311059960288227e-05
770.414634899	0.26524303281389516	1.6346618099908478e-05
771.624077026	0.264986667759904	1.6382647246303977e-05
772.833519153	0.26473031925966123	1.6419176629776933e-05
774.0429612800001	0.26447398509768055	1.6456233446034835e-05
775.2524034070001	0.26421766450058126	1.6493842819192278e-05
776.4618455340001	0.26396135810265764	1.6532027762843765e-05
777.6712876610001	0.26370506790808285	1.6570809151846694e-05
778.880729788	0.26344879724991815	1.6610205699811587e-05
780.090171915	0.2631925507461521	1.6650233945286752e-05
781.299614042	0.26293633425296775	1.6690908240472174e-05
782.509056169	0.2626801548154167	1.673224074476634e-05
783.718498296	0.2624240206157612	1.6774241429099584e-05
784.9279404230001	0.26216794091962753	1.6816918087494276e-05
786.1373825500001	0.2619119260202477	1.6860276345603137e-05
787.3468246770001	0.26165598718096406	1.690431968096387e-05
788.5562668040001	0.26140013657621114	1.6949049453568454e-05
789.7657089310001	0.261144387231208	1.699446492856374e-05
790.975151058	0.260888752960548	1.7040563316483154e-05
792.184593185	0.26063324830591794	1.7087339816108243e-05
793.394035312	0.26037788847313287	1.713478765658777e-05
794.603477439	0.260122689268699	1.718289814818183e-05
795.812919566	0.25986766703611475	1.723166073984428e-05
797.0223616930001	0.259612838592088	1.7281063075698377e-05
798.2318038200001	0.25935822116287416	1.7331091059839127e-05
799.4412459470001	0.2591038323209234	1.7381728922721135e-05
800.6506880740001	0.2588496899220061	1.7432959291453082e-05
801.8601302010001	0.25859581204300514	1.7484763264550424e-05
803.069572328	0.25834221692054027	1.75371204878573e-05
804.279014455	0.2580889228905845	1.7590009234652593e-05
805.488456582	0.25783594832923007	1.7643406490699953e-05
806.697898709	0.257583311594764	1.7697288031495034e-05
807.907340836	0.257331030971169	1.7751628519368373e-05
809.1167829630001	0.2570791246132182	1.780640158115243e-05
810.3262250900001	0.2568276104932529	1.786157990664103e-05
811.5356672170001	0.2565765063497928	1.7917135335086126e-05
812.7451093440001	0.2563258296380731	1.7973038947655118e-05
813.9545514710001	0.25607559748260633	1.8029261160974058e-05
815.163993598	0.25582582663186787	1.8085771818658614e-05
816.373435725	0.25557653341519543	1.814254028598139e-05
817.582877852	0.25532773370196415	1.8199535543808945e-05
818.792319979	0.2550794428631158	1.82567262791717e-05
820.001762106	0.2548316757350916	1.8314080977152244e-05
821.2112042330001	0.2545844465862234	1.837156801336344e-05
822.4206463600001	0.2543377690856346	1.8429155744998857e-05
823.6300884870001	0.2540916562746541	1.8486812595750954e-05
824.8395306140001	0.2538461205408076	1.8544507145607306e-05
826.0489727410001	0.2536011735943623	1.8602208215305616e-05
827.258414868	0.25335682644746427	1.8659884951189448e-05
828.467856995	0.25311308939585814	1.8717506901867395e-05
829.677299122	0.2528699720031735	1.8775044100471927e-05
830.886741249	0.2526274830877756	1.883246713977986e-05
832.0961833760001	0.25238563071215214	1.8889747243152136e-05
833.3056255030001	0.25214442217480637	1.894685633829947e-05
834.5150676300001	0.25190386400462467	1.9003767122277235e-05
835.7245097570001	0.25166396195767016	1.9060453123942445e-05
836.9339518840001	0.2514247210163604	1.9116888767333612e-05
838.143394011	0.2511861453909734	1.9173049426101166e-05
839.352836138	0.25094823852340864	1.9228911477325514e-05
840.562278265	0.25071100309316224	1.9284452350392875e-05
841.771720392	0.2504744410254244	1.9339650576301326e-05
842.981162519	0.25023855350123675	1.9394485825630428e-05
844.1906046460001	0.25000334096961385	1.9448938947373012e-05
845.4000467730001	0.24976880316156932	1.950299200433568e-05
846.6094889000001	0.24953493910594554	1.955662830116847e-05
847.8189310270001	0.24930174714694106	1.960983241221237e-05
849.0283731540001	0.24906922496328615	1.9662590204971853e-05
850.237815281	0.2488373695889189	1.9714888852957052e-05
851.447257408	0.24860617743510052	1.9766716854417027e-05
852.656699535	0.24837564431385412	1.981806403877212e-05
853.866141662	0.24814576546263284	1.9868921576801993e-05
855.075583789	0.24791653557009988	1.9919281978792933e-05
856.2850259160001	0.24768794880294193	1.9969139093767643e-05
857.4944680430001	0.24745999883357822	2.001848810473557e-05
858.7039101700001	0.24723267886870098	2.0067325521120824e-05
859.9133522970001	0.2470059816785018	2.0115649160188515e-05
861.1227944240001	0.24677989962651073	2.0163458136747414e-05
862.332236551	0.24655442469992717	2.021075283737024e-05
863.541678678	0.24632954854035033	2.0257534905492383e-05
864.751120805	0.24610526247480852	2.0303807206372218e-05
865.960562932	0.24588155754696875	2.0349573802144055e-05
867.170005059	0.24565842454845738	2.0394839918018784e-05
868.3794471860001	0.2454358540501826	2.04396119072945e-05
869.5888893130001	0.24521383643355704	2.048389721658571e-05
870.7983314400001	0.24499236192154378	2.0527704338357822e-05
872.0077735670001	0.2447714206094236	2.0571042774105916e-05
873.2172156940001	0.24455100249522033	2.0613922989418457e-05
874.426657821	0.2443310975096805	2.0656356361861e-05
875.636099948	0.24411169554573248	2.0698355137453717e-05
876.845542075	0.2438927864873636	2.073993237916051e-05
878.054984202	0.24367436023781935	2.0781101911277258e-05
879.2644263290001	0.24345640674708474	2.0821878270793626e-05
880.4738684560001	0.2432389160385605	2.0862276650122913e-05
881.6833105830001	0.24302187823489102	2.0902312840537923e-05
882.8927527100001	0.24280528358286246	2.094200318144071e-05
884.1021948370001	0.24258912247735553	2.098136449569382e-05
885.3116369640001	0.24237338548426648	2.102041403772084e-05
886.521079091	0.24215806336238946	2.1059169432249836e-05
887.730521218	0.24194314708418344	2.1097648618597503e-05
888.939963345	0.24172862785541152	2.113586979246053e-05
890.149405472	0.24151449713362538	2.1173851347007847e-05
891.3588475990001	0.2413007466454401	2.1211611818819712e-05
892.5682897260001	0.24108736840261474	2.1249169825952874e-05
893.7777318530001	0.24087435471687907	2.128654401492916e-05
894.9871739800001	0.2406616982135323	2.132375300805539e-05
896.1966161070001	0.24044939184376424	2.136081534142957e-05
897.406058234	0.24023742889572552	2.139774942177229e-05
898.615500361	0.24002580300432824	2.1434573465423448e-05
899.824942488	0.23981450815976615	2.1471305454013115e-05
901.034384615	0.23960353871479212	2.1507963082839643e-05
902.243826742	0.23939288939073253	2.1544563714713874e-05
903.4532688690001	0.2391825552822588	2.158112433041197e-05
904.6627109960001	0.2389725318609411	2.1617661493432763e-05
905.8721531230001	0.23876281497759144	2.1654191297732286e-05
907.0815952500001	0.2385534008634182	2.169072933520637e-05
908.2910373770001	0.23834428613002895	2.1727290656366194e-05
909.500479504	0.23813546776829408	2.1763889732890826e-05
910.709921631	0.2379269431461134	2.1800540425984116e-05
911.919363758	0.23771871000511444	2.183725595786626e-05
913.128805885	0.23751076645631247	2.187404887769688e-05
914.338248012	0.23730311097478746	2.1910931039570078e-05
915.5476901390001	0.23709574239338926	2.1947913579803413e-05
916.7571322660001	0.23688865989554492	2.1985006889834596e-05
917.9665743930001	0.23668186300718408	2.2022220606536524e-05
919.1760165200001	0.23647535158784688	2.205956358800748e-05
920.3854586470001	0.23626912582100285	2.209704390351841e-05
921.594900774	0.23606318620365307	2.21346688244195e-05
922.804342901	0.23585753353523506	2.21724448110968e-05
924.013785028	0.2356521689059075	2.2210377511057075e-05
925.223227155	0.23544709368423397	2.2248471752302906e-05
926.432669282	0.23524230950435004	2.2286731544189642e-05
927.6421114090001	0.23503781825264247	2.2325160079800233e-05
928.8515535360001	0.23483362205400113	2.2363759736361566e-05
930.0609956630001	0.234629723257679	2.240253208313399e-05
931.2704377900001	0.2344261244228507	2.2441477891883832e-05
932.4798799170001	0.2342228283038653	2.2480597143718223e-05
933.689322044	0.23401983783529048	2.2519889043184915e-05
934.898764171	0.23381715611677223	2.25593520325508e-05
936.108206298	0.23361478639777722	2.2598983811126724e-05
937.317648425	0.2334127320622421	2.2638781350396014e-05
938.5270905520001	0.2332109966132131	2.2678740915374127e-05
939.7365326790001	0.23300958365747315	2.2718858087021274e-05
940.9459748060001	0.23280849689025912	2.2759127788823594e-05
942.1554169330001	0.23260774008006327	2.2799544307632383e-05
943.3648590600001	0.23240731705359943	2.2840101322016415e-05
944.5743011870001	0.23220723168094304	2.28807919308259e-05
945.783743314	0.2320074878609125	2.2921608681761643e-05
946.993185441	0.23180808950670628	2.2962543602542823e-05
948.202627568	0.23160904053186038	2.3003588232142422e-05
949.412069695	0.2314103448365294	2.3044733650938454e-05
950.6215118220001	0.23121200629414343	2.3085970516555088e-05
951.8309539490001	0.2310140287384659	2.3127289097391382e-05
953.0403960760001	0.23081641595108804	2.3168679305267045e-05
954.2498382030001	0.230619171649375	2.3210130729299852e-05
955.4592803300001	0.23042229947489853	2.325163267456222e-05
956.6687224570001	0.23022580298236983	2.329317419353695e-05
957.878164584	0.23002968562910706	2.3334744122933265e-05
959.087606711	0.22983395076504387	2.3376331120355393e-05
960.297048838	0.22963860162329858	2.341792369454053e-05
961.506490965	0.22944364131132644	2.345951024861244e-05
962.7159330920001	0.22924907280265078	2.35010791078058e-05
963.9253752190001	0.22905489892920677	2.3542618555916217e-05
965.1348173460001	0.22886112237428513	2.358411686971887e-05
966.3442594730001	0.22866774566609166	2.3625562350165774e-05
967.5537016000001	0.22847477117192422	2.3666943358934683e-05
968.763143727	0.2282822010929827	2.3708248345341576e-05
969.972585854	0.2280900374597866	2.3749465880112258e-05
971.182027981	0.22789828212821828	2.379058468463327e-05
972.391470108	0.22770693677619186	2.3831593661741493e-05
973.600912235	0.22751600290092686	2.3872481918232186e-05
974.8103543620001	0.2273254818168305	2.3913238798184758e-05
976.0197964890001	0.22713537465397937	2.3953853904936512e-05
977.2292386160001	0.22694568235718787	2.3994317127356765e-05
978.4386807430001	0.22675640568565744	2.4034618660205564e-05
979.6481228700001	0.22656754521318598	2.4074749025425682e-05
980.857564997	0.22637910132893008	2.4114699097608355e-05
982.067007124	0.22619107423869939	2.4154460118299553e-05
983.276449251	0.22600346396677398	2.4194023715923274e-05
984.485891378	0.22581627035821766	2.4233381919546576e-05
985.6953335050001	0.2256294930816733	2.427252717514608e-05
986.9047756320001	0.22544313163262156	2.4311452358071958e-05
988.1142177590001	0.2252571853370774	2.4350150784901298e-05
989.3236598860001	0.22507165335571122	2.438861622314735e-05
990.5331020130001	0.22488653468836103	2.442684290013264e-05
991.7425441400001	0.22470182817892065	2.446482550878641e-05
992.951986267	0.22451753252057394	2.4502559214408318e-05
994.161428394	0.2243336462613713	2.454003965790194e-05
995.370870521	0.22415016781008573	2.457726296009599e-05
996.580312648	0.22396709544235732	2.4614225717633012e-05
997.7897547750001	0.2237844273070999	2.46509250091502e-05
998.9991969020001	0.22360216143311148	2.468735838818091e-05
1000.2086390290001	0.22342029573591185	2.4723523882637724e-05
1001.4180811560001	0.223238828024731	2.4759419991294412e-05
1002.6275232830001	0.22305775600967587	2.4795045673738428e-05
1003.8369654100001	0.2228770773090059	2.4830400347640447e-05
1005.046407537	0.22269678945651267	2.48654838771456e-05
1006.255849664	0.22251688990898508	2.4900296565315283e-05
1007.465291791	0.22233737605371828	2.4934839142764717e-05
1008.674733918	0.22215824521606403	2.4969112755362025e-05
1009.8841760450001	0.2219794946669702	2.500311895260038e-05
1011.0936181720001	0.22180112163052276	2.503685967302459e-05
1012.3030602990001	0.22162312329144185	2.5070337230712406e-05
1013.5125024260001	0.22144549680251144	2.5103554299802516e-05
1014.7219445530001	0.22126823929194084	2.5136513894867887e-05
1015.9313866800001	0.22109134787061568	2.516921935922893e-05
1017.140828807	0.22091481963923715	2.520167434513776e-05
1018.350270934	0.22073865169532073	2.523388279435275e-05
1019.559713061	0.22056284114003566	2.5265848920850292e-05
1020.769155188	0.22038738508487535	2.5297577191898957e-05
1021.9785973150001	0.22021228065814527	2.5329072306812597e-05
1023.1880394420001	0.2200375250112359	2.5360339178963007e-05
1024.397481569	0.219863115324687	2.5391382916640712e-05
1025.606923696	0.2196890488140273	2.5422208799530388e-05
1026.816365823	0.219515322735361	2.5452822260258606e-05
1028.0258079500002	0.21934193439071023	2.5483228864005628e-05
1029.235250077	0.21916888113308966	2.5513434287683517e-05
1030.4446922040001	0.21899616037132288	2.5543444299138546e-05
1031.654134331	0.21882376957456082	2.5573264739888954e-05
1032.8635764580001	0.2186517062765305	2.5602901498666952e-05
1034.073018585	0.21847996807948183	2.5632360498354517e-05
1035.282460712	0.2183085526578507	2.5661647672965346e-05
1036.491902839	0.21813745776160637	2.569076894824024e-05
1037.701344966	0.21796668121931018	2.571973022362853e-05
1038.9107870930002	0.21779622094085863	2.5748537353934703e-05
1040.12022922	0.21762607491992816	2.57771961315479e-05
1041.3296713470002	0.21745624123611518	2.5805712270293366e-05
1042.539113474	0.21728671805676353	2.5834091385384256e-05
1043.7485556010001	0.2171175036384994	2.5862338979068533e-05
1044.957997728	0.21694859632845603	2.5890460427743442e-05
1046.167439855	0.21677999456521416	2.5918460962226497e-05
1047.376881982	0.21661169687943405	2.5946345658004605e-05
1048.586324109	0.2164437018942218	2.5974119419356137e-05
1049.795766236	0.21627600832519409	2.6001786968314622e-05
1051.005208363	0.2161086149802798	2.6029352831790156e-05
1052.2146504900002	0.21594152075924947	2.6056821330661464e-05
1053.424092617	0.21577472465298905	2.6084196572004337e-05
1054.6335347440001	0.21560822574252217	2.6111482435904262e-05
1055.842976871	0.21544202319778505	2.613868257004409e-05
1057.0524189980001	0.21527611627616794	2.616580038447211e-05
1058.261861125	0.21511050432084727	2.6192839036518617e-05
1059.471303252	0.2149451867588852	2.621980143536519e-05
1060.680745379	0.21478016309914574	2.624669022986692e-05
1061.890187506	0.21461543293000612	2.627350780930876e-05
1063.0996296330002	0.2144509959168972	2.6300256295526403e-05
1064.30907176	0.2142868517996702	2.6326937543409354e-05
1065.5185138870002	0.21412300038981627	2.635355314363659e-05
1066.727956014	0.21395944156753038	2.6380104414795713e-05
1067.9373981410001	0.21379617527865488	2.6406592406470752e-05
1069.146840268	0.21363320153149232	2.6433017901025466e-05
1070.356282395	0.21347052039352732	2.645938141600246e-05
1071.565724522	0.21330813198803347	2.6485683207570082e-05
1072.775166649	0.21314603649061772	2.6511923269472923e-05
1073.9846087760002	0.21298423412567408	2.6538101339870085e-05
1075.194050903	0.21282272516280107	2.6564216910308913e-05
1076.4034930300002	0.2126615099131606	2.6590269225024166e-05
1077.612935157	0.21250058872580613	2.6616257289320197e-05
1078.8223772840001	0.21233996198398078	2.664217987503187e-05
1080.031819411	0.2121796301014239	2.666803553229985e-05
1081.2412615380001	0.21201959351865993	2.6693822591222077e-05
1082.450703665	0.21185985269931074	2.671953917526837e-05
1083.660145792	0.21170040812642166	2.674518320607e-05
1084.869587919	0.21154126029882758	2.6770752418209948e-05
1086.079030046	0.21138240972755978	2.679624436244775e-05
1087.2884721730002	0.21122385693230314	2.68216564186137e-05
1088.4979143	0.21106560243791983	2.6846985807888954e-05
1089.7073564270001	0.21090764677103946	2.6872229600146888e-05
1090.916798554	0.2107499904567317	2.6897384723993667e-05
1092.1262406810001	0.21059263401526263	2.6922447983347003e-05
1093.335682808	0.21043557795895088	2.6947416063396665e-05
1094.545124935	0.21027882278912	2.6972285545269828e-05
1095.754567062	0.21012236899316827	2.6997052911870156e-05
1096.964009189	0.20996621704174415	2.702171456833366e-05
1098.1734513160002	0.2098103673860444	2.704626684582774e-05
1099.382893443	0.20965482045523914	2.7070706016580834e-05
1100.5923355700002	0.20949957665403224	2.7095028303626353e-05
1101.801777697	0.20934463636034642	2.7119229894513944e-05
1103.0112198240001	0.20918999992315185	2.714330695024504e-05
1104.220661951	0.2090356676604359	2.716725561708634e-05
1105.430104078	0.20888163985731414	2.7191072037866318e-05
1106.639546205	0.20872791676429123	2.7214752362786018e-05
1107.848988332	0.20857449859567098	2.7238292758956575e-05
1109.058430459	0.20842138552810574	2.7261689422124202e-05
1110.267872586	0.20826857769930482	2.7284938583576127e-05
1111.4773147130002	0.20811607520689027	2.7308036522687845e-05
1112.68675684	0.20796387810740297	2.733097957693248e-05
1113.8961989670001	0.20781198641545875	2.735376414684902e-05
1115.105641094	0.20766040010304332	2.737638670719661e-05
1116.3150832210001	0.20750911909897155	2.7398843816511115e-05
1117.524525348	0.20735814328847	2.7421132121360423e-05
1118.733967475	0.2072074725129266	2.7443248364896616e-05
1119.943409602	0.20705710656975476	2.7465189395683987e-05
1121.152851729	0.2069070452124166	2.7486952171645526e-05
1122.3622938560002	0.2067572881505612	2.750853376465648e-05
1123.571735983	0.20660783505030528	2.752993137128748e-05
1124.7811781100002	0.20645868553463706	2.755114231324518e-05
1125.990620237	0.2063098391839381	2.757216404254692e-05
1127.2000623640001	0.2061612955366264	2.7592994146901847e-05
1128.409504491	0.20601305408990986	2.7613630351794316e-05
1129.618946618	0.2058651143006502	2.763407052715043e-05
1130.828388745	0.2057174755863215	2.7654312682466944e-05
1132.037830872	0.20557013732607715	2.7674354974777104e-05
1133.2472729990002	0.20542309886190047	2.769419570892301e-05
1134.456715126	0.20527635949984477	2.7713833338206123e-05
1135.6661572530002	0.2051299185113512	2.7733266465044745e-05
1136.87559938	0.20498377513464144	2.7752493841636666e-05
1138.0850415070001	0.20483792857618194	2.7771514367102082e-05
1139.294483634	0.20469237801220855	2.7790327092477862e-05
1140.5039257610001	0.2045471225903051	2.7808931211145346e-05
1141.713367888	0.2044021614310348	2.782732606377257e-05
1142.922810015	0.20425749362961496	2.784551113606433e-05
1144.132252142	0.2041131182576342	2.786348605021867e-05
1145.341694269	0.20396903436479355	2.788125056943716e-05
1146.5511363960002	0.20382524098068072	2.7898804592035517e-05
1147.760578523	0.20368173711656445	2.7916148145214204e-05
1148.9700206500002	0.20353852176719572	2.7933281384302094e-05
1150.179462777	0.20339559391262768	2.7950204588209765e-05
1151.3889049040001	0.20325295252003184	2.7966918154839412e-05
1152.598347031	0.2031105965455155	2.7983422594898832e-05
1153.807789158	0.20296852493593012	2.799971852803819e-05
1155.017231285	0.20282673663066228	2.8015806680410996e-05
1156.226673412	0.20268523056342025	2.8031687872791256e-05
1157.4361155390002	0.20254400566397834	2.8047363020261215e-05
1158.645557666	0.20240306085991083	2.806283312485093e-05
1159.8549997930002	0.20226239507828392	2.8078099269667964e-05
1161.06444192	0.2021220072473132	2.8093162613727907e-05
1162.2738840470001	0.20198189629798818	2.8108024383530564e-05
1163.483326174	0.20184206116563558	2.8122685868095174e-05
1164.6927683010001	0.2017025007914542	2.813714841439635e-05
1165.902210428	0.20156321412398637	2.8151413419165786e-05
1167.111652555	0.20142420012053863	2.8165482320770263e-05
1168.321094682	0.2012854577485439	2.8179356596267843e-05
1169.530536809	0.20114698598686562	2.8193037756680736e-05
1170.7399789360002	0.20100878382703602	2.8206527335232143e-05
1171.949421063	0.2008708502744331	2.8219826882855056e-05
1173.1588631900001	0.20073318434938897	2.8232937965310886e-05
1174.368305317	0.20059578508822778	2.8245862154593904e-05
1175.5777474440001	0.20045865154424472	2.8258601021602034e-05
1176.787189571	0.2003217827885946	2.827115613549154e-05
1177.996631698	0.2001851779111257	2.828352905284541e-05
1179.206073825	0.20004883602112955	2.8295721313629715e-05
1180.415515952	0.19991275624803162	2.830773443799478e-05
1181.6249580790002	0.19977693774198899	2.8319569917167886e-05
1182.834400206	0.19964137967442747	2.8331229212958872e-05
1184.0438423330002	0.19950608123850358	2.834271375141799e-05
1185.25328446	0.19937104164949235	2.8354024917213658e-05
1186.4627265870001	0.19923626014509951	2.8365164050740688e-05
1187.672168714	0.19910173598571052	2.8376132442633345e-05
1188.881610841	0.19896746845455415	2.8386931331147655e-05
1190.091052968	0.19883345685781345	2.8397561901677415e-05
1191.300495095	0.198699700524656	2.840802527626432e-05
1192.5099372220002	0.19856619880720489	2.841832251874142e-05
1193.719379349	0.19843295108043904	2.842845462518867e-05
1194.9288214760002	0.19829995674203577	2.8438422526106538e-05
1196.138263603	0.19816721521214728	2.8448227081671537e-05
1197.3477057300001	0.19803472593312454	2.8457869081203666e-05
1198.557147857	0.19790248836917698	2.8467349242743134e-05
1199.7665899840001	0.19777050200597965	2.847666820708812e-05
1200.976032111	0.19763876635023772	2.8485826542867104e-05
1202.185474238	0.19750728092918385	2.8494824740847233e-05
1203.394916365	0.1973760452900443	2.8503663213705344e-05
1204.604358492	0.19724505899945569	2.851234230171265e-05
1205.8138006190002	0.19711432164284315	2.8520862266344024e-05
1207.023242746	0.19698383282374676	2.8529223289934513e-05
1208.2326848730002	0.19685359216313242	2.853742548166241e-05
1209.442127	0.19672359929865887	2.8545468874308783e-05
