0.0	1.0	0.0
1.209442127	0.9994447847942586	-1.3988493696714954e-10
2.418884254	0.997781964229399	-6.294693100095117e-10
3.6283263810000004	0.9950195639953522	-1.6122243262639557e-09
4.837768508	0.9911705079503189	-3.149924057699316e-09
6.047210635000001	0.9862524341247462	-5.229259594785596e-09
7.256652762000001	0.9802875008558106	-7.863426396137463e-09
8.466094889	0.9733021751770337	-1.0997707473869855e-08
9.675537016	0.9653270064344516	-1.4578716473617748e-08
10.884979143	0.9563963816132879	-1.8537742422705672e-08
12.094421270000002	0.9465482658804695	-2.2812948736669614e-08
13.303863397	0.9358239283114552	-2.734528455408669e-08
14.513305524000002	0.9242676556431423	-3.20730322231344e-08
15.722747651	0.9119264560728235	-3.693513770525181e-08
16.932189778	0.8988497555697011	-4.187444214293068e-08
18.141631905	0.8850890892220784	-4.68382758689323e-08
19.351074032	0.8706977900728103	-5.177556768043434e-08
20.560516159000002	0.8557306778471137	-5.6633255016147466e-08
21.769958286	0.8402437499109255	-6.135554619923766e-08
22.979400413	0.8242938766763714	-6.588427518827711e-08
24.188842540000003	0.8079385035046979	-7.015781260111265e-08
25.398284667000002	0.7912353609794591	-7.41025936029649e-08
26.607726794	0.7742421852087608	-7.76228387261435e-08
27.817168921	0.7570164497644943	-8.064422936382432e-08
29.026611048000003	0.7396151110567339	-8.323291504630514e-08
30.236053175000002	0.7220943675236331	-8.551106887855209e-08
31.445495302	0.7045094327866689	-8.75239972442099e-08
32.654937429	0.6869143250624336	-8.927251089752009e-08
33.864379556	0.6693616731564289	-9.075185640472494e-08
35.073821683000006	0.6519025389632505	-9.196845617009952e-08
36.28326381	0.6345862566380944	-9.294317472596791e-08
37.492705937000004	0.6174602885004925	-9.37117288629663e-08
38.702148064	0.6005700975634288	-9.432763495298424e-08
39.911590191	0.5839590364221732	-9.487283296472082e-08
41.121032318000005	0.5676682521054017	-9.548041698947962e-08
42.330474445	0.5517366064014187	-9.635247742723063e-08
43.539916572	0.5362006111236495	-9.77442105865034e-08
44.749358699000005	0.5210943777026191	-9.99283442243426e-08
45.958800826	0.5064495803326922	-1.0317389373404318e-07
47.168242953000004	0.49229543182648516	-1.0772926414825967e-07
48.377685080000006	0.47865867143021557	-1.1382233382206675e-07
49.587127207	0.46556356382809505	-1.2169348199975172e-07
50.796569334000004	0.45303190846190616	-1.3161316697596348e-07
52.00601146100001	0.44108305830181366	-1.438609806350688e-07
53.215453588	0.4297339472556098	-1.5868478549924125e-07
54.424895715000005	0.41899912543680434	-1.7627391153685057e-07
55.634337842	0.4088908015052256	-1.9676689956560356e-07
56.843779969	0.3994188913003779	-2.2027373607763634e-07
58.053222096000006	0.3905910720434657	-2.4688468708983224e-07
59.262664223	0.3824128414301679	-2.766656073405205e-07
60.472106350000004	0.3748875809688308	-3.0965067693983217e-07
61.68154847700001	0.3680166229633318	-3.4583875582056e-07
62.890990604	0.3617993205909708	-3.851969799101296e-07
64.100432731	0.3562331205765992	-4.2767641838387105e-07
65.309874858	0.3513136380139607	-4.732451967873197e-07
66.519316985	0.3470347329340375	-5.219416164409241e-07
67.728759112	0.3433885882647313	-5.739424102299551e-07
68.93820123900001	0.3403657888623416	-6.296303384223378e-07
70.14764336600001	0.3379554013194961	-6.896354344601563e-07
71.357085493	0.3361450542693877	-7.548238507987248e-07
72.56652762	0.33492101892404874	-8.262231819683441e-07
73.775969747	0.33426828961875177	-9.048984863091469e-07
74.98541187400001	0.33417066418689156	-9.918126992192189e-07
76.19485400100001	0.3346108240432504	-1.0877061497327478e-06
77.404296128	0.33557041389034586	-1.1930146802674457e-06
78.613738255	0.3370301209780739	-1.3078274505723408e-06
79.823180382	0.33896975384952716	-1.4318753789044347e-06
81.032622509	0.34136832050622207	-1.5645426382771e-06
82.24206463600001	0.3442041059296007	-1.7048984630868569e-06
83.45150676300001	0.3474547488991624	-1.8517468298867579e-06
84.66094889	0.35109731804785954	-2.003688148538574e-06
85.870391017	0.35510838708995546	-2.1591848446134154e-06
87.079833144	0.35946410915100774	-2.3166227134246986e-06
88.28927527100001	0.3641402901294003	-2.474362268911623e-06
89.49871739800001	0.3691124610199272	-2.6307813036641203e-06
90.708159525	0.3743559491349163	-2.7843161610197065e-06
91.917601652	0.37984594816569406	-2.9335068285618604e-06
93.127043779	0.38555758702498844	-3.0770351015507735e-06
94.33648590600001	0.39146599739140825	-3.2137257586634105e-06
95.54592803300001	0.3975463798579014	-3.3424823983677077e-06
96.75537016000001	0.40377406859551856	-3.46216419193357e-06
97.964812287	0.410124594466329	-3.5714597625552402e-06
99.174254414	0.41657374651007134	-3.6688384679531283e-06
100.383696541	0.4230976316850817	-3.7526220328168436e-06
101.59313866800001	0.42967273271648027	-3.821144094667828e-06
102.80258079500001	0.4362759639334891	-3.872903762094926e-06
104.01202292200001	0.44288472502109916	-3.906640220742441e-06
105.221465049	0.4494769526058926	-3.921326814593229e-06
106.430907176	0.4560311695637406	-3.916120317547234e-06
107.64034930300001	0.46252653192582555	-3.8903007175544735e-06
108.84979143000001	0.46894287327442113	-3.843226728555971e-06
110.05923355700001	0.47526074654147443	-3.7743234862844255e-06
111.268675684	0.48146146313553406	-3.683110359538333e-06
112.478117811	0.4875271293267737	-3.5692672023662775e-06
113.687559938	0.49344067982252726	-3.4327262417380155e-06
114.89700206500001	0.49918590847059147	-3.2737658044873497e-06
116.10644419200001	0.5047474960319731	-3.093076742836931e-06
117.31588631900001	0.5101110349660356	-2.8917824716617746e-06
118.525328446	0.5152630511754964	-2.67141781579161e-06
119.734770573	0.5201910226757578	-2.433887131648993e-06
120.94421270000001	0.5248833951742722	-2.181413231078233e-06
122.15365482700001	0.5293295945549463	-1.916475752782032e-06
123.36309695400001	0.5335200362649707	-1.6417392479511905e-06
124.572539081	0.5374461316097628	-1.3599780877802947e-06
125.781981208	0.5411002909758318	-1.0740061196570783e-06
126.99142333500001	0.5444759240148225	-7.866155133200159e-07
128.200865462	0.547567436833638	-5.00526246813987e-07
129.410307589	0.5503702262457724	-2.1834621993788161e-07
130.619749716	0.5528806711495566	5.7458430496176716e-08
131.82919184300002	0.5550961211091063	3.2458377719965514e-07
133.03863397	0.557014882223378	5.809005593666872e-07
134.24807609700002	0.5586362003774351	8.244601727176032e-07
135.457518224	0.5599602419778901	1.0534958128291527e-06
136.666960351	0.560988072281982	1.266420204069224e-06
137.87640247800002	0.5617216314364631	1.4618212361428018e-06
139.085844605	0.562163708348711	1.638456687068357e-06
140.29528673200002	0.5623179125177291	1.7952490055823944e-06
141.504728859	0.5621886439574244	1.931281110947175e-06
142.714170986	0.5617810613486951	2.0457939577406964e-06
143.92361311300002	0.5611010485608937	2.1381861945082153e-06
145.13305524	0.5601551796868577	2.2080155955370856e-06
146.34249736700002	0.5589506827383037	2.2550013579697784e-06
147.551939494	0.5574954021497776	2.279026378305786e-06
148.761381621	0.5557977602399902	2.2801388845760523e-06
149.97082374800002	0.5538667177793644	2.2585531599915443e-06
151.180265875	0.5517117338121387	2.214649318829122e-06
152.38970800200002	0.5493427248806078	2.1489720545223717e-06
153.599150129	0.5467700237976645	2.0622282452982532e-06
154.808592256	0.5440043381118721	1.955283213447151e-06
156.018034383	0.5410567084068862	1.8291553940449207e-06
157.22747651	0.5379384665739836	1.6850090586682798e-06
158.43691863700002	0.5346611941929715	1.5241447928280444e-06
159.646360764	0.5312366811528684	1.3479873649316354e-06
160.85580289100002	0.5276768846394004	1.1580706912803218e-06
162.065245018	0.5239938886116675	9.560197519655617e-07
163.274687145	0.5201998638853654	7.435294843774476e-07
164.48412927200002	0.5163070289345413	5.223410556136343e-07
165.693571399	0.5123276115179382	2.942162324326425e-07
166.90301352600002	0.508273811229786	6.091095436019933e-08
168.112455653	0.5041577630682422	-1.7585048396606684e-07
169.32189778	0.4999915021082581	-4.143993475314023e-07
170.53133990700002	0.49578692935928553	-6.531433074420667e-07
171.740782034	0.491555778882406	-8.905835293324116e-07
172.95022416100002	0.4873095862361182	-1.125327689567579e-06
174.159666288	0.48305965831480996	-1.3560990177602372e-06
175.369108415	0.4788170446385563	-1.5817417491209573e-06
176.57855054200002	0.4745925101470819	-1.8012235712648594e-06
177.787992669	0.47039650954453893	-2.0136358155377343e-06
178.99743479600002	0.46623916323516496	-2.2181921767450152e-06
180.206876923	0.4621302348833925	-2.41422661891727e-06
181.41631905	0.45807911062540957	-2.6011908781375936e-06
182.62576117700002	0.45409477995302605	-2.7786517114089526e-06
183.835203304	0.45018581828428406	-2.9462878061783937e-06
185.04464543100002	0.4463603712292371	-3.1038863743462763e-06
186.254087558	0.4426261405533829	-3.2513396349687085e-06
187.46352968500003	0.43899037183561807	-3.388641446666618e-06
188.67297181200001	0.4354598438126961	-3.5158839812796105e-06
189.882413939	0.43204085939776193	-3.6332537988667535e-06
191.09185606600002	0.42873923835760636	-3.741026289999505e-06
192.301298193	0.42556031163102087	-3.839557391006887e-06
193.51074032000002	0.42250891726533546	-3.929273305704195e-06
194.720182447	0.41958939793790573	-4.01066159495117e-06
195.929624574	0.41680560002407463	-4.084265965743905e-06
197.13906670100002	0.4141608741755147	-4.15068333688845e-06
198.348508828	0.41165807737125726	-4.210559918789436e-06
199.55795095500002	0.4092995763991057	-4.26458396936974e-06
200.767393082	0.4070872527207502	-4.313475736199279e-06
201.976835209	0.40502250866998357	-4.357976657001772e-06
203.18627733600002	0.4031062749301354	-4.398839208559491e-06
204.395719463	0.4013390192349048	-4.436817561924433e-06
205.60516159000002	0.39972075623510384	-4.47265876082209e-06
206.814603717	0.39825105847235653	-4.507094164662995e-06
208.02404584400003	0.39692906839914055	-4.540831173474591e-06
209.23348797100002	0.39575351138328974	-4.574545360389037e-06
210.442930098	0.3947227096336387	-4.608873245083578e-06
211.65237222500002	0.39383459698258516	-4.64440586169651e-06
212.861814352	0.3930867344603907	-4.6816832487348026e-06
214.07125647900003	0.392476326595409	-4.721189947987092e-06
215.28069860600002	0.3920002383740454	-4.763351571887564e-06
216.490140733	0.3916550127939786	-4.808532457795112e-06
217.69958286000002	0.39143688894415324	-4.857034370434055e-06
218.909024987	0.391341820545205	-4.909096285948822e-06
220.11846711400003	0.3913654948843579	-4.964895148860948e-06
221.32790924100001	0.3915033520792317	-5.024547600103457e-06
222.537351368	0.3917506046058028	-5.088112577732173e-06
223.74679349500002	0.3921022570264783	-5.155594752045967e-06
224.956235622	0.39255312585536034	-5.226948725942093e-06
226.16567774900003	0.3930978594989152	-5.302083961711279e-06
227.375119876	0.393730958211552	-5.380870364501966e-06
228.584562003	0.394446794007216	-5.463144490618077e-06
229.79400413000002	0.395239630469579	-5.548716282013921e-06
231.003446257	0.3961036424052342	-5.6373762179415254e-06
232.21288838400002	0.3970329352861783	-5.728902732107799e-06
233.422330511	0.39802156442976266	-5.823069756258348e-06
234.63177263800003	0.39906355386621845	-5.919654216555992e-06
235.84121476500002	0.4001529148457365	-6.018443282025665e-06
237.050656892	0.40128366393936765	-6.119241148655474e-06
238.26009901900002	0.40244984069017803	-6.2218751246956305e-06
239.469541146	0.40364552477344023	-6.326200818536354e-06
240.67898327300003	0.4048648526268529	-6.43210614732076e-06
241.88842540000002	0.4061020335141221	-6.539514025988291e-06
243.097867527	0.40735136498778046	-6.6483835068631425e-06
244.30730965400002	0.408607247719714	-6.758709298317067e-06
245.516751781	0.40986419967055815	-6.870519655768903e-06
246.72619390800003	0.41111686957183424	-6.98387272542178e-06
247.93563603500002	0.41236004969747964	-7.098851507666981e-06
249.145078162	0.4135886879040259	-7.2155576352761486e-06
250.35452028900002	0.4147978989213886	-7.334104216466519e-06
251.563962416	0.4159829748787925	-7.4546079723708525e-06
252.77340454300003	0.4171393950529272	-7.577180953594054e-06
253.98284667000001	0.4182628348280013	-7.701922071529088e-06
255.192288797	0.4193491738598512	-7.828908747668784e-06
256.401730924	0.4203945034388472	-7.958188935092148e-06
257.61117305100004	0.42139513304883963	-8.089773728556238e-06
258.820615178	0.42234759612198336	-8.223630702471063e-06
260.030057305	0.42324865499170905	-8.359677892089135e-06
261.239499432	0.4240953050485261	-8.497778315241789e-06
262.448941559	0.4248847781053035	-8.637734996992663e-06
263.65838368600004	0.42561454498056805	-8.779286872095948e-06
264.867825813	0.42628231731000293	-8.922106247276351e-06
266.07726794	0.4268860485983968	-9.065798244910217e-06
267.286710067	0.42742393452660166	-9.209902072496168e-06
268.49615219400005	0.42789441253027616	-9.35389344781934e-06
269.70559432100004	0.42829616066891474	-9.497187717866229e-06
270.915036448	0.4286280958052308	-9.639143544327988e-06
272.124478575	0.4288893711166806	-9.779067228259108e-06
273.333920702	0.4290793729623547	-9.916217756256174e-06
274.54336282900005	0.4291977171300018	-1.004981257831522e-05
275.75280495600003	0.42924424448913895	-1.0179034095128547e-05
276.962247083	0.4292190160773347	-1.0303036729580883e-05
278.17168921	0.4291223076477749	-1.0420954313673791e-05
279.381131337	0.42895460370716454	-1.0531907584654387e-05
280.59057346400004	0.42871659107409066	-1.0635011553190854e-05
281.80001559100003	0.4284091519886189	-1.0729382645000007e-05
283.009457718	0.42803335680460314	-1.0814145695259292e-05
284.218899845	0.42759045629649917	-1.088844086801627e-05
285.428341972	0.4270818736126917	-1.095143060494963e-05
286.63778409900004	0.42650919590766007	-1.100230658056256e-05
287.84722622600003	0.42587416568534325	-1.1040296605605016e-05
289.056668353	0.42517867188633257	-1.1064671412049087e-05
290.26611048	0.4244247407514523	-1.107475121821938e-05
291.475552607	0.4236145264942665	-1.1069912042124819e-05
292.68499473400004	0.42275030181484446	-1.1049591682986415e-05
293.89443686100003	0.42183444828683614	-1.1013295323172856e-05
295.103878988	0.42086944664954046	-1.0960600708695423e-05
296.313321115	0.41985786703617434	-1.0891162832468715e-05
297.522763242	0.418802359168979	-1.0804718071140418e-05
298.73220536900004	0.41770564255123777	-1.0701087718584246e-05
299.94164749600003	0.41657049668551704	-1.058018086241147e-05
301.151089623	0.415399751346739	-1.0441996533112896e-05
302.36053175	0.4141962769377822	-1.0286625099789615e-05
303.569973877	0.4129629749544823	-1.0114248860527975e-05
304.77941600400004	0.4117027685859203	-9.925141819473737e-06
305.98885813100003	0.4104185934748492	-9.719668634999845e-06
307.198300258	0.40911338866210234	-9.498282743540531e-06
308.407742385	0.40779008773763536	-9.26152370729627e-06
309.617184512	0.4064516102197917	-9.010013784026272e-06
310.82662663900004	0.40510085318307465	-8.744453808863517e-06
312.036068766	0.4037406831536074	-8.465618434448652e-06
313.245510893	0.40237392829007634	-8.174350787107376e-06
314.45495302	0.401003370866765	-7.871556633023968e-06
315.664395147	0.399631740073932	-7.558198102400326e-06
316.87383727400004	0.3982617051494666	-7.2352870766484445e-06
318.083279401	0.39689586885446004	-6.903878269882979e-06
319.292721528	0.3955367613039358	-6.565062098395913e-06
320.502163655	0.3941868341626662	-6.2199573888505055e-06
321.71160578200005	0.39284845521470224	-5.8697039751268165e-06
322.92104790900004	0.39152390331380177	-5.515455227964039e-06
324.130490036	0.39021536372073046	-5.158370582902805e-06
325.339932163	0.38892492383198574	-4.7996080785317474e-06
326.54937429	0.3876545693033417	-4.44031695818331e-06
327.75881641700005	0.3864061805702092	-4.081630386267021e-06
328.96825854400004	0.3851815297656618	-3.7246583240099773e-06
330.177700671	0.383982278035794	-3.370480634236339e-06
331.387142798	0.38280997325085464	-3.0201405681676285e-06
332.596584925	0.38166604810942856	-2.6746387639664526e-06
333.80602705200005	0.38055181863183457	-2.334927927775954e-06
335.01546917900004	0.37946848303763847	-2.00190831862318e-06
336.224911306	0.3784171210012416	-1.6764240623051707e-06
337.434353433	0.37739869327849046	-1.3592601958573036e-06
338.64379556	0.3764140416964601	-1.0511403621960014e-06
339.85323768700005	0.3754638894976898	-7.527251608477337e-07
341.06267981400003	0.3745488420293898	-4.646111199727021e-07
342.272121941	0.3736693877672295	-1.8733041341062462e-07
343.481564068	0.3728258996625721	7.864871531815254e-08
344.691006195	0.37201863680127284	3.3292082837754755e-07
345.90044832200005	0.37124774636158514	5.751415950230876e-07
347.10989044900003	0.3705132658581392	8.050256381578191e-07
348.319332576	0.36981512565843855	1.0223440552528662e-06
349.528774703	0.36915315175786484	1.2269217296648205e-06
350.73821683	0.3685270687987818	1.4186345046532378e-06
351.94765895700004	0.36793650331888217	1.597406309034044e-06
353.15710108400003	0.36738098721366147	1.7632062717168329e-06
354.366543211	0.3668599613976127	1.9160458875622233e-06
355.575985338	0.3663727796484634	2.055976243045543e-06
356.785427465	0.3659187126187074	2.1830853648360793e-06
357.99486959200004	0.3654969519984586	2.2974956744165054e-06
359.20431171900003	0.3651066148136624	2.399361582389181e-06
360.413753846	0.36474674784364347	2.488867206600076e-06
361.623195973	0.3644163321420186	2.566224240024839e-06
362.8326381	0.3641142876450738	2.6316699380732334e-06
364.04208022700004	0.3638394778518463	2.685465241250573e-06
365.25152235400003	0.3635907145602376	2.7278930134072565e-06
366.460964481	0.3633667626438297	2.759256397005805e-06
367.670406608	0.36316634485415195	2.7798772552836692e-06
368.87984873500005	0.3629881466335593	2.790094701457524e-06
370.08929086200004	0.36283082092415114	2.790263697025064e-06
371.29873298900003	0.36269299295848406	2.7807536970569924e-06
372.508175116	0.3625732650183195	2.7619473433118658e-06
373.717617243	0.362470221147957	2.7342391899082275e-06
374.92705937000005	0.3623824318092487	2.6980344599372708e-06
376.13650149700004	0.3623084584657905	2.653747824842012e-06
377.34594362400003	0.36224685808435997	2.6018022087834214e-06
378.555385751	0.36219618754217114	2.5426276121023883e-06
379.764827878	0.3621550079290019	2.476659960205796e-06
380.97427000500005	0.3621218887339778	2.4043399641376917e-06
382.18371213200004	0.3620954119071932	2.3261120107101463e-06
383.393154259	0.36207417578710327	2.242423081000311e-06
384.602596386	0.3620567988851383	2.153721695846711e-06
385.812038513	0.362041923519683	2.0604568978718762e-06
387.02148064000005	0.3620282192921467	1.963077264431623e-06
388.23092276700004	0.36201438639853206	1.862029971988477e-06
389.440364894	0.3619991587705202	1.7577599014384493e-06
390.649807021	0.36198130704078624	1.6507088034314887e-06
391.859249148	0.3619596413278553	1.5413145159695607e-06
393.06869127500005	0.36193301383653126	1.4300102575415252e-06
394.27813340200004	0.36190032127050575	1.3172240036288252e-06
395.487575529	0.36186050705447215	1.2033779384912346e-06
396.697017656	0.3618125633636679	1.0888880234496967e-06
397.906459783	0.3617555329594272	9.741636493518224e-07
399.11590191000005	0.361688510829912	8.596073962918727e-07
400.32534403700004	0.3616106456358316	7.45614862004973e-07
401.534786164	0.3615211409615239	6.325745293273011e-07
402.744228291	0.36141925637229116	5.20867644418499e-07
403.953670418	0.3613043082795082	4.1086809088319853e-07
405.16311254500005	0.3611756706154624	3.029422131137216e-07
406.37255467200004	0.3610327753204533	1.9744863344328678e-07
407.581996799	0.36087511264510974	9.473802117104801e-08
408.791438926	0.3607022312714779	-4.847147183628664e-09
410.000881053	0.36051373825676325	-1.0097283499599374e-07
411.21032318000005	0.36030929880418827	-1.9331371992059587e-07
412.41976530700003	0.3600886358657702	-2.8155345228181305e-07
413.629207434	0.35985152958224387	-3.653849360435446e-07
414.838649561	0.3595978165657374	-4.445106007097688e-07
416.04809168800006	0.35932738903112116	-5.186427012304762e-07
417.25753381500004	0.35904019378228	-5.875036189276206e-07
418.46697594200003	0.35873623105982316	-6.508261826548845e-07
419.676418069	0.3584155532570126	-7.083540188648763e-07
420.885860196	0.3580782635109249	-7.598419235130272e-07
422.09530232300006	0.3577245141760302	-8.050562645758874e-07
423.30474445000004	0.35735450518758066	-8.437754099449579e-07
424.51418657700003	0.3569684823223582	-8.75790191791348e-07
425.723628704	0.3565667353644079	-9.009043890895185e-07
426.933070831	0.3561495961835287	-9.18935246722874e-07
428.14251295800005	0.35571743673435363	-9.297140052128006e-07
429.35195508500004	0.3552706669838862	-9.330864528950267e-07
430.56139721200003	0.3548097327754057	-9.289134903778251e-07
431.770839339	0.35433511363661857	-9.170717022652375e-07
432.980281466	0.3538473205399749	-8.974539226422329e-07
434.18972359300005	0.35334689362294547	-8.699697947867069e-07
435.39916572000004	0.3528343998760249	-8.345463312908752e-07
436.60860784700003	0.3523104308061632	-7.911284240838534e-07
437.818049974	0.3517756000831392	-7.396793412009495e-07
439.027492101	0.3512305411763596	-6.801811856180229e-07
440.23693422800005	0.35067590498932005	-6.126352958685244e-07
441.44637635500004	0.35011235749885583	-5.370626025499869e-07
442.65581848200003	0.3495405774061261	-4.5350391270071455e-07
443.865260609	0.3489612538060231	-3.6202012483610435e-07
445.074702736	0.34837508388155375	-2.6269237415194047e-07
446.28414486300005	0.347782770629429	-1.5562208764002827e-07
447.49358699000004	0.3471850206229263	-4.093094934515262e-08
448.703029117	0.3465825418177948	8.123922003860917e-08
449.912471244	0.3459760414066987	2.1072668560800922e-07
451.121913371	0.3453662237274454	3.4735011322090115e-07
452.33135549800005	0.34475378822993535	4.90908991540584e-07
453.54079762500004	0.34413942750647863	6.41184141857154e-07
454.750239752	0.34352382538985315	7.979383346359836e-07
455.959681879	0.34290765512310906	9.60916993072991e-07
457.169124006	0.34229157760488044	1.1298490004835182e-06
458.37856613300005	0.34167623971360095	1.3044475846088477e-06
459.58800826000004	0.3410622727137417	1.4844112796660869e-06
460.797450387	0.3404502907468225	1.669424974815037e-06
462.006892514	0.3398408894096781	1.8591610237220224e-06
463.216334641	0.3392346444221219	2.053280410425906e-06
464.42577676800005	0.3386321103857862	2.251433976231676e-06
465.63521889500004	0.33803381963572504	2.4532636726387613e-06
466.844661022	0.3374402811858729	2.658403861037495e-06
468.054103149	0.3368519797693311	2.8664826214885863e-06
469.26354527600006	0.3362693749740125	3.077123083075617e-06
470.47298740300005	0.3356929004739404	3.289944744945539e-06
471.68242953000004	0.33512296335620056	3.5045648051276745e-06
472.891871657	0.3345599435432418	3.7205994544500798e-06
474.101313784	0.334004193309949	3.937665153608272e-06
475.31075591100006	0.3334560368946816	4.155379884920873e-06
476.52019803800005	0.33291577020313035	4.373364342627473e-06
477.72964016500003	0.33238366060367547	4.591243097352982e-06
478.939082292	0.3318599468126819	4.808645707565784e-06
480.148524419	0.3313448388678327	5.025207779937868e-06
481.35796654600006	0.33083851818756793	5.240571967941865e-06
482.56740867300005	0.3303411377143197	5.454388942491284e-06
483.77685080000003	0.3298528221391256	5.666318290811767e-06
484.986292927	0.329373668205012	5.876029368946656e-06
486.195735054	0.32890374508635384	6.083202122329767e-06
487.40517718100006	0.32844309484124223	6.287527831640161e-06
488.61461930800004	0.3279917329338035	6.488709826286965e-06
489.82406143500003	0.3275496488231923	6.686464149557869e-06
491.033503562	0.32711680661595205	6.880520161144099e-06
492.242945689	0.3266931457782441	7.070621104200703e-06
493.45238781600005	0.32627858190442677	7.256524607646142e-06
494.66182994300004	0.32587300753831594	7.438003144545624e-06
495.87127207000003	0.3254762930434222	7.61484443705801e-06
497.080714197	0.3250882875184234	7.786851807606299e-06
498.290156324	0.32470881975402177	7.953844477104344e-06
499.49959845100005	0.3243376992273869	8.115657819288136e-06
500.70904057800004	0.3239747171302838	8.272143555781986e-06
501.91848270500003	0.3236196474270428	8.423169913139572e-06
503.127924832	0.3232722479384956	8.56862172360362e-06
504.337366959	0.32293226144801995	8.708400483170564e-06
505.54680908600005	0.32259941682588195	8.842424371088842e-06
506.75625121300004	0.3222734301680872	8.97062821304112e-06
507.96569334000003	0.32195400594599144	9.092963411311272e-06
509.175135467	0.3216408381630016	9.209397837085798e-06
510.384577594	0.32133361151473727	9.319915671143764e-06
511.59401972100005	0.3210320025491412	9.424517212586192e-06
512.803461848	0.3207356808230594	9.52321865430733e-06
514.0129039750001	0.32044431005194207	9.616051813918225e-06
515.2223461020001	0.32015754924939854	9.703063838371884e-06
516.4317882290001	0.3198750538534806	9.784316865019127e-06
517.641230356	0.3195964768366166	9.859887664429023e-06
518.850672483	0.31932146979631637	9.929867237731815e-06
520.06011461	0.31904968402385114	9.99436039454682e-06
521.269556737	0.3187807715482391	1.0053485310877741e-05
522.478998864	0.3185143861530352	1.01073730438897e-05
523.688440991	0.31825018436352975	1.0156167039504505e-05
524.897883118	0.3179878264021449	1.0200022608326809e-05
526.1073252450001	0.31772697710992537	1.0239106390641517e-05
527.3167673720001	0.3174673068322054	1.0273595796632395e-05
528.5262094990001	0.31720849226665204	1.030367843438823e-05
529.735651626	0.31695021727207257	1.0329551515170232e-05
530.945093753	0.31669217363651114	1.0351421255522242e-05
532.15453588	0.3164340618033226	1.0369502255483387e-05
533.363978007	0.3161755915540479	1.0384016874261104e-05
534.573420134	0.3159164826471323	1.0395194586364231e-05
535.782862261	0.31565646541156006	1.0403271329596786e-05
536.9923043880001	0.3153952812948119	1.0408488843816066e-05
538.2017465150001	0.31513268336452005	1.0411094001849808e-05
539.4111886420001	0.3148684367634833	1.0411338126847802e-05
540.6206307690001	0.31460231911777603	1.0409476303353815e-05
541.830072896	0.31433412089787494	1.0405766685150919e-05
543.039515023	0.3140636457328097	1.0400469790922129e-05
544.24895715	0.3137907106775904	1.0393847795178712e-05
545.458399277	0.31351514643416095	1.0386163822102834e-05
546.667841404	0.31323679752639133	1.037768123017535e-05
547.877283531	0.31295552242963875	1.036866290027999e-05
549.0867256580001	0.31267119365560636	1.0359370518901734e-05
550.2961677850001	0.3123836977933201	1.035006387128945e-05
551.5056099120001	0.3120929355071291	1.0341000137401024e-05
552.715052039	0.3117988214927809	1.0332433183816991e-05
553.924494166	0.31150128439270824	1.0324612877511685e-05
555.133936293	0.31120026667174794	1.0317784409234754e-05
556.34337842	0.31089572445461716	1.0312187613374657e-05
557.552820547	0.3105876273265435	1.0308056321392534e-05
558.762262674	0.31027595809853337	1.030561772219496e-05
559.971704801	0.3099607125388298	1.0305091742227046e-05
561.1811469280001	0.30964189907213396	1.0306690451405975e-05
562.3905890550001	0.3093195384483267	1.0310617483612339e-05
563.6000311820001	0.3089936633823509	1.0317067493430254e-05
564.809473309	0.3086643181670463	1.0326225640067133e-05
566.018915436	0.3083315582607371	1.0338267091222764e-05
567.228357563	0.3079954498514118	1.0353356579506645e-05
568.43779969	0.30765606939934387	1.0371647971282871e-05
569.647241817	0.30731350316004513	1.0393283891366178e-05
570.856683944	0.30696784668945454	1.0418395376736445e-05
572.066126071	0.30661920433323664	1.044710157158818e-05
573.2755681980001	0.3062676887021313	1.0479509469148163e-05
574.4850103250001	0.3059134201352264	1.0515713686432004e-05
575.6944524520001	0.3055565261530563	1.0555796290272201e-05
576.903894579	0.30519714090239525	1.0599826663508505e-05
578.113336706	0.30483540459461456	1.0647861413692894e-05
579.322778833	0.3044714629394209	1.0699944336278744e-05
580.53222096	0.30410546657577137	1.0756106408806032e-05
581.741663087	0.303737570501756	1.0816365833270225e-05
582.951105214	0.30336793350513436	1.0880728128097317e-05
584.160547341	0.3029967175962581	1.0949186257595833e-05
585.3699894680001	0.3026240874449672	1.1021720801508705e-05
586.5794315950001	0.30225020982306583	1.1098300169903874e-05
587.7888737220001	0.3018752530539098	1.1178880858740692e-05
588.998315849	0.3014993864705771	1.1263407733025366e-05
590.207757976	0.3011227798840162	1.1351814358254164e-05
591.417200103	0.30074560306253817	1.144402335991751e-05
592.62664223	0.3003680252239185	1.1539946814916047e-05
593.836084357	0.29999021454132563	1.1639486678996502e-05
595.045526484	0.2996123376642199	1.1742535233068285e-05
596.2549686110001	0.2992345592553001	1.1848975566497444e-05
597.4644107380001	0.2988570415444623	1.1958682069816706e-05
598.6738528650001	0.2984799439007306	1.2071520964412885e-05
599.8832949920001	0.29810342242298565	1.2187350838271938e-05
601.092737119	0.2977276295502516	1.2306023199397387e-05
602.302179246	0.2973527136922614	1.2427383051242386e-05
603.511621373	0.29697881888088185	1.2551269471125504e-05
604.7210635	0.2966060844429575	1.2677516199099959e-05
605.930505627	0.2962346446950352	1.2805952230455359e-05
607.139947754	0.2958646286603404	1.293640242085517e-05
608.3493898810001	0.2954961598083238	1.306868808485448e-05
609.5588320080001	0.2951293558170186	1.3202627593987548e-05
610.7682741350001	0.29476432835834665	1.3338036980149737e-05
611.9777162620001	0.2944011829064933	1.3474730523092837e-05
613.187158389	0.2940400185693414	1.3612521342978856e-05
614.396600516	0.29368092794293055	1.375122197341816e-05
615.606042643	0.2933239969888075	1.3890644930906332e-05
616.81548477	0.2929693049341057	1.4030603274896997e-05
618.024926897	0.29261692419407953	1.4170911147068366e-05
619.234369024	0.2922669203168025	1.4311384303786201e-05
620.4438111510001	0.2919193519496647	1.4451840632808549e-05
621.6532532780001	0.2915742708272282	1.4592100638959743e-05
622.8626954050001	0.29123172177998	1.473198793464775e-05
624.072137532	0.2908917427634593	1.4871329696422575e-05
625.281579659	0.29055436490715436	1.5009957105283772e-05
626.491021786	0.29021961258258566	1.5147705764908398e-05
627.700463913	0.2898875034898915	1.5284416106452203e-05
628.90990604	0.28955804876220875	1.54199337624103e-05
630.119348167	0.28923125308712955	1.555410992333528e-05
631.328790294	0.2889071148444518	1.568680167415154e-05
632.5382324210001	0.2885856262594195	1.5817872301465002e-05
633.7476745480001	0.288266773570625	1.5947191581541093e-05
634.9571166750001	0.2879505372117366	1.6074636043493518e-05
636.166558802	0.2876368920061587	1.6200089213824764e-05
637.376000929	0.28732580737373287	1.6323441827795215e-05
638.585443056	0.2870172475486091	1.644459202584242e-05
639.794885183	0.28671117180731964	1.6563445519066772e-05
641.00432731	0.2864075347061732	1.667991573184313e-05
642.213769437	0.2861062863270209	1.6793923927622967e-05
643.4232115640001	0.28580737253045824	1.690539930000734e-05
644.6326536910001	0.28551073521554077	1.7014279047589814e-05
645.8420958180001	0.2852163125850768	1.7120508417629854e-05
647.0515379450001	0.28492403941557365	1.722404074020606e-05
648.260980072	0.2846338473309278	1.7324837420614608e-05
649.470422199	0.2843456650789409	1.7422867917660928e-05
650.679864326	0.2840594188097874	1.7518109706002316e-05
651.889306453	0.2837750323555428	1.761054820383426e-05
653.09874858	0.28349242750992276	1.7700176683715235e-05
654.308190707	0.2832115243073941	1.7786996165298358e-05
655.5176328340001	0.28293224130083394	1.787101528429383e-05
656.7270749610001	0.28265449583695323	1.7952250140639003e-05
657.9365170880001	0.28237820432871724	1.8030724127274245e-05
659.1459592150001	0.28210328252402234	1.810646774716776e-05
660.355401342	0.28182964576990566	1.817951839587495e-05
661.564843469	0.28155720927163175	1.824992015114768e-05
662.774285596	0.2812858883459951	1.831772352381758e-05
663.983727723	0.28101559866820497	1.838298520568174e-05
665.19316985	0.28074625651180984	1.8445767803864505e-05
666.402611977	0.280477778981077	1.850613955661773e-05
667.6120541040001	0.2802100842353278	1.8564174040610476e-05
668.8214962310001	0.27994309170477266	1.86199498641397e-05
670.0309383580001	0.2796767222973629	1.86735503544741e-05
671.2403804850001	0.27941089859630763	1.8725063234685535e-05
672.449822612	0.2791455450478533	1.8774580290779885e-05
673.659264739	0.2788805881390181	1.8822197031882065e-05
674.868706866	0.2786159565649835	1.8868012355125613e-05
676.078148993	0.27835158138590116	1.8912128189850497e-05
677.28759112	0.27808739617288913	1.895464914607875e-05
678.497033247	0.2778233371430604	1.899568216881531e-05
679.7064753740001	0.27755934328341875	1.9035336173450768e-05
680.9159175010001	0.27729535646353654	1.907372169897975e-05
682.1253596280001	0.27703132153694404	1.9110950551334827e-05
683.3348017550001	0.27676718643119796	1.914713545085253e-05
684.544243882	0.2765029022266314	1.9182389680506146e-05
685.753686009	0.27623842322381853	1.921682674540029e-05
686.963128136	0.27597370699982915	1.9250560030638353e-05
688.172570263	0.2757087144533707	1.928370246466818e-05
689.38201239	0.27544340983894977	1.9316366193178336e-05
690.5914545170001	0.27517776079021183	1.9348662257431815e-05
691.8008966440001	0.2749117383326514	1.9380700278480434e-05
693.0103387710001	0.27464531688591576	1.941258815945507e-05
694.2197808980001	0.2743784742559283	1.9444431788990385e-05
695.429223025	0.27411119161711806	1.947633475623059e-05
696.638665152	0.27384345348502964	1.9508398081246464e-05
697.848107279	0.2735752476796296	1.954071995157597e-05
699.057549406	0.27330656527965375	1.957339547822498e-05
700.266991533	0.27303740056832915	1.9606516458284262e-05
701.47643366	0.27276775097084627	1.9640171153748748e-05
702.6858757870001	0.2724976169839717	1.9674444086927728e-05
703.8953179140001	0.27222700209818007	1.9709415846055206e-05
705.1047600410001	0.2719559127127591	1.974516290245698e-05
706.3142021680001	0.2716843580442342	1.9781757457426608e-05
707.523644295	0.27141235002864394	1.9819267288615633e-05
708.733086422	0.27113990321800974	1.9857755617726236e-05
709.942528549	0.27086703467151885	1.989728100135202e-05
711.151970676	0.2705937638418297	1.9937897222876977e-05
712.361412803	0.2703201124569731	1.997965321752504e-05
713.57085493	0.2700461043983076	2.0022593000212918e-05
714.7802970570001	0.269771765574979	2.0066755616429677e-05
715.9897391840001	0.26949712379534857	2.0112175106647145e-05
717.1991813110001	0.2692222086358413	2.015888048807757e-05
718.4086234380001	0.2689470513076777	2.0206895754344006e-05
719.618065565	0.2686716845219207	2.0256239883286592e-05
720.827507692	0.2683961423532873	2.0306926869030628e-05
722.036949819	0.26812046010317636	2.0358965762353604e-05
723.246391946	0.26784467416231694	2.0412360728586793e-05
724.455834073	0.26756882187346476	2.046711112124386e-05
725.6652762	0.26729294139455023	2.0523211566744748e-05
726.8747183270001	0.26701707156269766	2.0580652061119586e-05
728.0841604540001	0.26674125175946356	2.0639418085877798e-05
729.2936025810001	0.26646552177769467	2.06994907269685e-05
730.5030447080001	0.26618992169036093	2.0760846809814854e-05
731.712486835	0.2659144917216835	2.0823459049395393e-05
732.921928962	0.2656392721209283	2.0887296201792943e-05
734.131371089	0.2653643030391367	2.0952323230079284e-05
735.340813216	0.2650896244091138	2.101850148349127e-05
736.550255343	0.26481527582895314	2.108578887265178e-05
737.7596974700001	0.2645412964493387	2.11541400614787e-05
738.9691395970001	0.26426772486490757	2.122350666549158e-05
740.1785817240001	0.26399459900986555	2.129383745085381e-05
741.3880238510001	0.26372195605808163	2.1365078544079846e-05
742.5974659780001	0.2634498323278418	2.1437173638054474e-05
743.806908105	0.26317826319145265	2.1510064213241253e-05
745.016350232	0.2629072829898255	2.158368975263905e-05
746.225792359	0.2626369249521955	2.1657987958074304e-05
747.435234486	0.26236722112106375	2.173289497449729e-05
748.644676613	0.2620982022825076	2.180834561141612e-05
749.8541187400001	0.2618298979018948	2.1884273563449463e-05
751.0635608670001	0.26156233606507356	2.1960611627673543e-05
752.2730029940001	0.26129554342510525	2.203729193065232e-05
753.4824451210001	0.2610295451545369	2.2114246134029986e-05
754.6918872480001	0.2607643649032365	2.219140565983685e-05
755.901329375	0.26050002476178036	2.226870189384056e-05
757.110771502	0.2602365452303767	2.234606639685624e-05
758.320213629	0.25997394519326855	2.2423431106192993e-05
759.529655756	0.2597122418985765	2.2500728528166564e-05
760.739097883	0.2594514509435069	2.2577891941433226e-05
761.9485400100001	0.2591915862648302	2.26548555697266e-05
763.1579821370001	0.2589326601345464	2.273155477370073e-05
764.3674242640001	0.2586746831606218	2.2807926213515295e-05
765.5768663910001	0.2584176642926659	2.288390802593701e-05
766.786308518	0.2581616108324184	2.2959439971357437e-05
767.995750645	0.2579065284489045	2.303446359514308e-05
769.205192772	0.25765242119809323	2.3108922360765005e-05
770.414634899	0.257399291546896	2.3182761791598616e-05
771.624077026	0.2571471404013259	2.3255929592676944e-05
772.833519153	0.25689596713864465	2.3328375768599807e-05
774.0429612800001	0.256645769643291	2.3400052731336468e-05
775.2524034070001	0.2563965443464046	2.3470915398872416e-05
776.4618455340001	0.25614828626873654	2.3540921287174e-05
777.6712876610001	0.2559009890667356	2.361003058742872e-05
778.880729788	0.2556546450816015	2.3678206239108324e-05
780.090171915	0.2554092453910816	2.3745413994115394e-05
781.299614042	0.2551647798638023	2.381162246095983e-05
782.509056169	0.2549212372158968	2.3876803159132015e-05
783.718498296	0.25467860506971574	2.394093054297261e-05
784.9279404230001	0.25443687001439425	2.4003982033744126e-05
786.1373825500001	0.2541960176680549	2.4065938028859646e-05
787.3468246770001	0.253956032741399	2.4126781911389117e-05
788.5562668040001	0.2537168991025065	2.418650004782502e-05
789.7657089310001	0.253478599842577	2.4245081774114385e-05
790.975151058	0.25324111734242355	2.4302519379137272e-05
792.184593185	0.25300443333948514	2.4358808077898364e-05
793.394035312	0.25276852899516056	2.4413945968942974e-05
794.603477439	0.2525333849622499	2.44679339938339e-05
795.812919566	0.2522989814522884	2.452077588604301e-05
797.0223616930001	0.2520652983025955	2.4572478113184942e-05
798.2318038200001	0.2518323150428251	2.4623049806882236e-05
799.4412459470001	0.25160001096085344	2.4672502693584564e-05
800.6506880740001	0.2513683651678012	2.4720851014979617e-05
801.8601302010001	0.2511373566620276	2.4768111438908114e-05
803.069572328	0.25090696439193866	2.4814302975732783e-05
804.279014455	0.25067716731743406	2.4859446873481267e-05
805.488456582	0.250447944469849	2.490356652552761e-05
806.697898709	0.25021927501026	2.4946687357176034e-05
807.907340836	0.24999113828599817	2.498883672027649e-05
809.1167829630001	0.24976351388526583	2.5030043776696348e-05
810.3262250900001	0.2495363816897206	2.5070339385008245e-05
811.5356672170001	0.24930972192493644	2.5109755975291637e-05
812.7451093440001	0.24908351520862795	2.5148327430005862e-05
813.9545514710001	0.24885774259655485	2.518608895641164e-05
815.163993598	0.24863238562602358	2.522307696264242e-05
816.373435725	0.24840742635691795	2.525932892618113e-05
817.582877852	0.2481828474101903	2.529488326838067e-05
818.792319979	0.2479586320037529	2.53297792195753e-05
820.001762106	0.24773476398575184	2.5364056695790366e-05
821.2112042330001	0.24751122786514845	2.5397756162275076e-05
822.4206463600001	0.24728800883961624	2.5430918507370753e-05
823.6300884870001	0.24706509282071382	2.546358491666012e-05
824.8395306140001	0.24684246645632854	2.5495796738914805e-05
826.0489727410001	0.24662011715039484	2.5527595369667644e-05
827.258414868	0.24639803307988675	2.5559022122933345e-05
828.467856995	0.24617620320910955	2.5590118111810944e-05
829.677299122	0.24595461730129362	2.5620924127400108e-05
830.886741249	0.2457332659275402	2.5651480528455367e-05
832.0961833760001	0.24551214047315612	2.5681827124954953e-05
833.3056255030001	0.245291233141391	2.5712003076040074e-05
834.5150676300001	0.24507053695467415	2.5742046776980332e-05
835.7245097570001	0.24485004575337027	2.577199576640765e-05
836.9339518840001	0.24462975419213287	2.580188662864094e-05
838.143394011	0.2444096577339262	2.5831754897284037e-05
839.352836138	0.24418975264177567	2.5861634975705983e-05
840.562278265	0.24397003596834343	2.5891560052032636e-05
841.771720392	0.2437505055433995	2.592156202338783e-05
842.981162519	0.24353115995928487	2.5951671421935163e-05
844.1906046460001	0.24331199855444088	2.5981917353652684e-05
845.4000467730001	0.24309302139513175	2.6012327434411786e-05
846.6094889000001	0.2428742292554277	2.604292773612793e-05
847.8189310270001	0.24265562359555937	2.607374273637386e-05
849.0283731540001	0.2424372065387598	2.610479527895282e-05
850.237815281	0.24221898084667964	2.6136106533850706e-05
851.447257408	0.24200094989349547	2.6167695964224302e-05
852.656699535	0.2417831176388225	2.619958130047062e-05
853.866141662	0.24156548859951985	2.6231778521186577e-05
855.075583789	0.24134806782053198	2.626430183634912e-05
856.2850259160001	0.24113086084485094	2.6297163681601038e-05
857.4944680430001	0.240913873682711	2.6330374711672905e-05
858.7039101700001	0.24069711278014524	2.6363943804334766e-05
859.9133522970001	0.24048058498699454	2.6397878064465807e-05
861.1227944240001	0.24026429752448056	2.6432182842411195e-05
862.332236551	0.24004825795245432	2.6466861745410436e-05
863.541678678	0.23983247413643627	2.6501916664534164e-05
864.751120805	0.23961695421451765	2.6537347799927835e-05
865.960562932	0.23940170656425938	2.65731536933482e-05
867.170005059	0.23918673976967847	2.6609331266930908e-05
868.3794471860001	0.23897206258840015	2.664587585902642e-05
869.5888893130001	0.2387576839190979	2.6682781275034345e-05
870.7983314400001	0.23854361276929245	2.6720039829387227e-05
872.0077735670001	0.23832985822359437	2.6757642403878873e-05
873.2172156940001	0.23811642941249594	2.6795578500153627e-05
874.426657821	0.23790333548176884	2.6833836298249814e-05
875.636099948	0.23769058556255016	2.6872402719070598e-05
876.845542075	0.23747818874220844	2.6911263490435322e-05
878.054984202	0.23726615403602314	2.6950403206882356e-05
879.2644263290001	0.23705449035978016	2.698980540622592e-05
880.4738684560001	0.23684320650331012	2.7029452636391504e-05
881.6833105830001	0.23663231110504707	2.7069326528933457e-05
882.8927527100001	0.23642181262765147	2.7109407872340924e-05
884.1021948370001	0.23621171933474622	2.7149676684084384e-05
885.3116369640001	0.2360020392688023	2.71901122914954e-05
886.521079091	0.23579278023022848	2.7230693403205997e-05
887.730521218	0.235583949757673	2.727139818934493e-05
888.939963345	0.23537555510959784	2.7312204356106512e-05
890.149405472	0.2351676032471134	2.7353089220749638e-05
891.3588475990001	0.23496010081813967	2.73940297928002e-05
892.5682897260001	0.23475305414286288	2.7435002846215584e-05
893.7777318530001	0.2345464692005313	2.747598499479656e-05
894.9871739800001	0.23434035161759068	2.751695276785593e-05
896.1966161070001	0.23413470665714464	2.7557882677938655e-05
897.406058234	0.23392953920977944	2.75987513013512e-05
898.615500361	0.23372485378569596	2.7639535336892312e-05
899.824942488	0.23352065450818651	2.7680211683370898e-05
901.034384615	0.2333169451084175	2.772075749933947e-05
902.243826742	0.2331137289215085	2.7761150270911444e-05
903.4532688690001	0.23291100888389557	2.7801367870543964e-05
904.6627109960001	0.23270878753194535	2.7841388618308344e-05
905.8721531230001	0.23250706700179885	2.788119133807082e-05
907.0815952500001	0.2323058490304158	2.7920755410578563e-05
908.2910373770001	0.23210513495778906	2.7960060827277727e-05
909.500479504	0.2319049257302917	2.7999088236498743e-05
910.709921631	0.23170522190512105	2.8037818992084074e-05
911.919363758	0.23150602365579437	2.8076235189470472e-05
913.128805885	0.23130733077867577	2.811431971446246e-05
914.338248012	0.23110914270045607	2.8152056272382625e-05
915.5476901390001	0.2309114584865707	2.818942942187097e-05
916.7571322660001	0.23071427685049078	2.822642460975633e-05
917.9665743930001	0.23051759616384476	2.8263028190773226e-05
919.1760165200001	0.23032141446732346	2.8299227457694032e-05
920.3854586470001	0.23012572948231003	2.833501065542879e-05
921.594900774	0.2299305386231888	2.8370367003243552e-05
922.804342901	0.22973583901027372	2.8405286702885835e-05
924.013785028	0.2295416274833142	2.8439760954863252e-05
925.223227155	0.22934790061550936	2.8473781960636213e-05
926.432669282	0.22915465472799262	2.8507342927419632e-05
927.6421114090001	0.22896188590471137	2.8540438072578722e-05
928.8515535360001	0.22876959000767713	2.8573062615382117e-05
930.0609956630001	0.2285777626924982	2.8605212778306383e-05
931.2704377900001	0.22838639942417668	2.8636885775069898e-05
932.4798799170001	0.22819549549307838	2.8668079799277352e-05
933.689322044	0.22800504603106353	2.8698794013182205e-05
934.898764171	0.2278150460276906	2.8729028529485973e-05
936.108206298	0.22762549034647378	2.8758784391815645e-05
937.317648425	0.22743637374111855	2.878806355841035e-05
938.5270905520001	0.2272476908717002	2.8816868870868567e-05
939.7365326790001	0.22705943632074624	2.8845204034944755e-05
940.9459748060001	0.22687160460916442	2.887307358756877e-05
942.1554169330001	0.22668419021196165	2.8900482869485822e-05
943.3648590600001	0.2264971875737511	2.892743799504452e-05
944.5743011870001	0.22631059112396273	2.8953945813127435e-05
945.783743314	0.22612439529174636	2.898001387729998e-05
946.993185441	0.22593859452051596	2.9005650409336114e-05
948.202627568	0.22575318328212168	2.903086425814355e-05
949.412069695	0.2255681560905727	2.9055664861981495e-05
950.6215118220001	0.22538350751534147	2.908006220976242e-05
951.8309539490001	0.22519923219416615	2.910406679898156e-05
953.0403960760001	0.2250153248453487	2.9127689593125977e-05
954.2498382030001	0.2248317802795286	2.91509419812451e-05
955.4592803300001	0.2246485934108955	2.9173835735217535e-05
956.6687224570001	0.2244657592678368	2.9196382967177498e-05
957.878164584	0.22428327300298012	2.9218596081806436e-05
959.087606711	0.22410112990264508	2.924048774017446e-05
960.297048838	0.2239193253956525	2.926207080946805e-05
961.506490965	0.22373785506152244	2.9283358326297193e-05
962.7159330920001	0.22355671463801957	2.930436345002091e-05
963.9253752190001	0.2233759000280442	2.9325099421585732e-05
965.1348173460001	0.2231954073058826	2.9345579521437848e-05
966.3442594730001	0.22301523272279028	2.93658170316298e-05
967.5537016000001	0.22283537271191867	2.9385825188923964e-05
968.763143727	0.22265582389259025	2.940561715502124e-05
969.972585854	0.22247658307391738	2.942520596881104e-05
971.182027981	0.22229764725776802	2.944460451528158e-05
972.391470108	0.22211901364109274	2.9463825490568668e-05
973.600912235	0.22194067961761707	2.9482881358882523e-05
974.8103543620001	0.22176264277891664	2.9501784331809056e-05
976.0197964890001	0.2215849009148707	2.952054632622894e-05
977.2292386160001	0.2214074520135178	2.953917893605898e-05
978.4386807430001	0.22123029426033747	2.9557693409017205e-05
979.6481228700001	0.22105342603695435	2.9576100615345824e-05
980.857564997	0.2208768459192952	2.959441101816826e-05
982.067007124	0.2207005526752198	2.961263465789052e-05
983.276449251	0.2205245452616309	2.9630781125458694e-05
984.485891378	0.2203488228210972	2.964885954456764e-05
985.6953335050001	0.2201733846780095	2.966687854962305e-05
986.9047756320001	0.21999823033428997	2.9684846272689386e-05
988.1142177590001	0.219823359464679	2.9702770328553924e-05
989.3236598860001	0.21964877191161694	2.9720657801577538e-05
990.5331020130001	0.21947446767976353	2.973851523439472e-05
991.7425441400001	0.21930044693015865	2.975634861510784e-05
992.951986267	0.21912670997406322	2.977416337989619e-05
994.161428394	0.21895325726650897	2.9791964397118953e-05
995.370870521	0.21878008939956978	2.9809755969101986e-05
996.580312648	0.21860720709539175	2.98275418313676e-05
997.7897547750001	0.21843461119901467	2.9845325149147756e-05
998.9991969020001	0.21826230267098917	2.9863108518223686e-05
1000.2086390290001	0.21809028257983604	2.9880893974609107e-05
1001.4180811560001	0.2179185520943689	2.9898682994248388e-05
1002.6275232830001	0.21774711247590603	2.9916476499688288e-05
1003.8369654100001	0.21757596507039811	2.9934274871284278e-05
1005.046407537	0.2174051113004863	2.99520779549374e-05
1006.255849664	0.21723455265753783	2.9969885072519964e-05
1007.465291791	0.21706429069366334	2.9987695035947615e-05
1008.674733918	0.2168943270137509	3.0005506159690165e-05
1009.8841760450001	0.2167246632675397	3.0023316275377965e-05
1011.0936181720001	0.2165553011417434	3.0041122747383187e-05
1012.3030602990001	0.21638624235227105	3.005892249355671e-05
1013.5125024260001	0.21621748863653792	3.007671200001144e-05
1014.7219445530001	0.2160490417459014	3.0094487341206927e-05
1015.9313866800001	0.2158809034382517	3.0112244199430316e-05
1017.140828807	0.215713075470747	3.0129977886095283e-05
1018.350270934	0.2155455595927453	3.014768336276688e-05
1019.559713061	0.2153783575389181	3.0165355263355592e-05
1020.769155188	0.21521147102258506	3.018298791694976e-05
1021.9785973150001	0.2150449017292715	3.0200575372299476e-05
1023.1880394420001	0.2148786513105091	3.0218111416586285e-05
1024.397481569	0.21471272137789163	3.023558960603759e-05
1025.606923696	0.21454711349738864	3.0253003281549562e-05
1026.816365823	0.21438182918393894	3.0270345599204412e-05
1028.0258079500002	0.21421686989633254	3.0287609553161787e-05
1029.235250077	0.21405223703238127	3.030478799771058e-05
1030.4446922040001	0.2138879319243924	3.0321873673109373e-05
1031.654134331	0.21372395583494672	3.033885922951174e-05
1032.8635764580001	0.2135603099529945	3.0355737247782927e-05
1034.073018585	0.21339699539026347	3.0372500268646685e-05
1035.282460712	0.21323401317798674	3.038914081218702e-05
1036.491902839	0.2130713642639527	3.040565139550075e-05
1037.701344966	0.21290904950988193	3.0422024565466416e-05
1038.9107870930002	0.21274706968911652	3.0438252912157182e-05
1040.12022922	0.2125854254846452	3.0454329092991644e-05
1041.3296713470002	0.2124241174874363	3.0470245852717848e-05
1042.539113474	0.212263146195098	3.048599604246402e-05
1043.7485556010001	0.21210251201084568	3.05015726394936e-05
1044.957997728	0.2119422152427782	3.0516968764469216e-05
1046.167439855	0.21178225610346474	3.053217769869582e-05
1047.376881982	0.21162263470982384	3.0547192905256565e-05
1048.586324109	0.21146335108329872	3.0562008036760097e-05
1049.795766236	0.21130440515030532	3.057661695540434e-05
1051.005208363	0.21114579674297387	3.059101374443263e-05
1052.2146504900002	0.21098752560014006	3.060519272308354e-05
1053.424092617	0.2108295913686062	3.061914845492106e-05
1054.6335347440001	0.21067199360463845	3.0632875765046474e-05
1055.842976871	0.2105147317757102	3.064636974278723e-05
1057.0524189980001	0.21035780526247094	3.065962575169931e-05
1058.261861125	0.21020121336092298	3.0672639444537936e-05
1059.471303252	0.21004495528480976	3.068540676148812e-05
1060.680745379	0.2098890301681905	3.069792393877238e-05
1061.890187506	0.20973343706819558	3.071018751400756e-05
1063.0996296330002	0.20957817496794723	3.072219433254003e-05
1064.30907176	0.2094232427796319	3.073394154378545e-05
1065.5185138870002	0.20926863934772316	3.074542660774088e-05
1066.727956014	0.20911436345231957	3.075664729470379e-05
1067.9373981410001	0.2089604138126075	3.076760168739881e-05
1069.146840268	0.20880678909041758	3.0778288174306e-05
1070.356282395	0.20865348789388166	3.078870545076759e-05
1071.565724522	0.20850050878114962	3.07988525174302e-05
1072.775166649	0.2083478502641831	3.080872867573109e-05
1073.9846087760002	0.2081955108125903	3.0818333522874414e-05
1075.194050903	0.20804348885750729	3.082766694341085e-05
1076.4034930300002	0.2078917827954897	3.083672910996968e-05
1077.612935157	0.20774039099243505	3.084552047041833e-05
1078.8223772840001	0.20758931178749246	3.0854041741610466e-05
1080.031819411	0.20743854349696383	3.086229390547243e-05
1081.2412615380001	0.20728808441818786	3.087027819207236e-05
1082.450703665	0.20713793283338802	3.087799607918995e-05
1083.660145792	0.20698808701347288	3.088544927485476e-05
1084.869587919	0.20683854522178496	3.089263971167017e-05
1086.079030046	0.20668930571779098	3.089956953405276e-05
1087.2884721730002	0.20654036676068727	3.090624108663051e-05
1088.4979143	0.2063917266129328	3.0912656904594216e-05
1089.7073564270001	0.20624338354368252	3.091881969997587e-05
1090.916798554	0.20609533583212852	3.092473235058457e-05
1092.1262406810001	0.20594758177073014	3.093039788546609e-05
1093.335682808	0.2058001196683329	3.0935819474425114e-05
1094.545124935	0.20565294785316104	3.094100041464709e-05
1095.754567062	0.20550606467569413	3.0945944118600244e-05
1096.964009189	0.20535946851140194	3.0950654097826324e-05
1098.1734513160002	0.2052131577633467	3.095513395449945e-05
1099.382893443	0.2050671308646423	3.0959387365768476e-05
1100.5923355700002	0.2049213862807706	3.096341807117334e-05
1101.801777697	0.2047759225117443	3.0967229861719736e-05
1103.0112198240001	0.20463073809412322	3.0970826563416626e-05
1104.220661951	0.20448583160287195	3.097421203076059e-05
1105.430104078	0.20434120165306557	3.097739012842757e-05
1106.639546205	0.20419684690143666	3.098036472267557e-05
1107.848988332	0.20405276604775777	3.09831396687818e-05
1109.058430459	0.20390895783607982	3.098571879956227e-05
1110.267872586	0.20376542105579595	3.098810591453671e-05
1111.4773147130002	0.20362215454255794	3.099030477185863e-05
1112.68675684	0.20347915717903642	3.0992319072706276e-05
1113.8961989670001	0.20333642789551612	3.0994152456480933e-05
1115.105641094	0.20319396567034792	3.0995808488407106e-05
1116.3150832210001	0.20305176953024634	3.09972906523473e-05
1117.524525348	0.20290983855043487	3.09986023412194e-05
1118.733967475	0.2027681718546575	3.099974685042209e-05
1119.943409602	0.20262676861503096	3.10007273703547e-05
1121.152851729	0.2024856280517799	3.100154697899607e-05
1122.3622938560002	0.20234474943281663	3.1002208633845035e-05
1123.571735983	0.2022041320732118	3.1002715169752004e-05
1124.7811781100002	0.20206377533452752	3.100306929204946e-05
1125.990620237	0.20192367862403118	3.1003273572312307e-05
1127.2000623640001	0.20178384139380445	3.100333044380246e-05
1128.409504491	0.20164426313973047	3.100324219943926e-05
1129.618946618	0.20150494340039027	3.1003010985863194e-05
1130.828388745	0.20136588175585118	3.100263880652723e-05
1132.037830872	0.20122707782636737	3.100212751388706e-05
1133.2472729990002	0.20108853127099757	3.1001478811569505e-05
1134.456715126	0.20095024178613774	3.100069425636398e-05
1135.6661572530002	0.20081220910398906	3.09997752504787e-05
1136.87559938	0.20067443299094834	3.0998723050335714e-05
1138.0850415070001	0.2005369132459458	3.099753876291064e-05
1139.294483634	0.20039964969872234	3.0996223346596574e-05
1140.5039257610001	0.2002626422080719	3.0994777615388214e-05
1141.713367888	0.2001258906600233	3.09932022417754e-05
1142.922810015	0.19998939496600776	3.099149775617066e-05
1144.132252142	0.1998531550609791	3.0989664553178475e-05
1145.341694269	0.19971717090152225	3.09877028937082e-05
1146.5511363960002	0.199581442463948	3.098561290884247e-05
1147.760578523	0.19944596974237083	3.098339460711266e-05
1148.9700206500002	0.1993107527467858	3.098104787151168e-05
1150.179462777	0.19917579150114587	3.097857247326072e-05
1151.3889049040001	0.1990410860414488	3.097596807077538e-05
1152.598347031	0.19890663641383324	3.0973234215792705e-05
1153.807789158	0.19877244267269834	3.0970370362690125e-05
1155.017231285	0.19863850487884138	3.0967375869786484e-05
1156.226673412	0.19850482309763	3.096425000623931e-05
1157.4361155390002	0.19837139739720192	3.096099195916413e-05
1158.645557666	0.1982382278467042	3.0957600838439625e-05
1159.8549997930002	0.19810531451457514	3.095407568255021e-05
1161.06444192	0.1979726574668749	3.095041546607308e-05
1162.2738840470001	0.19784025676565997	3.094661910463953e-05
1163.483326174	0.1977081124674156	3.094268546225201e-05
1164.6927683010001	0.19757622462154942	3.093861335237702e-05
1165.902210428	0.1974445932689306	3.093440155347432e-05
1167.111652555	0.1973132184405126	3.093004880492037e-05
1168.321094682	0.19718210015600215	3.09255538192936e-05
1169.530536809	0.19705123842261132	3.092091528641289e-05
1170.7399789360002	0.19692063323386774	3.091613187681738e-05
1171.949421063	0.19679028456850695	3.0911202248521535e-05
1173.1588631900001	0.19666019238943133	3.0906125057864053e-05
1174.368305317	0.1965303566427431	3.090089895342596e-05
1175.5777474440001	0.19640077725685898	3.089552258879816e-05
1176.787189571	0.19627145414170216	3.088999462727213e-05
1177.996631698	0.1961423871879608	3.0884313742547687e-05
1179.206073825	0.19601357626643479	3.0878478625269434e-05
1180.415515952	0.19588502122745957	3.0872487986485786e-05
1181.6249580790002	0.1957567219003947	3.086634056152435e-05
1182.834400206	0.19562867809320825	3.086003511338156e-05
1184.0438423330002	0.19550088959212775	3.0853570436358696e-05
1185.25328446	0.19537335616136378	3.084694535666552e-05
1186.4627265870001	0.1952460775429157	3.084015873805815e-05
1187.672168714	0.19511905345644098	3.0833209482241525e-05
1188.881610841	0.19499228359921236	3.082609653048615e-05
1190.091052968	0.1948657676461268	3.081881886720164e-05
1191.300495095	0.19473950524979675	3.081137551933649e-05
1192.5099372220002	0.19461349604070594	3.0803765559007934e-05
1193.719379349	0.19448773962742194	3.0795988102433336e-05
1194.9288214760002	0.19436223559688248	3.07880423097949e-05
1196.138263603	0.1942369835147319	3.077992738857033e-05
1197.3477057300001	0.19411198292572293	3.0771642589633164e-05
1198.557147857	0.19398723335417306	3.0763187209573856e-05
1199.7665899840001	0.19386273430446593	3.075456058888176e-05
1200.976032111	0.1937384852616079	3.074576210885041e-05
1202.185474238	0.19361448569183504	3.073679119018624e-05
1203.394916365	0.19349073504326086	3.072764729435823e-05
1204.604358492	0.19336723274656148	3.0718329920124965e-05
1205.8138006190002	0.19324397821569875	3.070883860262566e-05
1207.023242746	0.19312097084869034	3.0699172906357985e-05
1208.2326848730002	0.19299821002839973	3.068933242746444e-05
1209.442127	0.1928756951233536	3.0679316790006156e-05
