0.0	0.0	0.0
1.209442127	4.70075978973324e-05	-5.325246819069923e-09
2.418884254	0.00018767196402192773	-6.698703700548268e-09
3.6283263810000004	0.00042111309057070646	-8.048118671791173e-09
4.837768508	0.0007458783080262115	-9.385738061742777e-09
6.047210635000001	0.0011599810157642354	-1.071134749495474e-08
7.256652762000001	0.0016609268683978578	-1.2023340339697075e-08
8.466094889	0.002245744057950773	-1.3317087827499716e-08
9.675537016	0.0029110175922923316	-1.458670920688335e-08
10.884979143	0.0036529271922550468	-1.5829541456053794e-08
12.094421270000002	0.004467288290698101	-1.7040602087498198e-08
13.303863397	0.005349595695632874	-1.8216779945189748e-08
14.513305524000002	0.006295069314872935	-1.935355969017935e-08
15.722747651	0.007298701321084171	-2.0448976312172767e-08
16.932189778	0.008355304157935992	-2.1500560486945736e-08
18.141631905	0.009459558772807951	-2.2505464968188005e-08
19.351074032	0.010606062474627972	-2.345979567249315e-08
20.560516159000002	0.011789375844330425	-2.4362998559540605e-08
21.769958286	0.013004068143309214	-2.522334694322198e-08
22.979400413	0.014244760734828586	-2.6036738996586262e-08
24.188842540000003	0.01550616811910778	-2.677766342430027e-08
25.398284667000002	0.016783136138952628	-2.739274107630557e-08
26.607726794	0.01807067699532593	-2.780707824071027e-08
27.817168921	0.01936400078813283	-2.7960758187950407e-08
29.026611048000003	0.020658543417027046	-2.7831908460188015e-08
30.236053175000002	0.02194999069226748	-2.7434045129365314e-08
31.445495302	0.02323429853871071	-2.6786134004440354e-08
32.654937429	0.024507709303973918	-2.5863244827901977e-08
33.864379556	0.02576676424434425	-2.45964134962251e-08
35.073821683000006	0.027008312142744594	-2.2929107579630625e-08
36.28326381	0.028229514111581075	-2.0821005981830343e-08
37.492705937000004	0.029427844861324205	-1.8216657449859897e-08
38.702148064	0.0306010906750026	-1.5032655538774198e-08
39.911590191	0.03174734429994205	-1.1158886566511872e-08
41.121032318000005	0.03286499700985409	-6.463733577891095e-09
42.330474445	0.03395272812198577	-7.997468312592737e-10
43.539916572	0.03500949227059175	5.993239821089347e-09
44.749358699000005	0.036034504749623775	1.4089304823522442e-08
45.958800826	0.03702722524691215	2.3677692020593333e-08
47.168242953000004	0.03798734029255541	3.495658660625234e-08
48.377685080000006	0.03891474473381368	4.811804029010436e-08
49.587127207	0.03980952253673932	6.33297400510352e-08
50.796569334000004	0.040671927204395816	8.071938175507887e-08
52.00601146100001	0.0415023620881087	1.0036414770271673e-07
53.215453588	0.04230136085023061	1.2228574277836635e-07
54.424895715000005	0.04306956831582139	1.4645071849152258e-07
55.634337842	0.04380772192754284	1.7277536077005273e-07
56.843779969	0.044516633993335164	2.0113395232668196e-07
58.053222096000006	0.04519717489050805	2.3136899894235508e-07
59.262664223	0.0458502573633552	2.6330207914329606e-07
60.472106350000004	0.04647682202484968	2.9674434336851574e-07
61.68154847700001	0.04707782414694834	3.3150610898383115e-07
62.890990604	0.047654221798867136	3.674053352040185e-07
64.100432731	0.04820696536878728	4.042748992690026e-07
65.309874858	0.048736988481798596	4.41968582731711e-07
66.519316985	0.04924520030583217	4.803654555726733e-07
67.728759112	0.04973247921781254	5.193721292345854e-07
68.93820123900001	0.0501996677844334	5.589221065138705e-07
70.14764336600001	0.0506475689960625	5.989713420147258e-07
71.357085493	0.051076943678579206	6.39489314120667e-07
72.56652762	0.05148850899691843	6.80445328127971e-07
73.775969747	0.051882937956143384	7.217904829139032e-07
74.98541187400001	0.052260859800844925	7.634364241199121e-07
76.19485400100001	0.05262286121087044	8.052325611573874e-07
77.404296128	0.052969488189653	8.469438556452102e-07
78.613738255	0.05330124853983373	8.88231644298465e-07
79.823180382	0.05361861481984392	9.286403259457787e-07
81.032622509	0.05392202767573868	9.675926964276826e-07
82.24206463600001	0.054211899446297854	1.0043957804697912e-06
83.45150676300001	0.05448861794595056	1.0382570884495679e-06
84.66094889	0.05475255033735871	1.0683084496476702e-06
85.870391017	0.05500404701071511	1.0936319777311854e-06
87.079833144	0.05524344538932197	1.1132816894743325e-06
88.28927527100001	0.05547107358432709	1.1262967635830567e-06
89.49871739800001	0.05568725383127599	1.131708243989199e-06
90.708159525	0.05589230565945618	1.1285468282107303e-06
91.917601652	0.05608654876575181	1.1158602575452037e-06
93.127043779	0.05627030557846058	1.0927434023616511e-06
94.33648590600001	0.05644390349974892	1.0583764540675333e-06
95.54592803300001	0.05660767681289837	1.0120618652645352e-06
96.75537016000001	0.05676196823888904	9.532508035946241e-07
97.964812287	0.056907130129182026	8.815533085355931e-07
99.174254414	0.057043525287264446	7.967308809538054e-07
100.383696541	0.05717152741938026	6.986743794241967e-07
101.59313866800001	0.057291521223883764	5.873728872347883e-07
102.80258079500001	0.05740390213782477	4.628801007003358e-07
104.01202292200001	0.05750907576719002	3.252836644068724e-07
105.221465049	0.057607457032434396	1.7468059837835725e-07
106.430907176	0.057699469063335784	1.1159673098809497e-08
107.64034930300001	0.0577855418775275	-1.652098687056347e-07
108.84979143000001	0.057866110876500496	-3.543843419967496e-07
110.05923355700001	0.05794161519217425	-5.563473898032023e-07
111.268675684	0.05801249591660945	-7.711082280585646e-07
112.478117811	0.058079194246899835	-9.98696876003402e-07
113.687559938	0.05814214957655649	-1.2391568769247463e-06
114.89700206500001	0.05820179756359173	-1.4925360124172504e-06
116.10644419200001	0.058258568204032316	-1.758875615997385e-06
117.31588631900001	0.058312883937721584	-2.038199193123147e-06
118.525328446	0.058365157811153104	-2.3305010714881613e-06
119.734770573	0.05841579171971739	-2.635735876076184e-06
120.94421270000001	0.05846517474930874	-2.953809584673589e-06
122.15365482700001	0.058513681634667226	-3.284572823454568e-06
123.36309695400001	0.05856167134928168	-3.627816849934018e-06
124.572539081	0.05860948583903995	-3.98327229932105e-06
125.781981208	0.05865744890919458	-4.350610302725211e-06
126.99142333500001	0.058705865271568805	-4.729445067366833e-06
128.200865462	0.05875501975631638	-5.119336706060212e-06
129.410307589	0.05880517669006662	-5.519793078275631e-06
130.619749716	0.05885657943999688	-5.9302698354017636e-06
131.82919184300002	0.05890945012140721	-6.350168507501808e-06
133.03863397	0.0589639894646212	-6.778833139080981e-06
134.24807609700002	0.05902037683561474	-7.215546388581601e-06
135.457518224	0.05907877040346754	-7.659526043195253e-06
136.666960351	0.059139307446580205	-8.10992262910426e-06
137.87640247800002	0.05920210478857259	-8.565818410043169e-06
139.085844605	0.05926725935386912	-9.026227744624027e-06
140.29528673200002	0.05933484883222449	-9.490098566145716e-06
141.504728859	0.059404932440895994	-9.956314712591258e-06
142.714170986	0.059477551772765376	-1.0423698901175504e-05
143.92361311300002	0.0595527317185296	-1.0891016269803933e-05
145.13305524	0.05963048145102667	-1.1356978522086836e-05
146.34249736700002	0.05971079545987737	-1.1820248802169031e-05
147.551939494	0.059793654624855	-1.2279447453591996e-05
148.761381621	0.059879027316738144	-1.2733158751776497e-05
149.97082374800002	0.0599668705148734	-1.3179938619791581e-05
151.180265875	0.06005713093119542	-1.361832317000461e-05
152.38970800200002	0.06014974613110243	-1.4046837799267659e-05
153.599150129	0.060244645642292975	-1.4464006473063895e-05
154.808592256	0.060341752043419405	-1.4868360799488722e-05
156.018034383	0.06044098202522026	-1.5258448557025489e-05
157.22747651	0.060542247417605076	-1.5632841433580597e-05
158.43691863700002	0.06064545617698715	-1.5990141872090913e-05
159.646360764	0.06075051332896139	-1.63289890510801e-05
160.85580289100002	0.060857321862214736	-1.6648064119832023e-05
162.065245018	0.060965783570288326	-1.69460948851001e-05
163.274687145	0.061075799838550104	-1.722186017458563e-05
164.48412927200002	0.061187272374351995	-1.7474194110418673e-05
165.693571399	0.06130010387899505	-1.770199050083951e-05
166.90301352600002	0.06141419866066263	-1.7904207523067317e-05
168.112455653	0.06152946318802727	-1.807987281885956e-05
169.32189778	0.061645806584714954	-1.8228089051539054e-05
170.53133990700002	0.06176314106526744	-1.8348039887559897e-05
171.740782034	0.06188138231366801	-1.843899627288967e-05
172.95022416100002	0.062000449805872763	-1.850032278914379e-05
174.159666288	0.06212026707811475	-1.8531483804647836e-05
175.369108415	0.06224076194307021	-1.853204908601816e-05
176.57855054200002	0.062361866656220385	-1.8501698559447027e-05
177.787992669	0.062483518034974025	-1.8440225931500714e-05
178.99743479600002	0.0626056575333298	-1.8347540972189075e-05
180.206876923	0.0627282312750371	-1.822367035697256e-05
181.41631905	0.0628511900483078	-1.8068757063807034e-05
182.62576117700002	0.06297448926525229	-1.788305837567561e-05
183.835203304	0.06309808888917541	-1.7666942632280774e-05
185.04464543100002	0.06322195333286475	-1.742088486183027e-05
186.254087558	0.06334605133090221	-1.7145461443140303e-05
187.46352968500003	0.06347035578890145	-1.684134392969383e-05
188.67297181200001	0.06359484361244777	-1.6509292156262345e-05
189.882413939	0.06371949551835893	-1.6150146727417908e-05
191.09185606600002	0.06384429583074996	-1.5764821006521157e-05
192.301298193	0.06396923226426723	-1.5354292733943398e-05
193.51074032000002	0.06409429569674756	-1.4919595414199238e-05
194.720182447	0.06421947993347098	-1.4461809651391405e-05
195.929624574	0.06434478146511127	-1.3982054624529783e-05
197.13906670100002	0.06447019922137986	-1.3481479868023005e-05
198.348508828	0.0645957343223115	-1.29612575407341e-05
199.55795095500002	0.06472138982901195	-1.242257533115923e-05
200.767393082	0.06484717049559274	-1.186663010909958e-05
201.976835209	0.0649730825239132	-1.1294622413744043e-05
203.18627733600002	0.06509913332259865	-1.0707751837701895e-05
204.395719463	0.06522533127170778	-1.0107213327816e-05
205.60516159000002	0.06535168549427492	-9.49419439637278e-06
206.814603717	0.0654782056358368	-8.86987321489785e-06
208.02404584400003	0.06560490165291749	-8.235417515056048e-06
209.23348797100002	0.06573178361134469	-7.591984219595949e-06
210.442930098	0.06585886149510403	-6.940719678955737e-06
211.65237222500002	0.06598614502636392	-6.282760403233251e-06
212.861814352	0.06611364349714582	-5.619234141485824e-06
214.07125647900003	0.0662413656130227	-4.951261190152406e-06
215.28069860600002	0.06636931934911385	-4.279955781855832e-06
216.490140733	0.06649751181854673	-3.606427445620314e-06
217.69958286000002	0.06662594915345854	-2.9317822248728365e-06
218.909024987	0.0667546363985559	-2.257123656014548e-06
220.11846711400003	0.06688357741714936	-1.5835534387734218e-06
221.32790924100001	0.0670127748095728	-9.121717512751426e-07
222.537351368	0.06714222984380958	-2.4407717960986397e-07
223.74679349500002	0.06727194239813689	4.196337377929127e-07
224.956235622	0.06740191091556592	1.0778673406111605e-06
226.16567774900003	0.06753213236980336	1.7295340072921717e-06
227.375119876	0.06766260224245235	2.3735496238221077e-06
228.584562003	0.06779331451110805	3.0088373126763157e-06
229.79400413000002	0.06792426164797875	3.634329386360824e-06
231.003446257	0.06805543462861754	4.248969489910326e-06
232.21288838400002	0.06818682295029839	4.8517149230202505e-06
233.422330511	0.06831841465954548	5.441539112967936e-06
234.63177263800003	0.06845019638826512	6.017434239759256e-06
235.84121476500002	0.06858215339791268	6.578414015401962e-06
237.050656892	0.06871426963109187	7.1235166069182065e-06
238.26009901900002	0.06884652776996522	7.651807715620962e-06
239.469541146	0.06897890930084488	8.162383800327383e-06
240.67898327300003	0.06911139458433126	8.65437544692732e-06
241.88842540000002	0.06924396293035957	9.126950869672856e-06
243.097867527	0.06937659267752369	9.579319529069014e-06
244.30730965400002	0.06950926127605217	1.0010735857230585e-05
245.516751781	0.06964194537381208	1.0420503055028757e-05
246.72619390800003	0.06977462090471166	1.0807976948225273e-05
247.93563603500002	0.0699072631788929	1.1172569851218561e-05
249.145078162	0.07003984697409234	1.1513754394704145e-05
250.35452028900002	0.07017234662757653	1.1831067255350936e-05
251.563962416	0.07030473612807567	1.2124112696111633e-05
252.77340454300003	0.07043698920717992	1.2392565832224783e-05
253.98284667000001	0.07056907942972332	1.2636175509173064e-05
255.192288797	0.07070098028272427	1.2854766696962505e-05
256.401730924	0.07083266526254896	1.3048242311942959e-05
257.61117305100004	0.07096410795999507	1.3216584401065656e-05
258.820615178	0.07109528214306904	1.3359854658029358e-05
260.030057305	0.07122616183725364	1.3478194285099221e-05
261.239499432	0.07135672140306899	1.3571823228641922e-05
262.448941559	0.0714869356107602	1.3641038852124643e-05
263.65838368600004	0.07161677971192001	1.3686214108098171e-05
264.867825813	0.07174622950786634	1.370779528543642e-05
266.07726794	0.07187526141460368	1.3706299377531928e-05
267.286710067	0.07200385252420541	1.3682311136464786e-05
268.49615219400005	0.0721319806624714	1.363647983136651e-05
269.70559432100004	0.07225962444275458	1.3569515756782502e-05
270.915036448	0.07238676331586512	1.3482186498478543e-05
272.124478575	0.07251337761599594	1.3375312985723642e-05
273.333920702	0.07263944860264346	1.3249765340131447e-05
274.54336282900005	0.07276495849852037	1.3106458552125666e-05
275.75280495600003	0.07288989052347807	1.2946347992058571e-05
276.962247083	0.0730142289244904	1.27704247996005e-05
278.17168921	0.07313795900173964	1.2579711160524976e-05
279.381131337	0.07326106713089563	1.2375255517817207e-05
280.59057346400004	0.07338354078166574	1.215812773967817e-05
281.80001559100003	0.0735053685327086	1.1929414276794226e-05
283.009457718	0.07362654008302161	1.1690213349659084e-05
284.218899845	0.07374704625990927	1.1441630187840335e-05
285.428341972	0.07386687902364725	1.1184772363510842e-05
286.63778409900004	0.07398603146896238	1.0920745243260532e-05
287.84722622600003	0.07410449782344926	1.065064758512535e-05
289.056668353	0.07422227344304447	1.0375567310441647e-05
290.26611048	0.0743393548046869	1.0096577472140655e-05
291.475552607	0.07445573949627728	9.814732437468665e-06
292.68499473400004	0.07457142620406831	9.53106430599815e-06
293.89443686100003	0.07468641469759843	9.246579572186331e-06
295.103878988	0.07480070581229364	8.96225604688633e-06
296.313321115	0.07491430142984479	8.679040045422859e-06
297.522763242	0.07502720445647951	8.39784384591008e-06
298.73220536900004	0.07513941879923983	8.119543413551145e-06
299.94164749600003	0.07525094934036597	7.844976410133209e-06
301.151089623	0.07536180190989977	7.574940454828372e-06
302.36053175	0.0754719832566074	7.310191660801768e-06
303.569973877	0.07558150101731231	7.051443420016956e-06
304.77941600400004	0.07569036368474806	6.7993654349965404e-06
305.98885813100003	0.0757985805740233	6.554582987240709e-06
307.198300258	0.07590616178778228	6.317676428134467e-06
308.407742385	0.07601311818017151	6.089180879534362e-06
309.617184512	0.07611946131968098	5.869586128873228e-06
310.82662663900004	0.07622520345097232	5.659336714279595e-06
312.036068766	0.07633035745576684	5.458832168223071e-06
313.245510893	0.07643493681289082	5.268427423217592e-06
314.45495302	0.0765389555575669	5.0884333534576e-06
315.664395147	0.07664242824003761	4.9191174462809295e-06
316.87383727400004	0.07674536988361894	4.760704584334807e-06
318.083279401	0.07684779594226723	4.613377931339535e-06
319.292721528	0.07694972225775645	4.477279907072473e-06
320.502163655	0.07705116501655498	4.35251323953334e-06
321.71160578200005	0.07715214070650875	4.239142088191539e-06
322.92104790900004	0.07725266607340268	4.137193223625879e-06
324.130490036	0.07735275807752416	4.04665726478487e-06
325.339932163	0.0774524338503031	3.967489953571324e-06
326.54937429	0.07755171065114472	3.899613472385655e-06
327.75881641700005	0.0776506058245392	3.842917791596623e-06
328.96825854400004	0.07774913675755786	3.7972620456766526e-06
330.177700671	0.07784732083783118	3.762475931728959e-06
331.387142798	0.07794517541210849	3.73836113001097e-06
332.596584925	0.0780427177454965	3.7246927369963267e-06
333.80602705200005	0.07813996498147238	3.721220718837237e-06
335.01546917900004	0.0782369341027766	3.7276713730008404e-06
336.224911306	0.07833364189326825	3.7437488001820785e-06
337.434353433	0.07843010490084232	3.7691363845571146e-06
338.64379556	0.07852633940149664	3.8034982845977505e-06
339.85323768700005	0.07862236136463246	3.846480923518081e-06
341.06267981400003	0.07871818641967468	3.897714487922921e-06
342.272121941	0.07881382982409321	3.956814428503208e-06
343.481564068	0.07890930643288868	4.023382955076205e-06
344.691006195	0.07900463066962853	4.097010539522161e-06
345.90044832200005	0.0790998164990853	4.177277405106872e-06
347.10989044900003	0.07919487740154132	4.263755018378557e-06
348.319332576	0.07928982634881732	4.356007564647324e-06
349.528774703	0.07938467578206546	4.453593418579649e-06
350.73821683	0.0794794375913751	4.5560665951766e-06
351.94765895700004	0.07957412309722339	4.662978187151834e-06
353.15710108400003	0.07966874303380256	4.773877779744307e-06
354.366543211	0.07976330753423605	4.888314838670527e-06
355.575985338	0.07985782611771952	5.005840075539281e-06
356.785427465	0.07995230767857768	5.126006777537995e-06
357.99486959200004	0.08004676047724384	5.248372102500953e-06
359.20431171900003	0.08014119213316405	5.372498333072739e-06
360.413753846	0.0802356096196117	5.497954096246593e-06
361.623195973	0.08033001926039302	5.624315524602186e-06
362.8326381	0.0804244267284252	5.7511673781582284e-06
364.04208022700004	0.08051883704615484	5.878104107778781e-06
365.25152235400003	0.0806132545877846	6.004730863588825e-06
366.460964481	0.08070768308326755	6.130664447705214e-06
367.670406608	0.08080212562402272	6.255534199466062e-06
368.87984873500005	0.08089658467031845	6.378982823289359e-06
370.08929086200004	0.08099106206027668	6.500667149036965e-06
371.29873298900003	0.08108555902043413	6.620258821053715e-06
372.508175116	0.08118007617779224	6.737444927767955e-06
373.717617243	0.08127461357330396	6.8519285528617635e-06
374.92705937000005	0.08136917067670325	6.963429262665799e-06
376.13650149700004	0.08146374640263435	7.071683520987193e-06
377.34594362400003	0.08155833912797707	7.1764450355962794e-06
378.555385751	0.08165294671030995	7.277485033790887e-06
379.764827878	0.08174756650742113	7.37459247449751e-06
380.97427000500005	0.0818421953977895	7.467574185252013e-06
382.18371213200004	0.08193682980195045	7.556254940518925e-06
383.393154259	0.08203146570467454	7.640477475909235e-06
384.602596386	0.08212609867785292	7.720102434854992e-06
385.812038513	0.08222072390402926	7.795008265511216e-06
387.02148064000005	0.08231533620048304	7.865091051648121e-06
388.23092276700004	0.08240993004377405	7.930264293756761e-06
389.440364894	0.08250449959468167	7.990458642991027e-06
390.649807021	0.08259903872344299	8.045621577967843e-06
391.859249148	0.08269354103521204	8.095717043077322e-06
393.06869127500005	0.08278799989566606	8.140725045679975e-06
394.27813340200004	0.08288240845667288	8.180641210560335e-06
395.487575529	0.08297675968194967	8.21547629911712e-06
396.697017656	0.08307104637263704	8.245255702026e-06
397.906459783	0.08316526119270964	8.270018897152398e-06
399.11590191000005	0.08325939669416738	8.289818884316125e-06
400.32534403700004	0.08335344534192224	8.304721598503817e-06
401.534786164	0.08344739953833394	8.314805299662609e-06
402.744228291	0.08354125164731736	8.320159953695283e-06
403.953670418	0.08363499401797106	8.320886588732146e-06
405.16311254500005	0.08372861900766754	8.31709665372743e-06
406.37255467200004	0.08382211900455494	8.308911356155746e-06
407.581996799	0.08391548644941008	8.296461002393896e-06
408.791438926	0.0840087138568085	8.279884333002585e-06
410.000881053	0.08410179383556105	8.259327853879506e-06
411.21032318000005	0.0841947191083739	8.234945170271235e-06
412.41976530700003	0.08428748253069593	8.20689632504562e-06
413.629207434	0.08438007710872752	8.17534713935808e-06
414.838649561	0.08447249601654122	8.14046855998618e-06
416.04809168800006	0.0845647326123066	8.10243601503946e-06
417.25753381500004	0.08465678045358066	8.061428777898783e-06
418.46697594200003	0.08474863331164842	8.017629344457544e-06
419.676418069	0.0848402851848955	7.971222816649526e-06
420.885860196	0.08493173031119625	7.922396302713353e-06
422.09530232300006	0.08502296317930812	7.871338332909872e-06
423.30474445000004	0.08511397853925584	7.818238281845358e-06
424.51418657700003	0.08520477141171542	7.763285814900434e-06
425.723628704	0.08529533709638129	7.706670344893862e-06
426.933070831	0.08538567117931939	7.648580508883007e-06
428.14251295800005	0.08547576953931824	7.5892036582730915e-06
429.35195508500004	0.08556562835323481	7.528725371332146e-06
430.56139721200003	0.08565524410034603	7.467328979229859e-06
431.770839339	0.08574461356572477	7.405195114495999e-06
432.980281466	0.08583373384263998	7.342501276860758e-06
434.18972359300005	0.08592260233401516	7.279421416379883e-06
435.39916572000004	0.08601121675295142	7.216125540811247e-06
436.60860784700003	0.08609957512233388	7.1527793379655424e-06
437.818049974	0.08618767577356268	7.089543823460276e-06
439.027492101	0.08627551734441212	7.026575004509539e-06
440.23693422800005	0.08636309877605838	6.9640235654602756e-06
441.44637635500004	0.08645041930929898	6.9020345780795855e-06
442.65581848200003	0.08653747848000315	6.840747226156962e-06
443.865260609	0.08662427611380787	6.780294557834354e-06
445.074702736	0.08671081232011235	6.720803255637342e-06
446.28414486300005	0.08679708748539534	6.662393428613633e-06
447.49358699000004	0.08688310226589055	6.6051784284176795e-06
448.703029117	0.08696885757966016	6.549264684060918e-06
449.912471244	0.08705435459810597	6.494751558554224e-06
451.121913371	0.08713959473695052	6.441731230599768e-06
452.33135549800005	0.08722457964673178	6.390288594233795e-06
453.54079762500004	0.08730931120285199	6.340501181638369e-06
454.750239752	0.08739379149521376	6.292439108476766e-06
455.959681879	0.0874780228174927	6.246165038421847e-06
457.169124006	0.08756200765608375	6.201734169257456e-06
458.37856613300005	0.08764574867875242	6.159194243189614e-06
459.58800826000004	0.08772924872304716	6.118585572777169e-06
460.797450387	0.08781251078449917	6.079941088664442e-06
462.006892514	0.08789553800465863	6.043286408928539e-06
463.216334641	0.08797833365899538	6.008639926190218e-06
464.42577676800005	0.08806090114471773	5.976012914098161e-06
465.63521889500004	0.08814324396853318	5.945409650619238e-06
466.844661022	0.0882253657343931	5.916827562409133e-06
468.054103149	0.08830727013126316	5.890257383775466e-06
469.26354527600006	0.08838896092094495	5.865683328623583e-06
470.47298740300005	0.08847044192599227	5.843083284370887e-06
471.68242953000004	0.08855171701774524	5.822429014895603e-06
472.891871657	0.08863279010452565	5.803686384295292e-06
474.101313784	0.08871366512001708	5.786815583962157e-06
475.31075591100006	0.08879434601185457	5.77177138004481e-06
476.52019803800005	0.08887483673047183	5.7585033662391205e-06
477.72964016500003	0.08895514121820122	5.746956231338085e-06
478.939082292	0.08903526339868759	5.73707003154178e-06
480.148524419	0.08911520716660665	5.728780473654438e-06
481.35796654600006	0.08919497637773693	5.722019205602058e-06
482.56740867300005	0.08927457483938503	5.716714109461896e-06
483.77685080000003	0.08935400630119941	5.7127896016945234e-06
484.986292927	0.08943327444638122	5.710166938607819e-06
486.195735054	0.08951238288330918	5.708764522098508e-06
487.40517718100006	0.08959133513759743	5.708498208543966e-06
488.61461930800004	0.08967013464459159	5.709281615515205e-06
489.82406143500003	0.08974878474232295	5.711026434727928e-06
491.033503562	0.08982728866492301	5.713642735286073e-06
492.242945689	0.08990564953651128	5.717039272101765e-06
493.45238781600005	0.08998387036555869	5.721123788000881e-06
494.66182994300004	0.09006195403973391	5.725803308730126e-06
495.87127207000003	0.09013990332123518	5.730984438817588e-06
497.080714197	0.09021772084261258	5.736573649800514e-06
498.290156324	0.09029540910307188	5.742477558794146e-06
499.49959845100005	0.09037297046527448	5.748603205055214e-06
500.70904057800004	0.09045040715260896	5.754858313361533e-06
501.91848270500003	0.09052772124695284	5.761151554282973e-06
503.127924832	0.0906049146869069	5.767392790699544e-06
504.337366959	0.09068198926649786	5.77349331847693e-06
505.54680908600005	0.09075894663433734	5.779366094284255e-06
506.75625121300004	0.09083578829324199	5.784925954682718e-06
507.96569334000003	0.09091251560028513	5.790089826235301e-06
509.175135467	0.09098912976728951	5.794776917471267e-06
510.384577594	0.09106563186173053	5.798908907853062e-06
511.59401972100005	0.09114202280805009	5.80241011997884e-06
512.803461848	0.09121830338936092	5.805207682618718e-06
514.0129039750001	0.09129447424952968	5.807231679408331e-06
515.2223461020001	0.0913705358956204	5.808415286669144e-06
516.4317882290001	0.0914464887006815	5.808694897822819e-06
517.641230356	0.0915223329068677	5.808010239902184e-06
518.850672483	0.09159806862886952	5.806304470591661e-06
520.06011461	0.0916736958576371	5.803524271527638e-06
521.269556737	0.09174921446437805	5.799619920844601e-06
522.478998864	0.09182462420481485	5.794545360544856e-06
523.688440991	0.09189992472368139	5.788258247527156e-06
524.897883118	0.09197511555943166	5.780719994886996e-06
526.1073252450001	0.09205019614915622	5.7718958023644795e-06
527.3167673720001	0.09212516583367081	5.761754672616026e-06
528.5262094990001	0.09220002386277326	5.750269419721454e-06
529.735651626	0.09227476940063306	5.737416660489547e-06
530.945093753	0.0923494015313089	5.723176804930952e-06
532.15453588	0.09242391926436641	5.7075340265944075e-06
533.363978007	0.09249832154057529	5.690476225374275e-06
534.573420134	0.09257260723767793	5.67199498939519e-06
535.782862261	0.09264677517619478	5.652085531743234e-06
536.9923043880001	0.09272082412526428	5.63074663059715e-06
538.2017465150001	0.09279475280848848	5.607980556557313e-06
539.4111886420001	0.09286855990976964	5.583792991190051e-06
540.6206307690001	0.09294224407912285	5.558192937973883e-06
541.830072896	0.09301580393844483	5.531192627541981e-06
543.039515023	0.0930892380872297	5.5028074138138705e-06
544.24895715	0.0931625451082031	5.473055666414817e-06
545.458399277	0.09323572357287177	5.441958654997525e-06
546.667841404	0.09330877204697019	5.409540428533144e-06
547.877283531	0.09338168909579372	5.375827692069568e-06
549.0867256580001	0.0934544732893921	5.340849675794512e-06
550.2961677850001	0.09352712320763201	5.304638002898154e-06
551.5056099120001	0.09359963744509964	5.267226552488347e-06
552.715052039	0.0936720146158413	5.228651318432698e-06
553.924494166	0.0937442533579276	5.18895027167704e-06
555.133936293	0.09381635233783174	5.148163212884138e-06
556.34337842	0.09388831025462445	5.10633162991575e-06
557.552820547	0.09396012584395422	5.063498549777445e-06
558.762262674	0.09403179788183398	5.019708393588784e-06
559.971704801	0.094103325188202	4.975006827181994e-06
561.1811469280001	0.09417470663027216	4.929440620075887e-06
562.3905890550001	0.09424594112565782	4.883057493444698e-06
563.6000311820001	0.09431702764526506	4.835905980667132e-06
564.809473309	0.09438796521595658	4.788035282497771e-06
566.018915436	0.09445875292298565	4.739495123445847e-06
567.228357563	0.0945293899121874	4.690335617493768e-06
568.43779969	0.09459987539194092	4.640607128493512e-06
569.647241817	0.09467020863489044	4.590360137286809e-06
570.856683944	0.09474038897943471	4.539645112065782e-06
572.066126071	0.09481041583097893	4.488512379781373e-06
573.2755681980001	0.09488028866295672	4.437012004469831e-06
574.4850103250001	0.09495000701761694	4.385193667584553e-06
575.6944524520001	0.09501957050658977	4.333106551950017e-06
576.903894579	0.0950889788112258	4.280799232182775e-06
578.113336706	0.09515823168271778	4.228319569248018e-06
579.322778833	0.09522732894200728	4.175714605668401e-06
580.53222096	0.09529627047948422	4.123030475353118e-06
581.741663087	0.09536505625448172	4.070312306057866e-06
582.951105214	0.09543368629457757	4.0176041376377425e-06
584.160547341	0.0955021606947033	3.964948840425031e-06
585.3699894680001	0.09557047961607412	3.912388040865078e-06
586.5794315950001	0.09563864328494087	3.859962050670185e-06
587.7888737220001	0.09570665199117664	3.8077098033703627e-06
588.998315849	0.09577450608670825	3.75566879887157e-06
590.207757976	0.095842205983793	3.703875047840477e-06
591.417200103	0.09590975215315406	3.6523630278714747e-06
592.62664223	0.09597714512198949	3.601165638252024e-06
593.836084357	0.09604438547185334	3.550314170285007e-06
595.045526484	0.09611147383642547	3.4998382734130473e-06
596.2549686110001	0.09617841089917423	3.44976593225077e-06
597.4644107380001	0.0962451973909288	3.400123450451875e-06
598.6738528650001	0.09631183408736249	3.3509354324806617e-06
599.8832949920001	0.09637832180640461	3.302224779677676e-06
601.092737119	0.09644466140558106	3.2540126864502583e-06
602.302179246	0.09651085377930746	3.2063186402517263e-06
603.511621373	0.0965768998561223	3.1591604316150157e-06
604.7210635	0.09664280059589783	3.1125541620422026e-06
605.930505627	0.09670855698701172	3.0665142627603337e-06
607.139947754	0.09677417004350217	3.0210535126931615e-06
608.3493898810001	0.09683964080222074	2.976183063461979e-06
609.5588320080001	0.09690497031996947	2.9319124666415952e-06
610.7682741350001	0.09697015967066239	2.888249705866597e-06
611.9777162620001	0.0970352099424883	2.8452012293261886e-06
613.187158389	0.09710012223510717	2.8027719893991554e-06
614.396600516	0.09716489765687245	2.7609654826565855e-06
615.606042643	0.09722953732209569	2.719783792008712e-06
616.81548477	0.09729404234835945	2.6792276327167186e-06
618.024926897	0.09735841385387531	2.63929639925109e-06
619.234369024	0.09742265295491197	2.5999882146549025e-06
620.4438111510001	0.09748676076328472	2.561299980420595e-06
621.6532532780001	0.09755073838391504	2.5232274300235336e-06
622.8626954050001	0.09761458691247227	2.485765180526567e-06
624.072137532	0.09767830743309397	2.4489067873001424e-06
625.281579659	0.09774190101619595	2.412644797951391e-06
626.491021786	0.09780536871637746	2.3769708079254825e-06
627.700463913	0.09786871157041035	2.3418755146845105e-06
628.90990604	0.09793193059534383	2.307348772663531e-06
630.119348167	0.09799502678669686	2.273379649024576e-06
631.328790294	0.09805800111676954	2.2399564769542968e-06
632.5382324210001	0.09812085453304915	2.207066909870603e-06
633.7476745480001	0.09818358795673682	2.174697975289297e-06
634.9571166750001	0.09824620228138252	2.142836125429426e-06
636.166558802	0.09830869837162856	2.1114672890121255e-06
637.376000929	0.0983710770620726	2.080576921616173e-06
638.585443056	0.0984333391562448	2.050150054749844e-06
639.794885183	0.09849548542569504	2.020171338656951e-06
641.00432731	0.09855751660919863	1.990625094601406e-06
642.213769437	0.09861943341207735	1.9614953547381075e-06
643.4232115640001	0.0986812365056294	1.9327659076320836e-06
644.6326536910001	0.09874292652667423	1.9044203339382837e-06
645.8420958180001	0.098804504077208	1.8764420504843726e-06
647.0515379450001	0.09886596972416689	1.8488143423561754e-06
648.260980072	0.09892732399930332	1.8215204023452891e-06
649.470422199	0.09898856739915474	1.7945433604740768e-06
650.679864326	0.09904970038512763	1.7678663207856826e-06
651.889306453	0.09911072338367521	1.7414723823133693e-06
653.09874858	0.0991716367865732	1.715344672588437e-06
654.308190707	0.09923244095128361	1.6894663709340896e-06
655.5176328340001	0.09929313620142224	1.663820731190313e-06
656.7270749610001	0.0993537228272963	1.6383911045289579e-06
657.9365170880001	0.0994142010865393	1.613160955302173e-06
659.1459592150001	0.0994745712048147	1.588113884336273e-06
660.355401342	0.09953483337659869	1.5632336389168056e-06
661.564843469	0.09959498776603434	1.5385041293239365e-06
662.774285596	0.09965503450785518	1.5139094405383635e-06
663.983727723	0.09971497370836385	1.4894338446411193e-06
665.19316985	0.0997748054464768	1.465061803741785e-06
666.402611977	0.09983452977481672	1.4407779836411727e-06
667.6120541040001	0.0998941467208579	1.4165672549346087e-06
668.8214962310001	0.09995365628811384	1.39241469956225e-06
670.0309383580001	0.10001305845736624	1.3683056130642246e-06
671.2403804850001	0.10007235318793009	1.3442255040116424e-06
672.449822612	0.10013154041894962	1.3201600984058537e-06
673.659264739	0.10019062007071827	1.2960953370277917e-06
674.868706866	0.100249592046024	1.2720173712538196e-06
676.078148993	0.10030845623151166	1.2479125651304601e-06
677.28759112	0.10036721249905652	1.2237674867493498e-06
678.497033247	0.10042586070715018	1.199568909510118e-06
679.7064753740001	0.10048440070228579	1.175303802197769e-06
680.9159175010001	0.1005428323203496	1.1509593254299677e-06
682.1253596280001	0.10060115538800982	1.1265228272994143e-06
683.3348017550001	0.1006593697240862	1.1019818348459443e-06
684.544243882	0.10071747514092705	1.0773240479017288e-06
685.753686009	0.10077547144575245	1.0525373335470989e-06
686.963128136	0.1008333584419962	1.0276097179781618e-06
688.172570263	0.10089113593060814	1.0025293794013734e-06
689.38201239	0.10094880371134948	9.772846404423885e-07
690.5914545170001	0.10100636158404516	9.518639639410909e-07
691.8008966440001	0.10106380934981196	9.262559445347152e-07
693.0103387710001	0.10112114681224994	9.004493021214088e-07
694.2197808980001	0.10117837377860106	8.744328751572605e-07
695.429223025	0.10123549006086036	8.481956162639803e-07
696.638665152	0.10129249547685433	8.217265863585954e-07
697.848107279	0.10134938985127151	7.950149489843739e-07
699.057549406	0.1014061730166432	7.680499689299847e-07
700.266991533	0.10146284481428437	7.408210059636766e-07
701.47643366	0.10151940509518106	7.133175128903879e-07
702.6858757870001	0.10157585372082603	6.855290335672226e-07
703.8953179140001	0.10163219056400369	6.574451993299202e-07
705.1047600410001	0.10168841550952454	6.290557319002521e-07
706.3142021680001	0.10174452845490267	6.003504409643479e-07
707.523644295	0.10180052931097727	5.71319224824951e-07
708.733086422	0.10185641800248499	5.419520740582162e-07
709.942528549	0.10191219446856767	5.122390714790148e-07
711.151970676	0.10196785866323288	4.821703985663506e-07
712.361412803	0.10202341055575491	4.5173633753115006e-07
713.57085493	0.10207885013101764	4.2092727619430503e-07
714.7802970570001	0.10213417738980679	3.897337167504955e-07
715.9897391840001	0.10218939234904517	3.581462792584533e-07
717.1991813110001	0.10224449504197178	3.261557117648084e-07
718.4086234380001	0.10229948551826783	2.93752898263e-07
719.618065565	0.10235436384413343	2.6092886633993784e-07
720.827507692	0.10240913010230686	2.2767479983254457e-07
722.036949819	0.10246378439203982	1.9398204886833526e-07
723.246391946	0.10251832682901732	1.5984213853209583e-07
724.455834073	0.10257275754523147	1.2524678504738374e-07
725.6652762	0.10262707668881008	9.018790448483971e-08
726.8747183270001	0.1026812844238007	5.465763142087354e-08
728.0841604540001	0.10273538092991064	1.8648324780212722e-08
729.2936025810001	0.10278936640220382	-1.7847412013549668e-08
730.5030447080001	0.10284324105076013	-5.4836717514050726e-08
731.712486835	0.10289700510029823	-9.232646092094399e-08
732.921928962	0.10295065878975876	-1.3032322546124853e-07
734.131371089	0.10300420237186209	-1.688332913890589e-07
735.340813216	0.1030576361126225	-2.0786262451555348e-07
736.550255343	0.10311096029084522	-2.4741685935442126e-07
737.7596974700001	0.10316417519758961	-2.875012840089508e-07
738.9691395970001	0.10321728113561165	-3.28120828618772e-07
740.1785817240001	0.10327027841877864	-3.69280045674214e-07
741.3880238510001	0.10332316737146896	-4.109831030635336e-07
742.5974659780001	0.10337594832795416	-4.5323376401257276e-07
743.806908105	0.10342862163175742	-4.96035377335613e-07
745.016350232	0.10348118763501203	-5.393908629122701e-07
746.225792359	0.10353364669779311	-5.833027027155047e-07
747.435234486	0.10358599918745753	-6.277729308820645e-07
748.644676613	0.1036382454779626	-6.728031166081117e-07
749.8541187400001	0.10369038594918746	-7.183943597152687e-07
751.0635608670001	0.10374242098625297	-7.645472830178357e-07
752.2730029940001	0.1037943509788365	-8.112620209499433e-07
753.4824451210001	0.10384617632049459	-8.585382131956476e-07
754.6918872480001	0.10389789740798441	-9.063750025864459e-07
755.901329375	0.10394951464059161	-9.547710268439924e-07
757.110771502	0.10400102841947152	-1.003724416796803e-06
758.320213629	0.10405243914699175	-1.0532327949508424e-06
759.529655756	0.10410374722609109	-1.1032932700494325e-06
760.739097883	0.10415495305964773	-1.1539024434292777e-06
761.9485400100001	0.10420605704986613	-1.205056404454674e-06
763.1579821370001	0.10425705959767867	-1.2567507348820728e-06
764.3674242640001	0.10430796110215941	-1.308980512287894e-06
765.5768663910001	0.10435876195996358	-1.3617403155780083e-06
766.786308518	0.10440946256478098	-1.4150242296784299e-06
767.995750645	0.10446006330681643	-1.4688258512807195e-06
769.205192772	0.1045105645722845	-1.5231383008393329e-06
770.414634899	0.10456096674293372	-1.577954228476619e-06
771.624077026	0.10461127019559309	-1.6332658237111497e-06
772.833519153	0.10466147530173893	-1.689064828946929e-06
774.0429612800001	0.10471158242709365	-1.7453425512417575e-06
775.2524034070001	0.10476159193124493	-1.8020898749429581e-06
776.4618455340001	0.1048115041672936	-1.8592972751210746e-06
777.6712876610001	0.10486131948152592	-1.916954832578699e-06
778.880729788	0.10491103821311994	-1.9750522521760905e-06
780.090171915	0.10496066069386706	-2.0335788763203855e-06
781.299614042	0.10501018724793264	-2.0925237028679433e-06
782.509056169	0.1050596181916375	-2.151875403338943e-06
783.718498296	0.10510895383326542	-2.211622341666275e-06
784.9279404230001	0.10515819447290645	-2.2717525915566528e-06
786.1373825500001	0.10520734040231566	-2.332253957015862e-06
787.3468246770001	0.10525639190481044	-2.3931139918748068e-06
788.5562668040001	0.1053053492551839	-2.454320017608591e-06
789.7657089310001	0.10535421271965184	-2.515859145825472e-06
790.975151058	0.10540298255582163	-2.5777182981398528e-06
792.184593185	0.10545165901268513	-2.639884225170974e-06
793.394035312	0.10550024233064127	-2.702343529205342e-06
794.603477439	0.10554873274153605	-2.765082680898645e-06
795.812919566	0.10559713046872905	-2.8280880433814715e-06
797.0223616930001	0.10564543572718446	-2.891345888399177e-06
798.2318038200001	0.10569364872357637	-2.9548424208894475e-06
799.4412459470001	0.1057417696564229	-3.018563794095208e-06
800.6506880740001	0.10578979871623684	-3.08249613174133e-06
801.8601302010001	0.10583773608569258	-3.146625543862247e-06
803.069572328	0.10588558193981326	-3.210938148021092e-06
804.279014455	0.10593333644617761	-3.27542008579651e-06
805.488456582	0.10598099976513488	-3.340057539047425e-06
806.697898709	0.1060285720500459	-3.4048367494321496e-06
807.907340836	0.10607605344752781	-3.4697440311620698e-06
809.1167829630001	0.10612344409771536	-3.5347657893203266e-06
810.3262250900001	0.10617074413453642	-3.5998885325669305e-06
811.5356672170001	0.10621795368599068	-3.665098887793705e-06
812.7451093440001	0.10626507287444893	-3.7303836129959356e-06
813.9545514710001	0.10631210181695161	-3.79572960892971e-06
815.163993598	0.10635904062551554	-3.861123932767663e-06
816.373435725	0.10640588940745302	-3.92655380797996e-06
817.582877852	0.10645264826568973	-3.992006631127476e-06
818.792319979	0.10649931729908817	-4.057469985455087e-06
820.001762106	0.10654589660277888	-4.12293164609584e-06
821.2112042330001	0.10659238626848386	-4.188379589237234e-06
822.4206463600001	0.1066387863848513	-4.253801996097206e-06
823.6300884870001	0.10668509703778856	-4.319187259210766e-06
824.8395306140001	0.10673131831078259	-4.384523987911726e-06
826.0489727410001	0.10677745028523768	-4.4498010112956066e-06
827.258414868	0.10682349304079018	-4.515007379558844e-06
828.467856995	0.10686944665563805	-4.580132367863754e-06
829.677299122	0.1069153112068517	-4.645165477691615e-06
830.886741249	0.10696108677068888	-4.710096435288358e-06
832.0961833760001	0.1070067734228966	-4.774915190471074e-06
833.3056255030001	0.10705237123901142	-4.8396119168708784e-06
834.5150676300001	0.10709788029464623	-4.904177009372457e-06
835.7245097570001	0.10714330066577654	-4.968601081116464e-06
836.9339518840001	0.10718863242901283	-5.03287495787208e-06
838.143394011	0.10723387566186166	-5.0969896771349554e-06
839.352836138	0.10727903044298334	-5.160936479176037e-06
840.562278265	0.10732409685243101	-5.224706805993795e-06
841.771720392	0.10736907497188548	-5.288292288865848e-06
842.981162519	0.10741396488487764	-5.35168474867509e-06
844.1906046460001	0.10745876667699468	-5.414876179950234e-06
845.4000467730001	0.10750348043607791	-5.477858750477238e-06
846.6094889000001	0.10754810625240743	-5.540624790509319e-06
847.8189310270001	0.10759264421887768	-5.603166781643909e-06
849.0283731540001	0.10763709443115095	-5.665477353374027e-06
850.237815281	0.10768145698780734	-5.727549266323906e-06
851.447257408	0.10772573199048144	-5.789375408814246e-06
852.656699535	0.10776991954397433	-5.85094878431669e-06
853.866141662	0.10781401975636838	-5.912262501725496e-06
855.075583789	0.10785803273911737	-5.973309766142687e-06
856.2850259160001	0.10790195860712898	-6.0340838666378405e-06
857.4944680430001	0.1079457974788354	-6.094578168733267e-06
858.7039101700001	0.10798954947624215	-6.15478610292014e-06
859.9133522970001	0.10803321472497598	-6.214701153174629e-06
861.1227944240001	0.10807679335431375	-6.274316848700612e-06
862.332236551	0.1081202854971999	-6.333626754916055e-06
863.541678678	0.10816369129025116	-6.392624459589102e-06
864.751120805	0.10820701087375328	-6.45130356859841e-06
865.960562932	0.10825024439164074	-6.509657695497051e-06
867.170005059	0.10829339199147239	-6.567680448522906e-06
868.3794471860001	0.10833645382438756	-6.6253654276843266e-06
869.5888893130001	0.10837943004505948	-6.682706213824441e-06
870.7983314400001	0.10842232081163682	-6.739696360655301e-06
872.0077735670001	0.10846512628567326	-6.796329389997802e-06
873.2172156940001	0.10850784663205128	-6.852598783697872e-06
874.426657821	0.10855048201889522	-6.9084979775410615e-06
875.636099948	0.10859303261747696	-6.964020354265077e-06
876.845542075	0.10863549860211345	-7.019159243983053e-06
878.054984202	0.10867788015005811	-7.073907913969502e-06
879.2644263290001	0.10872017744138816	-7.128259566883954e-06
880.4738684560001	0.10876239065887824	-7.182207340548918e-06
881.6833105830001	0.10880451998787799	-7.235744303717151e-06
882.8927527100001	0.10884656561617645	-7.288863455287564e-06
884.1021948370001	0.1088885277338679	-7.34155772107864e-06
885.3116369640001	0.10893040653321007	-7.3938199590187215e-06
886.521079091	0.10897220220848264	-7.4456429553781955e-06
887.730521218	0.1090139149558356	-7.497019430320606e-06
888.939963345	0.10905554497314554	-7.547942037090805e-06
890.149405472	0.10909709245986501	-7.5984033645545845e-06
891.3588475990001	0.1091385576168645	-7.648395943256336e-06
892.5682897260001	0.1091799406462852	-7.697912251594663e-06
893.7777318530001	0.10922124175138273	-7.746944714545623e-06
894.9871739800001	0.10926246113637449	-7.79548571269717e-06
896.1966161070001	0.1093035990062897	-7.843527585010834e-06
897.406058234	0.1093446555668147	-7.891062634830803e-06
898.615500361	0.10938563102414249	-7.938083135296259e-06
899.824942488	0.1094265255848278	-7.984581328092377e-06
901.034384615	0.10946733945563564	-8.030549429674516e-06
902.243826742	0.10950807284339976	-8.075979626979979e-06
903.4532688690001	0.10954872595487924	-8.120864075686351e-06
904.6627109960001	0.1095892989966181	-8.165194891024408e-06
905.8721531230001	0.10962979217480515	-8.208964137765284e-06
907.0815952500001	0.10967020569513808	-8.252163806760082e-06
908.2910373770001	0.10971053976269035	-8.294785794601967e-06
909.500479504	0.1097507945817709	-8.336821868112909e-06
910.709921631	0.10979097035579591	-8.37826362092009e-06
911.919363758	0.10983106728714616	-8.41910242149746e-06
913.128805885	0.10987108557703698	-8.459329354386369e-06
914.338248012	0.10991102542537719	-8.498935149585385e-06
915.5476901390001	0.10995088703062485	-8.537910108498414e-06
916.7571322660001	0.10999067058964676	-8.576244017309553e-06
917.9665743930001	0.11003037629756653	-8.61392607048872e-06
919.1760165200001	0.11007000434761327	-8.650944789294346e-06
920.3854586470001	0.11010955493096491	-8.687287948574984e-06
921.594900774	0.11014902823659016	-8.722942516400933e-06
922.804342901	0.11018842445108937	-8.75789461194515e-06
924.013785028	0.11022774375854219	-8.792129476346833e-06
925.223227155	0.11026698634035387	-8.825631475202489e-06
926.432669282	0.11030615237511467	-8.858384115725815e-06
927.6421114090001	0.11034524203846964	-8.890370091108046e-06
928.8515535360001	0.11038425550300995	-8.921571346423574e-06
930.0609956630001	0.11042319293818005	-8.951969164290585e-06
931.2704377900001	0.11046205451021182	-8.981544271050024e-06
932.4798799170001	0.1105008403820818	-9.010276950500995e-06
933.689322044	0.11053955071349486	-9.03814717494178e-06
934.898764171	0.11057818566089833	-9.06513474766002e-06
936.108206298	0.11061674537752764	-9.091219441884069e-06
937.317648425	0.11065523001346958	-9.116381153896624e-06
938.5270905520001	0.11069363971575899	-9.140600049840908e-06
939.7365326790001	0.11073197462849445	-9.163856722484154e-06
940.9459748060001	0.11077023489297685	-9.186132333735553e-06
942.1554169330001	0.11080842064786772	-9.20740876420717e-06
943.3648590600001	0.11084653202936606	-9.227668756960072e-06
944.5743011870001	0.11088456917139625	-9.246896055262188e-06
945.783743314	0.11092253220580273	-9.265075530624778e-06
946.993185441	0.1109604212625655	-9.282193308535192e-06
948.202627568	0.11099823647001583	-9.29823688375353e-06
949.412069695	0.1110359779550514	-9.313195224756876e-06
950.6215118220001	0.11107364584336477	-9.327058873478955e-06
951.8309539490001	0.11111124025966215	-9.339820028472778e-06
953.0403960760001	0.11114876132788987	-9.351472620516832e-06
954.2498382030001	0.11118620917144836	-9.362012374170003e-06
955.4592803300001	0.11122358391340577	-9.371436859452464e-06
956.6687224570001	0.11126088567670975	-9.37974552954468e-06
957.878164584	0.11129811458438393	-9.386939745420486e-06
959.087606711	0.11133527075972013	-9.393022786928495e-06
960.297048838	0.11137235432645803	-9.397999852146788e-06
961.506490965	0.11140936540895821	-9.40187804455983e-06
962.7159330920001	0.11144630413236015	-9.404666344040025e-06
963.9253752190001	0.11148317062272811	-9.40637556484658e-06
965.1348173460001	0.1115199650071858	-9.407018307303061e-06
966.3442594730001	0.11155668741403593	-9.406608893099133e-06
967.5537016000001	0.111593337972863	-9.405163287221074e-06
968.763143727	0.11162991681463127	-9.402699015399751e-06
969.972585854	0.11166642407175432	-9.399235069547374e-06
971.182027981	0.1117028598781586	-9.394791801099756e-06
972.391470108	0.11173922436933055	-9.38939081522594e-06
973.600912235	0.11177551768234187	-9.38305484760038e-06
974.8103543620001	0.11181173995586965	-9.375807647454826e-06
976.0197964890001	0.11184789133018808	-9.367673845912805e-06
977.2292386160001	0.11188397194715471	-9.358678835787171e-06
978.4386807430001	0.11191998195017724	-9.348848631532403e-06
979.6481228700001	0.11195592148416636	-9.338209745628212e-06
980.857564997	0.11199179069547069	-9.326789059765916e-06
982.067007124	0.11202758973179863	-9.314613697221363e-06
983.276449251	0.11206331874213021	-9.301710905094962e-06
984.485891378	0.11209897787661098	-9.28810793451168e-06
985.6953335050001	0.11213456728643406	-9.273831930951826e-06
986.9047756320001	0.11217008712371271	-9.258909833755047e-06
988.1142177590001	0.11220553754134105	-9.243368280988096e-06
989.3236598860001	0.11224091869284442	-9.227233525581358e-06
990.5331020130001	0.11227623073222114	-9.210531361339425e-06
991.7425441400001	0.11231147381378195	-9.193287052483567e-06
992.951986267	0.11234664809197616	-9.175525287015429e-06
994.161428394	0.11238175372121909	-9.157270128103134e-06
995.370870521	0.11241679085571238	-9.138544988698816e-06
996.580312648	0.11245175964926546	-9.119372604102227e-06
997.7897547750001	0.11248666025511955	-9.099775027499035e-06
998.9991969020001	0.11252149282576218	-9.07977363108492e-06
1000.2086390290001	0.11255625751275836	-9.059389112518745e-06
1001.4180811560001	0.11259095446657715	-9.038641522796098e-06
1002.6275232830001	0.11262558383642879	-9.017550290299492e-06
1003.8369654100001	0.11266014577010353	-8.996134264298294e-06
1005.046407537	0.11269464041382427	-8.97441175915642e-06
1006.255849664	0.11272906791210538	-8.952400604667066e-06
1007.465291791	0.11276342840762696	-8.930118207024773e-06
1008.674733918	0.11279772204111357	-8.907581610949344e-06
1009.8841760450001	0.11283194895123208	-8.88480756544574e-06
1011.0936181720001	0.11286610927449812	-8.861812592513008e-06
1012.3030602990001	0.11290020314520395	-8.838613056054434e-06
1013.5125024260001	0.11293423069534933	-8.815225235971058e-06
1014.7219445530001	0.11296819205460112	-8.791665394983217e-06
1015.9313866800001	0.11300208735025408	-8.76794984899093e-06
1017.140828807	0.11303591670722048	-8.744095031272547e-06
1018.350270934	0.11306968024802178	-8.720117557169116e-06
1019.559713061	0.11310337809280564	-8.696034280983311e-06
1020.769155188	0.11313701035937473	-8.67186235123385e-06
1021.9785973150001	0.11317057716322615	-8.647619259338768e-06
1023.1880394420001	0.11320407861760753	-8.62332287701606e-06
1024.397481569	0.1132375148335858	-8.598991497840713e-06
1025.606923696	0.11327088592012881	-8.574643861884723e-06
1026.816365823	0.11330419198419582	-8.55029918037098e-06
1028.0258079500002	0.11333743313084153	-8.525977147011421e-06
1029.235250077	0.11337060946332658	-8.501697943974484e-06
1030.4446922040001	0.11340372108324165	-8.477482244390044e-06
1031.654134331	0.11343676809062841	-8.453351196022196e-06
1032.8635764580001	0.11346975058411982	-8.429326412942584e-06
1034.073018585	0.11350266866107517	-8.405429947171139e-06
1035.282460712	0.11353552241772669	-8.381684259491096e-06
1036.491902839	0.11356831194932392	-8.35811217897442e-06
1037.701344966	0.11360103735027943	-8.334736861875802e-06
1038.9107870930002	0.11363369871431939	-8.31158174045138e-06
1040.12022922	0.11366629613463411	-8.28867046737125e-06
1041.3296713470002	0.11369882970402218	-8.266026854081288e-06
1042.539113474	0.11373129951503824	-8.243674805265278e-06
1043.7485556010001	0.11376370566013322	-8.221638250087426e-06
1044.957997728	0.11379604823179423	-8.199941072123407e-06
1046.167439855	0.11382832732267745	-8.178607028397344e-06
1047.376881982	0.11386054302574253	-8.157659674726259e-06
1048.586324109	0.11389269543436956	-8.137122285763188e-06
1049.795766236	0.11392478464247786	-8.117017773964785e-06
1051.005208363	0.11395681074464198	-8.097368607962174e-06
1052.2146504900002	0.11398877383618847	-8.078196732347331e-06
1053.424092617	0.114020674013298	-8.059523485891285e-06
1054.6335347440001	0.11405251137309033	-8.041369522100716e-06
1055.842976871	0.11408428601370751	-8.023754734041988e-06
1057.0524189980001	0.11411599803438985	-8.006698175612448e-06
1058.261861125	0.11414764753553841	-7.990217988904091e-06
1059.471303252	0.11417923461877358	-7.974331333752971e-06
1060.680745379	0.11421075938698869	-7.959054325150372e-06
1061.890187506	0.11424222194438755	-7.944401966407388e-06
1063.0996296330002	0.11427362239652405	-7.93038809063229e-06
1064.30907176	0.11430496085032774	-7.917025308210035e-06
1065.5185138870002	0.11433623741412534	-7.904324956342634e-06
1066.727956014	0.11436745219765254	-7.892297056930064e-06
1067.9373981410001	0.114398605312064	-7.880950272286247e-06
1069.146840268	0.11442969686993207	-7.8702918760859e-06
1070.356282395	0.11446072698524246	-7.860327721584404e-06
1071.565724522	0.11449169577338289	-7.851062221557459e-06
1072.775166649	0.11452260335112721	-7.842498328067271e-06
1073.9846087760002	0.11455344983660959	-7.834637519840704e-06
1075.194050903	0.11458423534930383	-7.82747980117987e-06
1076.4034930300002	0.11461496000998736	-7.821023697604512e-06
1077.612935157	0.11464562394070835	-7.815266262235776e-06
1078.8223772840001	0.114676227264743	-7.810203085774348e-06
1080.031819411	0.11470677010655791	-7.80582831262644e-06
1081.2412615380001	0.1147372525917569	-7.802134663857652e-06
1082.450703665	0.11476767484703593	-7.79911346168033e-06
1083.660145792	0.11479803700012849	-7.796754661094918e-06
1084.869587919	0.11482833917975167	-7.795046887408563e-06
1086.079030046	0.11485858151554743	-7.793977476446001e-06
1087.2884721730002	0.1148887641380275	-7.793532515232293e-06
1088.4979143	0.11491888717850578	-7.793696899481561e-06
1089.7073564270001	0.11494895076903872	-7.794454378984295e-06
1090.916798554	0.1149789550423624	-7.795787618170014e-06
1092.1262406810001	0.1150089001318237	-7.797678252506601e-06
1093.335682808	0.1150387861713196	-7.800106953295693e-06
1094.545124935	0.11506861329522494	-7.80305349409871e-06
1095.754567062	0.11509838163832661	-7.806496814220798e-06
1096.964009189	0.11512809133575676	-7.810415090875322e-06
1098.1734513160002	0.11515774252292241	-7.814785811702252e-06
1099.382893443	0.11518733533544029	-7.819585845392218e-06
1100.5923355700002	0.11521686990906457	-7.824791516695961e-06
1101.801777697	0.11524634637962428	-7.830378680982741e-06
1103.0112198240001	0.11527576488295282	-7.836322799992246e-06
1104.220661951	0.11530512555482139	-7.84259901692036e-06
1105.430104078	0.11533442853087675	-7.84918223135922e-06
1106.639546205	0.11536367394657082	-7.856047176492409e-06
1107.848988332	0.11539286193710255	-7.863168490752914e-06
1109.058430459	0.11542199263735002	-7.870520794109326e-06
1110.267872586	0.11545106618181619	-7.878078759078477e-06
1111.4773147130002	0.11548008270456525	-7.88581718265402e-06
1112.68675684	0.11550904233916523	-7.893711052441021e-06
1113.8961989670001	0.11553794521862984	-7.901735619542105e-06
1115.105641094	0.11556679147537235	-7.909866460084625e-06
1116.3150832210001	0.11559558124114636	-7.918079540175649e-06
1117.524525348	0.11562431464699878	-7.926351274709087e-06
1118.733967475	0.1156529918232235	-7.934658586436494e-06
1119.943409602	0.11568161289931354	-7.942978963067227e-06
1121.152851729	0.11571017800392361	-7.951290505694986e-06
1122.3622938560002	0.11573868726482602	-7.959571980971358e-06
1123.571735983	0.11576714080887715	-7.967802866902518e-06
1124.7811781100002	0.11579553876197876	-7.975963392303775e-06
1125.990620237	0.1158238812490526	-7.984034582755872e-06
1127.2000623640001	0.11585216839400751	-7.99199828985242e-06
1128.409504491	0.11588040031971661	-7.999837226671525e-06
1129.618946618	0.1159085771479921	-8.007534996766486e-06
1130.828388745	0.1159366989995699	-8.015076122046272e-06
1132.037830872	0.11596476599408921	-8.022446060802768e-06
1133.2472729990002	0.11599277825007995	-8.029631228534395e-06
1134.456715126	0.11602073588495648	-8.036619012830037e-06
1135.6661572530002	0.11604863901500606	-8.043397784082695e-06
1136.87559938	0.11607648775538512	-8.049956905335776e-06
1138.0850415070001	0.11610428222011866	-8.056286738021556e-06
1139.294483634	0.11613202252210564	-8.062378640448509e-06
1140.5039257610001	0.1161597087731106	-8.068224966635562e-06
1141.713367888	0.1161873410837897	-8.073819067602739e-06
1142.922810015	0.11621491956368508	-8.07915527752806e-06
1144.132252142	0.11624244432124409	-8.084228904421675e-06
1145.341694269	0.11626991546383444	-8.089036221868573e-06
1146.5511363960002	0.11629733309775944	-8.093574447066987e-06
1147.760578523	0.11632469732827777	-8.097841724882815e-06
1148.9700206500002	0.11635200825962996	-8.101837109301957e-06
1150.179462777	0.11637926599505502	-8.10556053848499e-06
1151.3889049040001	0.1164064706368215	-8.109012810862681e-06
1152.598347031	0.116433622286253	-8.112195557671842e-06
1153.807789158	0.11646072104376087	-8.11511121247277e-06
1155.017231285	0.11648776700886979	-8.117762985739019e-06
1156.226673412	0.11651476028025387	-8.120154828789028e-06
1157.4361155390002	0.11654170095576949	-8.122291401624349e-06
1158.645557666	0.11656858913249049	-8.12417803719434e-06
1159.8549997930002	0.1165954249067411	-8.125820709518894e-06
1161.06444192	0.1166222083741363	-8.127225993283249e-06
1162.2738840470001	0.1166489396296149	-8.128401028546783e-06
1163.483326174	0.1166756187674795	-8.129353482842772e-06
1164.6927683010001	0.1167022458814354	-8.130091509989112e-06
1165.902210428	0.11672882106462767	-8.13062371475548e-06
1167.111652555	0.11675534440967805	-8.130959111035674e-06
1168.321094682	0.11678181600872581	-8.131107083211853e-06
1169.530536809	0.11680823595346543	-8.131077346991422e-06
1170.7399789360002	0.11683460433518256	-8.13087991190925e-06
1171.949421063	0.11686092124479375	-8.130525037279568e-06
1173.1588631900001	0.11688718677288507	-8.130023197348846e-06
1174.368305317	0.1169134010097447	-8.129385042132675e-06
1175.5777474440001	0.11693956404540261	-8.128621360632693e-06
1176.787189571	0.11696567596966138	-8.127743040008129e-06
1177.996631698	0.11699173687213749	-8.126761032074825e-06
1179.206073825	0.11701774684228626	-8.125686316924619e-06
1180.415515952	0.1170437059694399	-8.124529865774499e-06
1181.6249580790002	0.11706961434283711	-8.123302612073058e-06
1182.834400206	0.11709547205165238	-8.12201541301738e-06
1184.0438423330002	0.11712127918502555	-8.120679021089705e-06
1185.25328446	0.11714703583208998	-8.119304051062981e-06
1186.4627265870001	0.11717274208199616	-8.117900952446522e-06
1187.672168714	0.11719839802394048	-8.116479980009583e-06
1188.881610841	0.11722400374718461	-8.115051168267051e-06
1190.091052968	0.11724955934108156	-8.11362430419571e-06
1191.300495095	0.11727506489509151	-8.112208903253426e-06
1192.5099372220002	0.11730052049880604	-8.110814185675885e-06
1193.719379349	0.11732592624196125	-8.109449058886498e-06
1194.9288214760002	0.11735128221445787	-8.108122092995163e-06
1196.138263603	0.11737658850637037	-8.10684150561597e-06
1197.3477057300001	0.11740184520796693	-8.105615142806055e-06
1198.557147857	0.11742705240971403	-8.104450465090673e-06
1199.7665899840001	0.11745221020229202	-8.103354532641716e-06
1200.976032111	0.11747731867660183	-8.102333994446098e-06
1202.185474238	0.11750237792377047	-8.101395075184314e-06
1203.394916365	0.1175273880351595	-8.100543568305418e-06
1204.604358492	0.11755234910236595	-8.099784825896239e-06
1205.8138006190002	0.117577261217227	-8.09912375460825e-06
1207.023242746	0.11760212447182289	-8.098564811175046e-06
1208.2326848730002	0.11762693895847505	-8.098111995334667e-06
1209.442127	0.11765170476974537	-8.097768851758613e-06
