0.0	0.0	0.0
1.209442127	2.7703095718824902e-06	5.341409294840889e-09
2.418884254	1.1051009432507482e-05	5.350601556059171e-09
3.6283263810000004	2.4814705849250522e-05	5.361621206048805e-09
4.837768508	4.4006886599208483e-05	5.367328415308774e-09
6.047210635000001	6.855266586244888e-05	5.310550740041803e-09
7.256652762000001	9.835723049984811e-05	5.168824650816873e-09
8.466094889	0.0001333052767273643	4.964830569776681e-09
9.675537016	0.00017326083689396467	4.689137170189265e-09
10.884979143	0.00021806678392507275	4.267210271144102e-09
12.094421270000002	0.00026754464560790154	3.719696898261439e-09
13.303863397	0.0003214943776042247	3.0036880841735267e-09
14.513305524000002	0.00037969391939591716	2.1344126741647956e-09
15.722747651	0.0004418989535262326	1.1933989478595843e-09
16.932189778	0.0005078432042029617	2.8854756930173087e-10
18.141631905	0.0005772390073340022	-4.141139577518854e-10
19.351074032	0.0006497782418581754	-6.870677212930665e-10
20.560516159000002	0.0007251337446318902	-3.9813970740057436e-10
21.769958286	0.0008029611748766382	3.9974963508652983e-10
22.979400413	0.000882901319650933	1.6344462265820842e-09
24.188842540000003	0.0009645830541275348	3.2979803662319673e-09
25.398284667000002	0.001047626857179951	5.396145077323812e-09
26.607726794	0.0011316487732907403	7.908025519143269e-09
27.817168921	0.0012162648325517544	1.0762870285979664e-08
29.026611048000003	0.0013010959020865979	1.3818444927595278e-08
30.236053175000002	0.0013857729216296935	1.6849852071130003e-08
31.445495302	0.0014699424597242365	1.955363865041495e-08
32.654937429	0.0015532725081182873	2.155826320140563e-08
33.864379556	0.0016354584198265234	2.2444069786280857e-08
35.073821683000006	0.0017162288813335606	2.179373053247738e-08
36.28326381	0.001795351797711153	1.9275099272545934e-08
37.492705937000004	0.001872639987751116	1.4714847561411119e-08
38.702148064	0.001947956620170748	8.154611161022632e-09
39.911590191	0.002021220265074231	-1.0043458618480376e-10
41.121032318000005	0.0020924094826209063	-9.489791861236416e-09
42.330474445	0.0021615668251207714	-1.931781910533058e-08
43.539916572	0.0022288022019506634	-2.8955174162692456e-08
44.749358699000005	0.002294295522066781	-3.797230180632846e-08
45.958800826	0.0023582983803031587	-4.61365452438813e-08
47.168242953000004	0.0024211347497930034	-5.338826882005706e-08
48.377685080000006	0.002483200761304844	-5.981264871791122e-08
49.587127207	0.0025449634879979293	-6.549212351500107e-08
50.796569334000004	0.0026069585572864214	-7.02566950213767e-08
52.00601146100001	0.0026697863917558955	-7.355449875632962e-08
53.215453588	0.002734107147539083	-7.476007351429979e-08
54.424895715000005	0.002800635380935418	-7.377185067274257e-08
55.634337842	0.0028701357434238904	-7.104262805888561e-08
56.843779969	0.0029434185426794176	-6.695611967481602e-08
58.053222096000006	0.0030213331093180114	-6.140733263527119e-08
59.262664223	0.003104759429335408	-5.3786535029781875e-08
60.472106350000004	0.0031945992335785226	-4.319634027164995e-08
61.68154847700001	0.0032917669091668874	-2.8758519232674473e-08
62.890990604	0.003397180247734994	-9.881206089468186e-09
64.100432731	0.0035117510680849904	1.3554005305702749e-08
65.309874858	0.003636375798346363	4.107049130777293e-08
66.519316985	0.003771926118971025	7.152072983786402e-08
67.728759112	0.0039192397699580545	1.0304619894950084e-07
68.93820123900001	0.004079111624184312	1.3307365025519956e-07
70.14764336600001	0.004252285127094215	1.5835665054708854e-07
71.357085493	0.00443944420237803	1.750763680451791e-07
72.56652762	0.004641205723282287	1.7901582910755543e-07
73.775969747	0.004858112648021202	1.6581511978871945e-07
74.98541187400001	0.005090627912177835	1.3129947849614947e-07
76.19485400100001	0.005339129157573483	7.184881684534983e-08
77.404296128	0.005603904354684894	-1.5248490684591307e-08
78.613738255	0.005885148348197279	-1.3153145866329446e-07
79.823180382	0.006182960332291661	-2.7726051388459133e-07
81.032622509	0.00649734225378644	-4.5150413278333606e-07
82.24206463600001	0.006828198148089004	-6.523989143749688e-07
83.45150676300001	0.0071753344217238835	-8.775150970550009e-07
84.66094889	0.007538461088375578	-1.1242400156774427e-06
85.870391017	0.007917193938273873	-1.3901076504211143e-06
87.079833144	0.008311057586611128	-1.6730369683581664e-06
88.28927527100001	0.008719489322960176	-1.9714724746449372e-06
89.49871739800001	0.00914184367739084	-2.284435307612514e-06
90.708159525	0.009577397625771974	-2.611494736638395e-06
91.917601652	0.01002535636847498	-2.9526670832699924e-06
93.127043779	0.010484859627297316	-3.3082493740251625e-06
94.33648590600001	0.010954988411524948	-3.678601167185925e-06
95.54592803300001	0.011434772203569775	-4.063898389600239e-06
96.75537016000001	0.011923196506273997	-4.463893474996369e-06
97.964812287	0.01241921067808618	-4.877721735203639e-06
99.174254414	0.012921735961950063	-5.303791121958647e-06
100.383696541	0.013429673594265699	-5.739780549320322e-06
101.59313866800001	0.013941912867444173	-6.182752890080984e-06
102.80258079500001	0.014457339017245769	-6.629366589165891e-06
104.01202292200001	0.014974840815628478	-7.076148729617988e-06
105.221465049	0.01549331777175235	-7.519775948640079e-06
106.430907176	0.016011686879730234	-7.957302308576018e-06
107.64034930300001	0.01652888890208344	-8.386282162510354e-06
108.84979143000001	0.01704389423329708	-8.804768235086934e-06
110.05923355700001	0.017555708420934395	-9.211217734115314e-06
111.268675684	0.018063377393432594	-9.604389620919591e-06
112.478117811	0.018565992334645016	-9.983326544173513e-06
113.687559938	0.019062693999985704	-1.0347462937767508e-05
114.89700206500001	0.019552676200628193	-1.0696818440094485e-05
116.10644419200001	0.020035188275162603	-1.1032184280532036e-05
117.31588631900001	0.020509536582224635	-1.1355163380282612e-05
118.525328446	0.020975085333581958	-1.1667869151296868e-05
119.734770573	0.021431257366197297	-1.197230818526969e-05
120.94421270000001	0.021877535288011438	-1.2269921912154771e-05
122.15365482700001	0.02231346271099833	-1.2561667521995487e-05
123.36309695400001	0.022738644896719836	-1.2848432830094014e-05
124.572539081	0.023152748500780272	-1.3131382239589366e-05
125.781981208	0.023555500551171643	-1.341208224808852e-05
126.99142333500001	0.02394668690538318	-1.3692474711119416e-05
128.200865462	0.02432615034934153	-1.3974800472520664e-05
129.410307589	0.024693788417708824	-1.4261527571266842e-05
130.619749716	0.025049550976223023	-1.4555293932762975e-05
131.82919184300002	0.02539343759626908	-1.4858854886840543e-05
133.03863397	0.025725494752305775	-1.5175023708964563e-05
134.24807609700002	0.026045812876088828	-1.5506598908791684e-05
135.457518224	0.02635452330473919	-1.585627942316155e-05
136.666960351	0.02665179516105541	-1.6226575547613302e-05
137.87640247800002	0.02693783220307384	-1.6619728313751157e-05
139.085844605	0.027212869675484475	-1.7037652191688804e-05
140.29528673200002	0.02747717118855999	-1.7481914369114025e-05
141.504728859	0.027731025641802583	-1.795375717793344e-05
142.714170986	0.027974744201679877	-1.8454158393659513e-05
143.92361311300002	0.028208657339013538	-1.8983909926217034e-05
145.13305524	0.028433111935027587	-1.954368554060726e-05
146.34249736700002	0.028648468475053347	-2.0134069990637195e-05
147.551939494	0.028855098359341566	-2.07555368447708e-05
148.761381621	0.029053381363770905	-2.1408382902566095e-05
149.97082374800002	0.02924370327675951	-2.209264215928715e-05
151.180265875	0.029426453726246055	-2.2808005349211555e-05
152.38970800200002	0.02960202419845723	-2.3553764001520844e-05
153.599150129	0.029770806242210453	-2.432878703256293e-05
154.808592256	0.029933189849071506	-2.513152857496273e-05
156.018034383	0.030089561999121956	-2.596006027259616e-05
157.22747651	0.03024030536272373	-2.6812119322776676e-05
158.43691863700002	0.03038579714948177	-2.7685163845827046e-05
159.646360764	0.030526408096344833	-2.857642864907521e-05
160.85580289100002	0.030662501587389798	-2.9482976385655432e-05
162.065245018	0.030794432898303983	-3.0401741122688605e-05
163.274687145	0.030922548558746592	-3.1329563187113343e-05
164.48412927200002	0.03104718582556404	-3.226321567450542e-05
165.693571399	0.031168672259268906	-3.319942414293717e-05
166.90301352600002	0.03128732539550648	-3.413488176229329e-05
168.112455653	0.031403452502603124	-3.506626253010903e-05
169.32189778	0.03151735041594325	-3.599023509808473e-05
170.53133990700002	0.03162930543984283	-3.6903479235012374e-05
171.740782034	0.03173959330783921	-3.780270612112509e-05
172.95022416100002	0.031848479192857534	-3.868468277960606e-05
174.159666288	0.03195621775944952	-3.9546260201032274e-05
175.369108415	0.03206305325105698	-4.038440419783934e-05
176.57855054200002	0.03216921960573371	-4.119622763695471e-05
177.787992669	0.03227494059376086	-4.197902232996181e-05
178.99743479600002	0.032380429970101696	-4.273028853515534e-05
180.206876923	0.03248589163380544	-4.344775974865489e-05
181.41631905	0.03259151978541651	-4.412942036528984e-05
182.62576117700002	0.03269749907267917	-4.4773514586900556e-05
183.835203304	0.032804004715878736	-4.537854750468959e-05
185.04464543100002	0.032911202608929956	-4.594328321471004e-05
186.254087558	0.033019249401356504	-4.646674807520616e-05
187.46352968500003	0.03312829257704253	-4.694824667870329e-05
188.67297181200001	0.03323847055175558	-4.7387391757870365e-05
189.882413939	0.033349912806296095	-4.77841392161598e-05
191.09185606600002	0.03346274005611877	-4.813881256734466e-05
192.301298193	0.03357706444141824	-4.8452103542520955e-05
193.51074032000002	0.0336929897156747	-4.87250460378761e-05
194.720182447	0.03381061141757691	-4.8958971104877055e-05
195.929624574	0.0339300170231704	-4.9155455053954966e-05
197.13906670100002	0.034051286083147767	-4.931627099608732e-05
198.348508828	0.03417449035149731	-4.9443349808334786e-05
199.55795095500002	0.034299693908618256	-4.9538751913474205e-05
200.767393082	0.034426953279146195	-4.9604646928817775e-05
201.976835209	0.034556317545934925	-4.9643295201372284e-05
203.18627733600002	0.03468782846616296	-4.96570256845498e-05
204.395719463	0.0348215205974404	-4.9648208535540625e-05
205.60516159000002	0.034957421438146466	-4.961922508210821e-05
206.814603717	0.03509555158089551	-4.957243912176619e-05
208.02404584400003	0.035235924875606076	-4.951017135449917e-05
209.23348797100002	0.03537854859982835	-4.943467664086064e-05
210.442930098	0.03552342363603778	-4.9348123783859305e-05
211.65237222500002	0.03567054465640823	-4.9252578079299336e-05
212.861814352	0.035819900315551184	-4.914998690878393e-05
214.07125647900003	0.03597147345149362	-4.904216837218513e-05
215.28069860600002	0.03612524129506631	-4.893080273389756e-05
216.490140733	0.036281175687803244	-4.881742636117167e-05
217.69958286000002	0.03643924330834612	-4.870342785361949e-05
218.909024987	0.036599405907169785	-4.859004612539283e-05
220.11846711400003	0.036761620549228144	-4.847837029025963e-05
221.32790924100001	0.036925839863854185	-4.836934123973215e-05
222.537351368	0.0370920123010146	-4.8263754835674647e-05
223.74679349500002	0.03726008239283545	-4.816226659616965e-05
224.956235622	0.03742999101921479	-4.806539771127355e-05
226.16567774900003	0.03760167567630668	-4.79735421694185e-05
227.375119876	0.03777507074672228	-4.7886974747184466e-05
228.584562003	0.03795010777036003	-4.780585962170514e-05
229.79400413000002	0.03812671571486438	-4.773025939346781e-05
231.003446257	0.03830482124478689	-4.766014437313469e-05
232.21288838400002	0.038484348988565106	-4.7595402025908326e-05
233.422330511	0.03866522180245999	-4.753584652639371e-05
234.63177263800003	0.03884736103061259	-4.7481228386355226e-05
235.84121476500002	0.039030686760385874	-4.74312441233124e-05
237.050656892	0.03921511807218151	-4.7385545923947156e-05
238.26009901900002	0.03940057328295513	-4.7343751223781136e-05
239.469541146	0.03958697018269207	-4.730545209985157e-05
240.67898327300003	0.03977422626319456	-4.7270224354835355e-05
241.88842540000002	0.03996225893862878	-4.723763615542727e-05
243.097867527	0.04015098575742559	-4.7207256098911674e-05
244.30730965400002	0.04034032460529388	-4.7178660598092004e-05
245.516751781	0.040530193899294145	-4.7151440501717184e-05
246.72619390800003	0.04072051277308838	-4.712520689998355e-05
247.93563603500002	0.04091120125359443	-4.709959608671828e-05
249.145078162	0.04110218042929908	-4.70742736597661e-05
250.35452028900002	0.04129337261041929	-4.704893774951785e-05
251.563962416	0.04148470148096131	-4.7023321358018524e-05
252.77340454300003	0.041676092242567714	-4.699719381380009e-05
253.98284667000001	0.04186747174993295	-4.697036137405082e-05
255.192288797	0.042058768637538324	-4.694266704708197e-05
256.401730924	0.042249913437519285	-4.691398976729849e-05
257.61117305100004	0.0424408386885841	-4.6884243084842694e-05
258.820615178	0.042631479036031955	-4.685337354323228e-05
260.030057305	0.042821771323022485	-4.682135890736808e-05
261.239499432	0.04301165467329857	-4.678820636253023e-05
262.448941559	0.04320107056560999	-4.6753950755229826e-05
263.65838368600004	0.04338996290008003	-4.671865289995053e-05
264.867825813	0.04357827805676577	-4.668239792120395e-05
266.07726794	0.04376596494668372	-4.664529358043221e-05
267.286710067	0.043952975055587984	-4.660746851463046e-05
268.49615219400005	0.044139262480822436	-4.656907031559861e-05
269.70559432100004	0.044324783961594984	-4.6530263384863754e-05
270.915036448	0.04450949890302307	-4.6491226522083276e-05
272.124478575	0.04469336939429139	-4.6452150219785174e-05
273.333920702	0.04487636022120814	-4.6413233664036393e-05
274.54336282900005	0.04505843887340873	-4.637468145511289e-05
275.75280495600003	0.045239575546374367	-4.633670009618514e-05
276.962247083	0.04541974313840632	-4.6299494307294395e-05
278.17168921	0.0455989172426476	-4.626326324974096e-05
279.381131337	0.0457770761342403	-4.622819673962518e-05
280.59057346400004	0.045954200752695615	-4.619447152473706e-05
281.80001559100003	0.0461302746795674	-4.616224769505954e-05
283.009457718	0.04630528411149965	-4.6131665270879654e-05
284.218899845	0.04647921782872644	-4.61028410136434e-05
285.428341972	0.046652067159070096	-4.6075865497385154e-05
286.63778409900004	0.04682382593748266	-4.60508004622856e-05
287.84722622600003	0.04699449046116161	-4.602767649183187e-05
289.056668353	0.04716405944027516	-4.600649102903115e-05
290.26611048	0.047332533944335654	-4.598720676267376e-05
291.475552607	0.04749991734427769	-4.596975039737952e-05
292.68499473400004	0.047666215250307106	-4.595401183448908e-05
293.89443686100003	0.04783143544559744	-4.593984376828272e-05
295.103878988	0.047995587815932696	-4.5927061720345275e-05
296.313321115	0.04815868427539269	-4.5915444508236314e-05
297.522763242	0.04832073868820864	-4.590473515395793e-05
298.73220536900004	0.04848176678692496	-4.5894642220458554e-05
299.94164749600003	0.04864178608701861	-4.5884841569247825e-05
301.151089623	0.04880081579815805	-4.587497851393438e-05
302.36053175	0.04895887673228691	-4.5864670352488424e-05
303.569973877	0.04911599120875189	-4.585350924268122e-05
304.77941600400004	0.049272182956709515	-4.5841065399974956e-05
305.98885813100003	0.0494274770150576	-4.582689056572414e-05
307.198300258	0.04958189963017093	-4.581052172292904e-05
308.407742385	0.049735478151719054	-4.579148501047611e-05
309.617184512	0.04988824092687345	-4.5769299793413376e-05
310.82662663900004	0.0500402171932217	-4.574348284582669e-05
312.036068766	0.050191436970715306	-4.571355260039184e-05
313.245510893	0.050341930952989535	-4.567903341566246e-05
314.45495302	0.05049173039841032	-4.563945981886017e-05
315.664395147	0.05064086702119615	-4.5594380670848506e-05
316.87383727400004	0.05078937288297833	-4.5543363218224914e-05
318.083279401	0.05093728028515809	-4.548599697982644e-05
319.292721528	0.05108462166242814	-4.542189743449512e-05
320.502163655	0.05123142947780231	-4.5350709468258005e-05
321.71160578200005	0.05137773611951905	-4.527211055118524e-05
322.92104790900004	0.05152357380015215	-4.51858136099291e-05
324.130490036	0.05166897445826306	-4.509156957889851e-05
325.339932163	0.05181396966291621	-4.49891696041628e-05
326.54937429	0.051958590521363264	-4.487844688504106e-05
327.75881641700005	0.05210286759017972	-4.475927815076122e-05
328.96825854400004	0.05224683079013015	-4.4631584756923276e-05
330.177700671	0.052390509325008855	-4.4495333407151144e-05
331.387142798	0.05253393160468951	-4.4350536500707e-05
332.596584925	0.052677125172587526	-4.419725211348563e-05
333.80602705200005	0.05282011663772225	-4.4035583621857e-05
335.01546917900004	0.05296293161154136	-4.3865678979692485e-05
336.224911306	0.05310559464964	-4.368772967049475e-05
337.434353433	0.05324812919849301	-4.350196934266998e-05
338.64379556	0.05339055754728175	-4.330867215583678e-05
339.85323768700005	0.0535329007848769	-4.310815085360048e-05
341.06267981400003	0.05367517876202635	-4.290075458662779e-05
342.272121941	0.0538174100587456	-4.268686651026643e-05
343.481564068	0.05395961195691511	-4.2466901175316346e-05
344.691006195	0.054101800418047255	-4.224130174546384e-05
345.90044832200005	0.054243990066168146	-4.20105370607278e-05
347.10989044900003	0.05438619417574754	-4.177509857290415e-05
348.319332576	0.054528424664577996	-4.153549718274169e-05
349.528774703	0.05467069209149816	-4.129226000305561e-05
350.73821683	0.05481300565882757	-4.1045927075360894e-05
351.94765895700004	0.05495537321937563	-4.079704806707676e-05
353.15710108400003	0.05509780128786509	-4.0546178974094904e-05
354.366543211	0.05524029505660326	-4.0293878853184945e-05
355.575985338	0.05538285841521695	-4.004070661495218e-05
356.785427465	0.055525493974261625	-3.9787217890732696e-05
357.99486959200004	0.055668203092504316	-3.953396200213552e-05
359.20431171900003	0.055810985907678724	-3.9281479051397894e-05
360.413753846	0.055953841370483655	-3.9030297155608074e-05
361.623195973	0.05609676728162735	-3.878092982817494e-05
362.8326381	0.05623976033168039	-3.8533873538647984e-05
364.04208022700004	0.05638281614352143	-3.828960545197366e-05
365.25152235400003	0.056525929317144064	-3.804858136242581e-05
366.460964481	0.056669093476606466	-3.781123382723753e-05
367.670406608	0.056812301318892824	-3.757797050720629e-05
368.87984873500005	0.05695554466447096	-3.734917272212729e-05
370.08929086200004	0.05709881450931383	-3.712519421463639e-05
371.29873298900003	0.05724210107818567	-3.690636013069584e-05
372.508175116	0.05738539387895965	-3.6692966209578987e-05
373.717617243	0.057528681757773904	-3.648527818241737e-05
374.92705937000005	0.05767195295481133	-3.628353137631948e-05
376.13650149700004	0.05781519516051635	-3.608793051196671e-05
377.34594362400003	0.057958395572039405	-3.589864969356579e-05
378.555385751	0.05810154094973777	-3.571583257984748e-05
379.764827878	0.05824461767354515	-3.553959272629276e-05
380.97427000500005	0.05838761179903114	-3.53700140885288e-05
382.18371213200004	0.058530509112994546	-3.520715167648972e-05
383.393154259	0.05867329518842218	-3.5051032346203326e-05
384.602596386	0.058815955438655323	-3.490165571918766e-05
385.812038513	0.05895847517062986	-3.475899521263037e-05
387.02148064000005	0.0591008396370417	-3.4622999171049496e-05
388.23092276700004	0.059243034087304004	-3.449359208863509e-05
389.440364894	0.05938504381717951	-3.43706758988184e-05
390.649807021	0.05952685421696263	-3.425413132749841e-05
391.859249148	0.05966845081810909	-3.414381929771684e-05
393.06869127500005	0.05980981933820616	-3.4039582361020115e-05
394.27813340200004	0.05995094572418641	-3.394124615894653e-05
395.487575529	0.060091816193706515	-3.384862088981824e-05
396.697017656	0.06023241727460495	-3.3761502778142244e-05
397.906459783	0.06037273584236463	-3.36796755293009e-05
399.11590191000005	0.06051275915552631	-3.360291176860916e-05
400.32534403700004	0.06065247488898051	-3.353097444401196e-05
401.534786164	0.06079187116510236	-3.3463618198861095e-05
402.744228291	0.060930936582680104	-3.340059069137716e-05
403.953670418	0.061069660243605134	-3.3341633869643506e-05
405.16311254500005	0.06120803177729067	-3.328648519455163e-05
406.37255467200004	0.061346041362810425	-3.3234878791556927e-05
407.581996799	0.06148367974873284	-3.3186546553681806e-05
408.791438926	0.061620938270653625	-3.314121917271859e-05
410.000881053	0.061757808866425234	-3.309862710612274e-05
411.21032318000005	0.06189428408909188	-3.30585014795895e-05
412.41976530700003	0.0620303571175487	-3.3020574928210866e-05
413.629207434	0.06216602176494376	-3.298458236652285e-05
414.838649561	0.062301272484852996	-3.2950261703464795e-05
416.04809168800006	0.062436104375266574	-3.291735449212352e-05
417.25753381500004	0.06257051318042398	-3.288560652674882e-05
418.46697594200003	0.06270449529054732	-3.285476838430293e-05
419.676418069	0.06283804773952782	-3.282459591596662e-05
420.885860196	0.06297116820061731	-3.279485068883106e-05
422.09530232300006	0.06310385498019686	-3.276530039143799e-05
423.30474445000004	0.06323610700968266	-3.27357191919897e-05
424.51418657700003	0.06336792383564951	-3.2705888065965444e-05
425.723628704	0.06349930560824071	-3.2675595087797854e-05
426.933070831	0.06363025306794866	-3.2644635697378493e-05
428.14251295800005	0.06376076753085173	-3.2612812937871105e-05
429.35195508500004	0.06389085087238858	-3.2579937672555515e-05
430.56139721200003	0.0640205055097623	-3.254582878060158e-05
431.770839339	0.0641497343830709	-3.251031333774412e-05
432.980281466	0.06427854093524195	-3.2473226776019715e-05
434.18972359300005	0.06440692909088001	-3.243441303736952e-05
435.39916572000004	0.06453490323412248	-3.239372470794505e-05
436.60860784700003	0.06466246818558856	-3.235102314413582e-05
437.818049974	0.0647896291785278	-3.2306178589930346e-05
439.027492101	0.06491639183426344	-3.22590702775058e-05
440.23693422800005	0.06504276213702244	-3.2209586526846246e-05
441.44637635500004	0.0651687464082521	-3.215762482847162e-05
442.65581848200003	0.0652943512805149	-3.21030919157167e-05
443.865260609	0.06541958367105749	-3.204590382939812e-05
445.074702736	0.06554445075514351	-3.198598596931834e-05
446.28414486300005	0.06566895993924045	-3.1923273129896845e-05
447.49358699000004	0.06579311883414611	-3.18577095274053e-05
448.703029117	0.06591693522814696	-3.178924880736095e-05
449.912471244	0.06604041706028099	-3.171785403818447e-05
451.121913371	0.06616357239379683	-3.1643497687954686e-05
452.33135549800005	0.06628640938987362	-3.156616158220618e-05
453.54079762500004	0.06640893628169119	-3.148583684361994e-05
454.750239752	0.06653116134890173	-3.1402523808499866e-05
455.959681879	0.06665309289259508	-3.131623192782415e-05
457.169124006	0.0667747392107975	-3.1226979640204544e-05
458.37856613300005	0.06689610857458364	-3.11347942287335e-05
459.58800826000004	0.06701720920484645	-3.1039711650800855e-05
460.797450387	0.06713804924978847	-3.094177634627507e-05
462.006892514	0.06725863676317338	-3.0841041024166904e-05
463.216334641	0.06737897968340223	-3.073756642546846e-05
464.42577676800005	0.06749908581343038	-3.0631421061737274e-05
465.63521889500004	0.06761896280158591	-3.052268093609728e-05
466.844661022	0.06773861812331915	-3.0411429239290966e-05
468.054103149	0.06785805906391032	-3.0297756024692812e-05
469.26354527600006	0.06797729270216132	-3.0181757868331244e-05
470.47298740300005	0.06809632589510556	-3.006353750672694e-05
471.68242953000004	0.06821516526374674	-2.9943203455787964e-05
472.891871657	0.06833381717985054	-2.9820869621263735e-05
474.101313784	0.06845228775378866	-2.9696654886175733e-05
475.31075591100006	0.0685705828234673	-2.957068269363386e-05
476.52019803800005	0.06868870794432289	-2.9443080612149425e-05
477.72964016500003	0.06880666838040742	-2.931397989579254e-05
478.939082292	0.06892446909654909	-2.9183515035346302e-05
480.148524419	0.06904211475159223	-2.9051823304308833e-05
481.35796654600006	0.0691596096927087	-2.891904429996872e-05
482.56740867300005	0.06927695795077332	-2.878531948441454e-05
483.77685080000003	0.06939416323678248	-2.8650791724045555e-05
484.986292927	0.06951122893931236	-2.851560482928714e-05
486.195735054	0.06962815812299523	-2.8379903101585086e-05
487.40517718100006	0.06974495352798799	-2.8243830880653187e-05
488.61461930800004	0.06986161757041998	-2.810753210161568e-05
489.82406143500003	0.0699781523437859	-2.797114986039309e-05
491.033503562	0.07009455962126371	-2.783482598603046e-05
492.242945689	0.07021084085892634	-2.7698700625994332e-05
493.45238781600005	0.0703269971998152	-2.756291184638493e-05
494.66182994300004	0.07044302947884684	-2.7427595240037822e-05
495.87127207000003	0.07055893822851023	-2.7292883554304315e-05
497.080714197	0.07067472368532812	-2.715890633497517e-05
498.290156324	0.070790385797041	-2.702578958220514e-05
499.49959845100005	0.0709059242304756	-2.689365542990832e-05
500.70904057800004	0.07102133838005772	-2.676262183850392e-05
501.91848270500003	0.07113662737693192	-2.663280231429352e-05
503.127924832	0.07125179009864263	-2.6504305638334197e-05
504.337366959	0.07136682517933868	-2.6377235625756057e-05
505.54680908600005	0.07148173102045911	-2.6251690898492636e-05
506.75625121300004	0.07159650580184977	-2.6127764683008675e-05
507.96569334000003	0.0717111474932808	-2.6005544628358856e-05
509.175135467	0.07182565386631175	-2.5885112644046665e-05
510.384577594	0.07194002250646249	-2.5766544761298554e-05
511.59401972100005	0.0720542508256479	-2.5649911015137444e-05
512.803461848	0.07216833607483966	-2.5535275346853098e-05
514.0129039750001	0.07228227535689828	-2.5422695529513095e-05
515.2223461020001	0.0723960656395496	-2.5312223114082322e-05
516.4317882290001	0.07250970376845346	-2.5203903393111737e-05
517.641230356	0.07262318648032544	-2.5097775390246768e-05
518.850672483	0.0727365104160772	-2.499387186359267e-05
520.06011461	0.07284967213392818	-2.4892219333709498e-05
521.269556737	0.07296266812246194	-2.479283812784408e-05
522.478998864	0.07307549481357409	-2.4695742445689922e-05
523.688440991	0.0731881485952913	-2.460094043518421e-05
524.897883118	0.07330062582442001	-2.4508434295373444e-05
526.1073252450001	0.07341292283899162	-2.4418220390527018e-05
527.3167673720001	0.07352503597047352	-2.433028938075149e-05
528.5262094990001	0.07363696155571298	-2.424462636536895e-05
529.735651626	0.07374869594858893	-2.416121104718491e-05
530.945093753	0.07386023553134599	-2.408001790242531e-05
532.15453588	0.07397157672557365	-2.400101636941543e-05
533.363978007	0.07408271600282196	-2.3924171044763243e-05
534.573420134	0.0741936498948175	-2.384944189321933e-05
535.782862261	0.07430437500326986	-2.3776784465290995e-05
536.9923043880001	0.07441488800924247	-2.3706150127967424e-05
538.2017465150001	0.07452518568207113	-2.3637486298119792e-05
539.4111886420001	0.07463526488782092	-2.3570736687222177e-05
540.6206307690001	0.07474512259725868	-2.3505841550103962e-05
541.830072896	0.07485475589333444	-2.3442737942656888e-05
543.039515023	0.07496416197816269	-2.338135997843535e-05
544.24895715	0.07507333817948623	-2.332163909338908e-05
545.458399277	0.07518228195662799	-2.326350431076582e-05
546.667841404	0.0752909909059174	-2.3206882508727128e-05
547.877283531	0.07539946276558769	-2.3151698689029276e-05
549.0867256580001	0.07550769542014842	-2.309787624369536e-05
550.2961677850001	0.07561568690421958	-2.3045337222599854e-05
551.5056099120001	0.07572343540585053	-2.29940025985656e-05
552.715052039	0.07583093926929951	-2.2943792531628093e-05
553.924494166	0.07593819699730305	-2.2894626621181025e-05
555.133936293	0.076045207252821	-2.2846424167308893e-05
556.34337842	0.0761519688602777	-2.2799104418196742e-05
557.552820547	0.07625848080630031	-2.2752586810833447e-05
558.762262674	0.07636474223996473	-2.2706791212995237e-05
559.971704801	0.0764707524725649	-2.2661638149491792e-05
561.1811469280001	0.07657651097691022	-2.2617049025452918e-05
562.3905890550001	0.07668201738616856	-2.2572946342929584e-05
563.6000311820001	0.07678727149226704	-2.2529253902760227e-05
564.809473309	0.07689227324386877	-2.2485897001874727e-05
566.018915436	0.07699702274393586	-2.244280262189008e-05
567.228357563	0.07710152024689855	-2.239989960392194e-05
568.43779969	0.07720576615544875	-2.235711881538524e-05
569.647241817	0.07730976101698003	-2.231439330483559e-05
570.856683944	0.07741350551967692	-2.227165844859852e-05
572.066126071	0.0775170004882947	-2.2228852083378686e-05
573.2755681980001	0.07762024687963107	-2.2185914628311543e-05
574.4850103250001	0.0777232457777225	-2.2142789198160984e-05
575.6944524520001	0.07782599838878015	-2.2099421703145744e-05
576.903894579	0.07792850603588311	-2.205576093424963e-05
578.113336706	0.07803077015345815	-2.2011758646790086e-05
579.322778833	0.0781327922815628	-2.1967369622406807e-05
580.53222096	0.07823457405998836	-2.192255172493371e-05
581.741663087	0.07833611722221426	-2.18772659448703e-05
582.951105214	0.07843742358922598	-2.183147643390962e-05
584.160547341	0.07853849506322474	-2.178515052721902e-05
585.3699894680001	0.07863933362124438	-2.173825875561447e-05
586.5794315950001	0.07873994130869647	-2.1690774847950983e-05
587.7888737220001	0.07884032023287199	-2.1642675725772748e-05
588.998315849	0.07894047255640627	-2.1593941485521795e-05
590.207757976	0.0790404004907406	-2.1544555374789637e-05
591.417200103	0.07914010628958988	-2.1494503754816013e-05
592.62664223	0.07923959224244254	-2.1443776061374348e-05
593.836084357	0.07933886066810406	-2.1392364752820248e-05
595.045526484	0.07943791390830635	-2.1340265255017504e-05
596.2549686110001	0.07953675432140152	-2.1287475892611818e-05
597.4644107380001	0.07963538427614963	-2.123399782039473e-05
598.6738528650001	0.07973380614562511	-2.11798349443737e-05
599.8832949920001	0.0798320223012529	-2.112499383985153e-05
601.092737119	0.0799300351069831	-2.1069483662147087e-05
602.302179246	0.08002784691362923	-2.1013316053752895e-05
603.511621373	0.08012546005337502	-2.0956505043894652e-05
604.7210635	0.0802228768344611	-2.0899066950297307e-05
605.930505627	0.08032009953607105	-2.0841020270768312e-05
607.139947754	0.08041713040341719	-2.0782385575721096e-05
608.3493898810001	0.08051397164304047	-2.072318539710072e-05
609.5588320080001	0.08061062541833508	-2.0663444112032497e-05
610.7682741350001	0.08070709384530365	-2.0603187829312114e-05
611.9777162620001	0.0808033789885459	-2.054244427053889e-05
613.187158389	0.08089948285749642	-2.0481242652387044e-05
614.396600516	0.08099540740290563	-2.0419613564769123e-05
615.606042643	0.08109115451357915	-2.035758885168132e-05
616.81548477	0.08118672601337079	-2.0295201489613224e-05
618.024926897	0.0812821236584366	-2.0232485466228217e-05
619.234369024	0.08137734913474812	-2.0169475660997138e-05
620.4438111510001	0.08147240405587139	-2.0106207724458064e-05
621.6532532780001	0.08156728996100715	-2.0042717957285267e-05
622.8626954050001	0.0816620083132936	-1.997904319187699e-05
624.072137532	0.08175656049837059	-1.9915220677853285e-05
625.281579659	0.08185094782320068	-1.9851287963425224e-05
626.491021786	0.08194517151515013	-1.9787282781652538e-05
627.700463913	0.08203923272132241	-1.972324293790864e-05
628.90990604	0.08213313250813846	-1.9659206199257317e-05
630.119348167	0.08222687186116137	-1.9595210187378642e-05
631.328790294	0.08232045168516477	-1.9531292270991846e-05
632.5382324210001	0.08241387280442909	-1.9467489463836224e-05
633.7476745480001	0.08250713596326675	-1.9403838322485517e-05
634.9571166750001	0.08260024182676608	-1.9340374848245828e-05
636.166558802	0.08269319098174985	-1.927713439326545e-05
637.376000929	0.08278598393793779	-1.921415157032924e-05
638.585443056	0.08287862112930253	-1.9151460158552125e-05
639.794885183	0.08297110291561687	-1.908909302342915e-05
641.00432731	0.08306342958417809	-1.9027082033155895e-05
642.213769437	0.08315560135170517	-1.896545798028143e-05
643.4232115640001	0.08324761836638454	-1.8904250507427445e-05
644.6326536910001	0.08333948071008195	-1.8843488038516876e-05
645.8420958180001	0.08343118840068114	-1.8783197711744193e-05
647.0515379450001	0.08352274139455765	-1.872340531814537e-05
648.260980072	0.08361413958917305	-1.866413524120869e-05
649.470422199	0.08370538282577257	-1.8605410406900835e-05
650.679864326	0.08379647089218857	-1.8547252237773038e-05
651.889306453	0.08388740352572302	-1.8489680601072034e-05
653.09874858	0.08397818041611597	-1.8432713776495024e-05
654.308190707	0.08406880120856865	-1.837636842126622e-05
655.5176328340001	0.08415926550683783	-1.832065953748241e-05
656.7270749610001	0.08424957287636184	-1.8265600452024855e-05
657.9365170880001	0.08433972284742741	-1.821120279468097e-05
659.1459592150001	0.08442971491836372	-1.8157476484877144e-05
660.355401342	0.0845195485587424	-1.8104429723789228e-05
661.564843469	0.0846092232125942	-1.8052068990345727e-05
662.774285596	0.0846987383016108	-1.8000399041449844e-05
663.983727723	0.08478809322833872	-1.794942291953594e-05
665.19316985	0.0848772873793456	-1.7899141963068077e-05
666.402611977	0.08496632012835788	-1.784955582283948e-05
667.6120541040001	0.08505519083935371	-1.7800662485467633e-05
668.8214962310001	0.08514389886961254	-1.7752458294849338e-05
670.0309383580001	0.08523244357270639	-1.7704937986362523e-05
671.2403804850001	0.08532082430141348	-1.7658094721116624e-05
672.449822612	0.08540904041058796	-1.7611920123256075e-05
673.659264739	0.08549709125992278	-1.7566404325916607e-05
674.868706866	0.08558497621664975	-1.7521536013268002e-05
676.078148993	0.085672694658133	-1.747730247970286e-05
677.28759112	0.08576024597437845	-1.7433689675341868e-05
678.497033247	0.08584762957043464	-1.7390682267942603e-05
679.7064753740001	0.08593484486869331	-1.7348263704433653e-05
680.9159175010001	0.08602189131107424	-1.7306416270290725e-05
682.1253596280001	0.08610876836110393	-1.726512115610146e-05
683.3348017550001	0.08619547550586826	-1.7224358525774752e-05
684.544243882	0.08628201225785712	-1.7184107588032183e-05
685.753686009	0.08636837815667146	-1.7144346665345922e-05
686.963128136	0.08645457277062436	-1.710505326516648e-05
688.172570263	0.0865405956981998	-1.7066204157339948e-05
689.38201239	0.08662644656939504	-1.702777544725781e-05
690.5914545170001	0.08671212504693228	-1.6989742649818618e-05
691.8008966440001	0.08679763082734018	-1.6952080768517508e-05
693.0103387710001	0.08688296364191228	-1.691476436643108e-05
694.2197808980001	0.08696812325753318	-1.6877767647568986e-05
695.429223025	0.0870531094773852	-1.684106452760903e-05
696.638665152	0.08713792214152027	-1.6804628713194825e-05
697.848107279	0.08722256112731583	-1.6768433775155023e-05
699.057549406	0.08730702634980611	-1.6732453218877563e-05
700.266991533	0.08739131776189424	-1.669666056289959e-05
701.47643366	0.08747543535444807	-1.6661029405243277e-05
702.6858757870001	0.08755937915628029	-1.6625533497981182e-05
703.8953179140001	0.08764314923401564	-1.6590146811427953e-05
705.1047600410001	0.08772674569185396	-1.6554843606381153e-05
706.3142021680001	0.08781016867122751	-1.6519598496293753e-05
707.523644295	0.08789341835035469	-1.648438651146583e-05
708.733086422	0.08797649494369846	-1.6449183160911762e-05
709.942528549	0.08805939870133117	-1.6413964493713906e-05
711.151970676	0.08814212990821665	-1.637870715514439e-05
712.361412803	0.0882246888833928	-1.6343388441281137e-05
713.57085493	0.08830707597908935	-1.630798635397085e-05
714.7802970570001	0.08838929157976269	-1.627247965123313e-05
715.9897391840001	0.08847133610105942	-1.6236847892869832e-05
717.1991813110001	0.08855320998871465	-1.620107149118838e-05
718.4086234380001	0.08863491371739037	-1.616513174919343e-05
719.618065565	0.08871644778945198	-1.6129010903226382e-05
720.827507692	0.0887978127337003	-1.6092692159123956e-05
722.036949819	0.0888790091040482	-1.605615972869595e-05
723.246391946	0.08896003747815945	-1.6019398860055156e-05
724.455834073	0.08904089845605023	-1.5982395867100707e-05
725.6652762	0.08912159265865152	-1.594513815266624e-05
726.8747183270001	0.08920212072635705	-1.590761423361786e-05
728.0841604540001	0.08928248331753133	-1.5869813759485096e-05
729.2936025810001	0.08936268110701276	-1.583172752795542e-05
730.5030447080001	0.08944271478459351	-1.579334749575445e-05
731.712486835	0.08952258505349531	-1.5754666789609406e-05
732.921928962	0.08960229262884031	-1.5715679711515718e-05
734.131371089	0.0896818382361213	-1.5676381740409306e-05
735.340813216	0.08976122260967309	-1.563676953079962e-05
736.550255343	0.08984044649115416	-1.5596840906219323e-05
737.7596974700001	0.08991951062804529	-1.5556594851626193e-05
738.9691395970001	0.08999841577215732	-1.5516031500961702e-05
740.1785817240001	0.0900771626781639	-1.5475152122010338e-05
741.3880238510001	0.09015575210215998	-1.5433959093660854e-05
742.5974659780001	0.09023418480024113	-1.5392455886449607e-05
743.806908105	0.09031246152712558	-1.5350647031932285e-05
745.016350232	0.09039058303479719	-1.5308538096683866e-05
746.225792359	0.09046855007120003	-1.5266135643704493e-05
747.435234486	0.09054636337896665	-1.5223447198654816e-05
748.644676613	0.0906240236941879	-1.518048120784099e-05
749.8541187400001	0.0907015317452369	-1.5137246999821774e-05
751.0635608670001	0.0907788882516346	-1.5093754732305176e-05
752.2730029940001	0.09085609392297159	-1.5050015346095014e-05
753.4824451210001	0.0909331494578797	-1.5006040517011321e-05
754.6918872480001	0.09101005554306395	-1.4961842598103237e-05
755.901329375	0.09108681285238188	-1.4917434564651333e-05
757.110771502	0.09116342204598943	-1.4872829959503009e-05
758.320213629	0.09123988376954788	-1.4828042830664079e-05
759.529655756	0.09131619865348356	-1.4783087673005124e-05
760.739097883	0.09139236731231307	-1.4737979366380438e-05
761.9485400100001	0.09146839034403223	-1.4692733112275924e-05
763.1579821370001	0.09154426832956505	-1.4647364371497829e-05
764.3674242640001	0.09162000183227613	-1.4601888805670926e-05
765.5768663910001	0.09169559139754908	-1.455632220880021e-05
766.786308518	0.09177103755242128	-1.4510680448852342e-05
767.995750645	0.09184634080528459	-1.4464979406311751e-05
769.205192772	0.09192150164565437	-1.4419234911772216e-05
770.414634899	0.09199652054398501	-1.4373462690377148e-05
771.624077026	0.09207139795155814	-1.4327678302464286e-05
772.833519153	0.09214613430042676	-1.4281897088769258e-05
774.0429612800001	0.09222073000341396	-1.4236134118987553e-05
775.2524034070001	0.09229518545416945	-1.4190404140371204e-05
776.4618455340001	0.09236950102728807	-1.4144721528157322e-05
777.6712876610001	0.09244367707847144	-1.4099100243566975e-05
778.880729788	0.09251771394474524	-1.4053553787404804e-05
780.090171915	0.0925916119447278	-1.4008095165551904e-05
781.299614042	0.09266537137894883	-1.3962736852862756e-05
782.509056169	0.09273899253020482	-1.391749075861648e-05
783.718498296	0.0928124756639636	-1.3872368200065766e-05
784.9279404230001	0.09288582102881296	-1.382737987631194e-05
786.1373825500001	0.09295902885694073	-1.3782535848626265e-05
787.3468246770001	0.09303209936465262	-1.3737845520105096e-05
788.5562668040001	0.09310503275293333	-1.369331762506032e-05
789.7657089310001	0.09317782920802162	-1.364896021576606e-05
790.975151058	0.09325048890202842	-1.3604780656338578e-05
792.184593185	0.09332301199357773	-1.3560785621834215e-05
793.394035312	0.09339539862846347	-1.3516981094696678e-05
794.603477439	0.09346764894033402	-1.3473372369732228e-05
795.812919566	0.09353976305139819	-1.3429964064025357e-05
797.0223616930001	0.09361174107313432	-1.3386760119964147e-05
798.2318038200001	0.09368358310702483	-1.3343763822393218e-05
799.4412459470001	0.09375528924529594	-1.3300977814767467e-05
800.6506880740001	0.09382685957166229	-1.3258404113092315e-05
801.8601302010001	0.09389829416208381	-1.3216044126844462e-05
803.069572328	0.09396959308551997	-1.3173898684361307e-05
804.279014455	0.09404075640468651	-1.3131968054885812e-05
805.488456582	0.09411178417681121	-1.309025197077096e-05
806.697898709	0.09418267645438505	-1.3048749662063208e-05
807.907340836	0.09425343328590552	-1.3007459881031469e-05
809.1167829630001	0.09432405471661803	-1.296638093082475e-05
810.3262250900001	0.09439454078923651	-1.2925510698903742e-05
811.5356672170001	0.09446489154466078	-1.288484668680867e-05
812.7451093440001	0.09453510702267984	-1.2844386043889267e-05
813.9545514710001	0.0946051872626501	-1.2804125596073412e-05
815.163993598	0.09467513230417046	-1.2764061881775923e-05
816.373435725	0.09474494218772597	-1.272419118399093e-05
817.582877852	0.09481461695531922	-1.268450955793643e-05
818.792319979	0.09488415665107425	-1.2645012868059413e-05
820.001762106	0.09495356132182362	-1.2605696817706569e-05
821.2112042330001	0.09502283101766396	-1.2566556978323151e-05
822.4206463600001	0.09509196579249538	-1.252758882007432e-05
823.6300884870001	0.09516096570452788	-1.2488787741897489e-05
824.8395306140001	0.09522983081676159	-1.2450149098397478e-05
826.0489727410001	0.09529856119744241	-1.2411668226887385e-05
827.258414868	0.09536715692049129	-1.2373340473645356e-05
828.467856995	0.09543561806589278	-1.2335161217902346e-05
829.677299122	0.09550394472007029	-1.229712589616988e-05
830.886741249	0.09557213697622324	-1.2259230025485346e-05
832.0961833760001	0.09564019493463083	-1.2221469219066139e-05
833.3056255030001	0.0957081187029363	-1.2183839211532543e-05
834.5150676300001	0.09577590839639186	-1.2146335873423897e-05
835.7245097570001	0.09584356413807796	-1.2108955229760132e-05
836.9339518840001	0.09591108605909114	-1.2071693474738354e-05
838.143394011	0.09597847429870256	-1.2034546984451833e-05
839.352836138	0.09604572900448857	-1.1997512331406168e-05
840.562278265	0.09611285033243114	-1.196058629469171e-05
841.771720392	0.09617983844698522	-1.1923765868393499e-05
842.981162519	0.0962466935211255	-1.1887048272901657e-05
844.1906046460001	0.09631341573636432	-1.1850430959990665e-05
845.4000467730001	0.09638000528273302	-1.1813911619938666e-05
846.6094889000001	0.0964464623587511	-1.1777488185274465e-05
847.8189310270001	0.09651278717136039	-1.1741158835447407e-05
849.0283731540001	0.09657897993583484	-1.1704921998902107e-05
850.237815281	0.09664504087567713	-1.1668776356790755e-05
851.447257408	0.09671097022247106	-1.1632720838455901e-05
852.656699535	0.09677676821573594	-1.1596754625704808e-05
853.866141662	0.09684243510274304	-1.15608771501588e-05
855.075583789	0.0969079711383192	-1.152508808952013e-05
856.2850259160001	0.0969733765846319	-1.1489387365525017e-05
857.4944680430001	0.09703865171095007	-1.145377513945417e-05
858.7039101700001	0.09710379679339551	-1.1418251808802127e-05
859.9133522970001	0.09716881211467923	-1.138281799906854e-05
861.1227944240001	0.09723369796381529	-1.1347474562134474e-05
862.332236551	0.0972984546358249	-1.131222256597203e-05
863.541678678	0.09736308243143282	-1.127706328818423e-05
864.751120805	0.09742758165675265	-1.124199820842775e-05
865.960562932	0.09749195262295078	-1.1207029000329105e-05
867.170005059	0.09755619564591458	-1.1172157522547355e-05
868.3794471860001	0.0976203110459109	-1.1137385808740463e-05
869.5888893130001	0.09768429914723385	-1.1102716058065953e-05
870.7983314400001	0.09774816027784801	-1.1068150626861173e-05
872.0077735670001	0.09781189476903476	-1.1033692014918162e-05
873.2172156940001	0.09787550295502535	-1.0999342856955752e-05
874.426657821	0.09793898517264163	-1.0965105909463424e-05
875.636099948	0.09800234176092967	-1.0930984043741598e-05
876.845542075	0.09806557306079976	-1.0896980226764164e-05
878.054984202	0.09812867941466044	-1.0863097515183273e-05
879.2644263290001	0.09819166116606301	-1.0829339040049901e-05
880.4738684560001	0.09825451865934358	-1.0795707993130343e-05
881.6833105830001	0.09831725223927344	-1.0762207616990538e-05
882.8927527100001	0.09837986225071241	-1.072884118896028e-05
884.1021948370001	0.0984423490382694	-1.0695612009045674e-05
885.3116369640001	0.09850471294597324	-1.0662523385170097e-05
886.521079091	0.09856695431694287	-1.0629578621017266e-05
887.730521218	0.09862907349307481	-1.0596780998434197e-05
888.939963345	0.09869107081474032	-1.0564133766891026e-05
890.149405472	0.09875294662047988	-1.0531640126383579e-05
891.3588475990001	0.0988147012467252	-1.0499303211307376e-05
892.5682897260001	0.09887633502752372	-1.046712607944561e-05
893.7777318530001	0.09893784829426922	-1.0435111692581878e-05
894.9871739800001	0.09899924137546091	-1.0403262902379529e-05
896.1966161070001	0.09906051459645554	-1.0371582436531634e-05
897.406058234	0.09912166827925184	-1.0340072881385998e-05
898.615500361	0.09918270274226762	-1.0308736665000373e-05
899.824942488	0.09924361830014902	-1.0277576044354086e-05
901.034384615	0.09930441526358072	-1.0246593087168132e-05
902.243826742	0.09936509393911691	-1.0215789657097574e-05
903.4532688690001	0.09942565462902467	-1.0185167399083539e-05
904.6627109960001	0.09948609763113833	-1.0154727722859469e-05
905.8721531230001	0.09954642323873208	-1.0124471788670875e-05
907.0815952500001	0.0996066317404018	-1.009440049438981e-05
908.2910373770001	0.09966672341996757	-1.006451446274037e-05
909.500479504	0.09972669855638007	-1.0034814025776384e-05
910.709921631	0.09978655742365405	-1.0005299216263308e-05
911.919363758	0.09984630029080244	-9.97596975919196e-06
913.128805885	0.0999059274217882	-9.946825059316267e-06
914.338248012	0.09996543907549504	-9.91786419976548e-06
915.5476901390001	0.10002483550570415	-9.889085936042041e-06
916.7571322660001	0.10008411696108623	-9.860488698672232e-06
917.9665743930001	0.10014328368520292	-9.83207058748159e-06
919.1760165200001	0.10020233591652777	-9.803829384841256e-06
920.3854586470001	0.10026127388847178	-9.775762561038681e-06
921.594900774	0.10032009782942401	-9.747867288238676e-06
922.804342901	0.10037880796280366	-9.720140458635562e-06
924.013785028	0.10043740450712374	-9.692578706255173e-06
925.223227155	0.10049588767606485	-9.665178433176935e-06
926.432669282	0.10055425767856446	-9.637935847392476e-06
927.6421114090001	0.10061251471890881	-9.6108469974307e-06
928.8515535360001	0.10067065899684477	-9.583907814379733e-06
930.0609956630001	0.10072869070769827	-9.5571141670997e-06
931.2704377900001	0.10078661004250299	-9.530461913598298e-06
932.4798799170001	0.1008444171881406	-9.503946963355936e-06
933.689322044	0.10090211232749358	-9.477565343182781e-06
934.898764171	0.10095969563960747	-9.451313266309325e-06
936.108206298	0.10101716729985877	-9.425187209838315e-06
937.317648425	0.10107452748014316	-9.399183994486526e-06
938.5270905520001	0.10113177634906435	-9.373300863022016e-06
939.7365326790001	0.10118891407213802	-9.347535566993359e-06
940.9459748060001	0.10124594081200644	-9.321886453299288e-06
942.1554169330001	0.10130285672865533	-9.296352546740716e-06
943.3648590600001	0.10135966197964237	-9.270933637277323e-06
944.5743011870001	0.1014163567203421	-9.245630361413848e-06
945.783743314	0.10147294110418924	-9.220444287132146e-06
946.993185441	0.1015294152829273	-9.195377985542208e-06
948.202627568	0.10158577940687011	-9.170435103122987e-06
949.412069695	0.10164203362516391	-9.14562042637207e-06
950.6215118220001	0.10169817808605207	-9.120939938753181e-06
951.8309539490001	0.10175421293715009	-9.09640086901864e-06
953.0403960760001	0.10181013832571262	-9.072011728471219e-06
954.2498382030001	0.1018659543989054	-9.047782340759758e-06
955.4592803300001	0.10192166130407768	-9.023723857637389e-06
956.6687224570001	0.10197725918902878	-8.999848764491836e-06
957.878164584	0.10203274820226957	-8.976170872733447e-06
959.087606711	0.10208812849328835	-8.952705300227515e-06
960.297048838	0.10214340021279601	-8.929468439826393e-06
961.506490965	0.10219856351297135	-8.906477911893584e-06
962.7159330920001	0.10225361854769568	-8.883752506308462e-06
963.9253752190001	0.10230856547277489	-8.861312111127506e-06
965.1348173460001	0.1023634044461525	-8.839177631170259e-06
966.3442594730001	0.10241813562810428	-8.817370894628751e-06
967.5537016000001	0.10247275918142046	-8.795914548109796e-06
968.763143727	0.10252727527157351	-8.774831940928929e-06
969.972585854	0.10258168406686982	-8.754147004873258e-06
971.182027981	0.10263598573857811	-8.73388411953141e-06
972.391470108	0.10269018046105174	-8.714067981113738e-06
973.600912235	0.10274426841181891	-8.69472345700617e-06
974.8103543620001	0.10279824977166378	-8.675875440587733e-06
976.0197964890001	0.10285212472468296	-8.657548704438245e-06
977.2292386160001	0.10290589345833101	-8.639767749216154e-06
978.4386807430001	0.10295955616343275	-8.622556657116032e-06
979.6481228700001	0.1030131130341933	-8.605938943404001e-06
980.857564997	0.10306656426817795	-8.589937409257675e-06
982.067007124	0.10311991006627959	-8.574574007644276e-06
983.276449251	0.10317315063266805	-8.55986970602074e-06
984.485891378	0.10322628617472256	-8.545844353363696e-06
985.6953335050001	0.10327931690294655	-8.532516567315296e-06
986.9047756320001	0.10333224303087388	-8.51990361793592e-06
988.1142177590001	0.10338506477495583	-8.508021322857495e-06
989.3236598860001	0.1034377823544319	-8.496883958063195e-06
990.5331020130001	0.10349039599120141	-8.486504174488874e-06
991.7425441400001	0.10354290590967463	-8.476892925553259e-06
992.951986267	0.10359531233661526	-8.46805940562384e-06
994.161428394	0.10364761550097702	-8.460011007425938e-06
995.370870521	0.10369981563373781	-8.45275327834849e-06
996.580312648	0.10375191296771795	-8.446289900765347e-06
997.7897547750001	0.10380390773740453	-8.440622676700316e-06
998.9991969020001	0.10385580017876397	-8.435751526036928e-06
1000.2086390290001	0.10390759052905582	-8.431674497023922e-06
1001.4180811560001	0.10395927902664928	-8.428387783122882e-06
1002.6275232830001	0.10401086591083364	-8.425885756148388e-06
1003.8369654100001	0.10406235142162769	-8.424161007082598e-06
1005.046407537	0.10411373579960048	-8.423204390789474e-06
1006.255849664	0.10416501928568808	-8.423005084620683e-06
1007.465291791	0.10421620212101144	-8.423550655507761e-06
1008.674733918	0.10426728454670356	-8.424827128823698e-06
1009.8841760450001	0.10431826680373976	-8.426819068214908e-06
1011.0936181720001	0.1043691491327704	-8.429509657459366e-06
1012.3030602990001	0.10441993177396389	-8.43288078820198e-06
1013.5125024260001	0.10447061496685092	-8.43691315096512e-06
1014.7219445530001	0.10452119895017878	-8.441586331994766e-06
1015.9313866800001	0.10457168396177388	-8.446878903854704e-06
1017.140828807	0.1046220702384047	-8.45276853154997e-06
1018.350270934	0.10467235801565697	-8.459232064057798e-06
1019.559713061	0.10472254752781843	-8.4662456352122e-06
1020.769155188	0.10477263900776394	-8.473784766711845e-06
1021.9785973150001	0.10482263268685385	-8.48182445695872e-06
1023.1880394420001	0.10487252879483734	-8.490339284836224e-06
1024.397481569	0.1049223275597636	-8.499303496473098e-06
1025.606923696	0.10497202920790166	-8.508691100791999e-06
1026.816365823	0.10502163396366225	-8.518475956620364e-06
1028.0258079500002	0.10507114204953477	-8.528631857303293e-06
1029.235250077	0.10512055368602383	-8.539132608370581e-06
1030.4446922040001	0.10516986909159869	-8.549952112656134e-06
1031.654134331	0.10521908848264411	-8.561064437563604e-06
1032.8635764580001	0.10526821207341835	-8.572443892018722e-06
1034.073018585	0.10531724007602217	-8.58406508569276e-06
1035.282460712	0.10536617270036736	-8.595902990939097e-06
1036.491902839	0.1054150101541533	-8.607933007442892e-06
1037.701344966	0.10546375264285443	-8.620131009842713e-06
1038.9107870930002	0.10551240036970398	-8.632473398162421e-06
1040.12022922	0.10556095353568978	-8.644937147708753e-06
1041.3296713470002	0.10560941233955165	-8.657499845805827e-06
1042.539113474	0.1056577769777862	-8.670139733019111e-06
1043.7485556010001	0.10570604764465194	-8.682835739286243e-06
1044.957997728	0.10575422453218739	-8.695567514441227e-06
1046.167439855	0.1058023078302238	-8.70831545412426e-06
1047.376881982	0.10585029772640879	-8.721060728175689e-06
1048.586324109	0.10589819440622897	-8.733785304158859e-06
1049.795766236	0.10594599805304508	-8.746471964346525e-06
1051.005208363	0.10599370884811857	-8.759104325566092e-06
1052.2146504900002	0.10604132697065378	-8.77166684980224e-06
1053.424092617	0.10608885259783617	-8.784144862605814e-06
1054.6335347440001	0.10613628590487707	-8.796524558075947e-06
1055.842976871	0.10618362706506132	-8.808793011814975e-06
1057.0524189980001	0.10623087624979755	-8.820938185084837e-06
1058.261861125	0.10627803362867029	-8.832948928796935e-06
1059.471303252	0.10632509936950088	-8.844814988369365e-06
1060.680745379	0.10637207363840097	-8.856527004601211e-06
1061.890187506	0.10641895659983804	-8.868076512832945e-06
1063.0996296330002	0.10646574841669912	-8.879455940788428e-06
1064.30907176	0.1065124492503571	-8.890658606861002e-06
1065.5185138870002	0.10655905926073836	-8.901678714354211e-06
1066.727956014	0.10660557860639464	-8.912511344119634e-06
1067.9373981410001	0.10665200744457633	-8.923152449387406e-06
1069.146840268	0.10669834593130523	-8.93359884474726e-06
1070.356282395	0.10674459422144765	-8.943848196663051e-06
1071.565724522	0.10679075246879549	-8.953899009803146e-06
1072.775166649	0.10683682082613861	-8.96375061393978e-06
1073.9846087760002	0.10688279944534812	-8.97340315238887e-06
1075.194050903	0.10692868847744971	-8.982857560048407e-06
1076.4034930300002	0.10697448807270579	-8.992115549930069e-06
1077.612935157	0.10702019838069513	-9.001179593425002e-06
1078.8223772840001	0.107065819550389	-9.010052895629117e-06
1080.031819411	0.10711135173022948	-9.01873937966119e-06
1081.2412615380001	0.10715679506820788	-9.027243658067674e-06
1082.450703665	0.10720214971194351	-9.035571009112509e-06
1083.660145792	0.10724741580875542	-9.043727352706088e-06
1084.869587919	0.10729259350573722	-9.0517192200823e-06
1086.079030046	0.10733768294983405	-9.059553726091518e-06
1087.2884721730002	0.10738268428790423	-9.067238538731925e-06
1088.4979143	0.10742759766679803	-9.074781849735536e-06
1089.7073564270001	0.10747242323341982	-9.082192340609252e-06
1090.916798554	0.10751716113479046	-9.089479148911839e-06
1092.1262406810001	0.10756181151810855	-9.096651835419078e-06
1093.335682808	0.10760637453081291	-9.103720350366051e-06
1094.545124935	0.10765085032063618	-9.11069499527628e-06
1095.754567062	0.10769523903565409	-9.117586388385224e-06
1096.964009189	0.10773954082434073	-9.12440542638615e-06
1098.1734513160002	0.10778375583561053	-9.131163252178165e-06
1099.382893443	0.1078278842188651	-9.137871212434867e-06
1100.5923355700002	0.1078719261240259	-9.14454082231314e-06
1101.801777697	0.10791588170157154	-9.15118372858681e-06
1103.0112198240001	0.107959751102575	-9.157811671552107e-06
1104.220661951	0.10800353447872615	-9.164436450811997e-06
1105.430104078	0.10804723198235755	-9.171069885828553e-06
1106.639546205	0.10809084376646677	-9.177723782914649e-06
1107.848988332	0.1081343699847306	-9.18440989595981e-06
1109.058430459	0.10817781079151967	-9.191139897717082e-06
1110.267872586	0.10822116634190769	-9.197925342763202e-06
1111.4773147130002	0.1082644367916804	-9.204777635961336e-06
1112.68675684	0.10830762229732836	-9.21170799911275e-06
1113.8961989670001	0.10835072301606241	-9.21872744536617e-06
1115.105641094	0.10839373910579395	-9.225846748096844e-06
1116.3150832210001	0.10843667072513312	-9.233076411915841e-06
1117.524525348	0.10847951803338066	-9.240426647426359e-06
1118.733967475	0.1085222811905103	-9.247907349893558e-06
1119.943409602	0.10856496035715343	-9.255528071287766e-06
1121.152851729	0.10860755569457828	-9.26329800323561e-06
1122.3622938560002	0.10865006736467048	-9.271225957091511e-06
1123.571735983	0.10869249552990702	-9.279320343981434e-06
1124.7811781100002	0.10873484035333007	-9.287589158323006e-06
1125.990620237	0.10877710199851276	-9.296039968187397e-06
1127.2000623640001	0.10881928062953686	-9.304679897709223e-06
1128.409504491	0.10886137641095489	-9.313515619037427e-06
1129.618946618	0.10890338950775595	-9.322553341295503e-06
1130.828388745	0.10894532008533339	-9.33179880620999e-06
1132.037830872	0.10898716830943961	-9.341257280852389e-06
1133.2472729990002	0.10902893434615499	-9.350933551928453e-06
1134.456715126	0.10907061836184825	-9.36083192659698e-06
1135.6661572530002	0.10911222052312994	-9.370956232337968e-06
1136.87559938	0.10915374099681935	-9.381309814739114e-06
1138.0850415070001	0.10919517994989539	-9.391895542283646e-06
1139.294483634	0.10923653754946276	-9.402715810097328e-06
1140.5039257610001	0.1092778139627043	-9.413772544243637e-06
1141.713367888	0.10931900935684266	-9.42506721011982e-06
1142.922810015	0.10936012389909498	-9.436600821553787e-06
1144.132252142	0.10940115775663362	-9.448373946577271e-06
1145.341694269	0.10944211109654463	-9.460386717966007e-06
1146.5511363960002	0.1094829840857858	-9.472638852509041e-06
1147.760578523	0.10952377689114737	-9.485129653485913e-06
1148.9700206500002	0.10956448967921018	-9.497858029207384e-06
1150.179462777	0.10960512261631257	-9.51082250880142e-06
1151.3889049040001	0.10964567586850645	-9.524021253981552e-06
1152.598347031	0.10968614960152334	-9.537452076706365e-06
1153.807789158	0.1097265439807368	-9.551112455027932e-06
1155.017231285	0.10976685917113127	-9.564999552715003e-06
1156.226673412	0.10980709533726493	-9.579110233082222e-06
1157.4361155390002	0.10984725264323855	-9.593441081465204e-06
1158.645557666	0.10988733125266696	-9.607988420784475e-06
1159.8549997930002	0.10992733132864672	-9.622748330849473e-06
1161.06444192	0.10996725303373378	-9.637716668418894e-06
1162.2738840470001	0.11000709652990687	-9.652889083784644e-06
1163.483326174	0.11004686197855276	-9.668261042747317e-06
1164.6927683010001	0.11008654954043978	-9.683827848397386e-06
1165.902210428	0.11012615937569376	-9.699584654687676e-06
1167.111652555	0.11016569164378193	-9.715526488658643e-06
1168.321094682	0.11020514650349264	-9.731648270429327e-06
1169.530536809	0.11024452411291931	-9.747944829656408e-06
1170.7399789360002	0.11028382462944702	-9.764410928488065e-06
1171.949421063	0.11032304820973549	-9.78104127506707e-06
1173.1588631900001	0.11036219500971042	-9.797830546463826e-06
1174.368305317	0.11040126518455562	-9.814773402366805e-06
1175.5777474440001	0.1104402588887003	-9.83186450492085e-06
1176.787189571	0.11047917627581282	-9.849098535026635e-06
1177.996631698	0.1105180174988025	-9.866470209000944e-06
1179.206073825	0.11055678270980888	-9.883974294584708e-06
1180.415515952	0.11059547206020132	-9.901605626222443e-06
1181.6249580790002	0.11063408570058442	-9.919359119280047e-06
1182.834400206	0.11067262378079204	-9.937229785365875e-06
1184.0438423330002	0.11071108644989659	-9.955212743786856e-06
1185.25328446	0.11074947385620629	-9.97330323711243e-06
1186.4627265870001	0.11078778614728113	-9.991496643928233e-06
1187.672168714	0.11082602346992887	-1.0009788483748838e-05
1188.881610841	0.11086418597022199	-1.0028174436398085e-05
1190.091052968	0.11090227379350254	-1.0046650346005881e-05
1191.300495095	0.11094028708439566	-1.0065212233900667e-05
1192.5099372220002	0.11097822598682028	-1.0083856304035632e-05
1193.719379349	0.1110160906440035	-1.0102578953077868e-05
1194.9288214760002	0.1110538811984933	-1.0121376775924784e-05
1196.138263603	0.11109159779217695	-1.0140246573052403e-05
1197.3477057300001	0.11112924056629245	-1.0159185354088884e-05
1198.557147857	0.11116680966145293	-1.0178190343830551e-05
1199.7665899840001	0.11120430521765767	-1.0197258985523983e-05
1200.976032111	0.11124172737431118	-1.0216388944786492e-05
1202.185474238	0.11127907627024641	-1.0235578111056354e-05
1203.394916365	0.11131635204374438	-1.0254824598140977e-05
1204.604358492	0.11135355483255106	-1.0274126745084267e-05
1205.8138006190002	0.11139068477389827	-1.0293483120468738e-05
1207.023242746	0.11142774200453293	-1.0312892515032535e-05
1208.2326848730002	0.11146472666072954	-1.0332353945145811e-05
1209.442127	0.11150163887831568	-1.0351866647252683e-05
