0.0	0.0	0.0
1.209442127	2.0759204398325e-07	1.3885877397226583e-10
2.418884254	8.21139258250326e-07	1.3750560851757691e-11
3.6283263810000004	1.8194823184072625e-06	-9.62811962691441e-11
4.837768508	3.167550745164671e-06	-2.0428653638117686e-10
6.047210635000001	4.818263626792534e-06	-2.873218991964995e-10
7.256652762000001	6.71446184561693e-06	-3.349812564125101e-10
8.466094889	8.790978457410112e-06	-4.087904923522404e-10
9.675537016	1.0977421148441743e-05	-4.799736047318899e-10
10.884979143	1.3200901874307232e-05	-5.578610157539355e-10
12.094421270000002	1.5388999974670602e-05	-6.229615147540014e-10
13.303863397	1.747298715504183e-05	-6.608818782924072e-10
14.513305524000002	1.93909263944205e-05	-6.605867131515702e-10
15.722747651	2.1090750397326392e-05	-6.186295489071726e-10
16.932189778	2.25332236340483e-05	-5.827400580820112e-10
18.141631905	2.3694697917728296e-05	-7.352860063808496e-10
19.351074032	2.456957883361483e-05	-1.2999046589246785e-09
20.560516159000002	2.5172309230260764e-05	-1.4846685112840984e-09
21.769958286	2.553984811533034e-05	-1.2713072875925545e-09
22.979400413	2.5732996412025443e-05	-4.648424497596525e-10
24.188842540000003	2.5836304966651082e-05	9.572469264395255e-10
25.398284667000002	2.5958925065399117e-05	2.886013165695299e-09
26.607726794	2.6234612158568553e-05	5.248122820335568e-09
27.817168921	2.6821212611774574e-05	8.069064120135938e-09
29.026611048000003	2.7899574453420147e-05	1.156379096261585e-08
30.236053175000002	2.9672020668745615e-05	1.624908281390539e-08
31.445495302	3.2360482442262865e-05	2.3084803974528212e-08
32.654937429	3.620438452447721e-05	3.369631693045719e-08
33.864379556	4.145838632722537e-05	5.064005596835784e-08
35.073821683000006	4.8390098691100176e-05	7.761234070501367e-08
36.28326381	5.727775040835913e-05	1.1932859859244496e-07
37.492705937000004	6.840751740397888e-05	1.8061220487275673e-07
38.702148064	8.206999565753956e-05	2.643258114041701e-07
39.911590191	9.855523236189238e-05	3.6865531342199643e-07
41.121032318000005	0.00011814546999254532	4.859435927277026e-07
42.330474445	0.00014110633048636739	6.044425636769589e-07
43.539916572	0.00016768262371639084	7.110924400694207e-07
44.749358699000005	0.00019810033748573314	7.946518873429677e-07
45.958800826	0.00023256872688968064	8.484003321883955e-07
47.168242953000004	0.00027128025083750955	8.708849646757422e-07
48.377685080000006	0.0003144090424593403	8.649425536652144e-07
49.587127207	0.0003621087225891346	8.360941057742699e-07
50.796569334000004	0.00041451024049625603	7.910477982326161e-07
52.00601146100001	0.0004717201999670444	7.365460958929401e-07
53.215453588	0.0005338198234615474	6.785680575994632e-07
54.424895715000005	0.0006008645192989295	6.21847197547216e-07
55.634337842	0.0006728839676293985	5.696223713373694e-07
56.843779969	0.0007498827205306624	5.235017300604335e-07
58.053222096000006	0.0008318414648270775	4.834201813984796e-07
59.262664223	0.0009187190898133737	4.4789549310890985e-07
60.472106350000004	0.001010455266859838	4.1477228544751967e-07
61.68154847700001	0.0011069726522027889	3.8221327943810737e-07
62.890990604	0.0012081781552876372	3.4939408651279156e-07
64.100432731	0.0013139641771515345	3.1662665440776927e-07
65.309874858	0.0014242110283965545	2.8512923127221e-07
66.519316985	0.0015387902918072769	2.5676584549804045e-07
67.728759112	0.0016575682236710356	2.3385095167607634e-07
68.93820123900001	0.001780408818358526	2.1898762366347798e-07
70.14764336600001	0.001907176578787203	2.149111475318894e-07
71.357085493	0.0020377390804197817	2.2432911548784986e-07
72.56652762	0.0021719693979923706	2.497697820225391e-07
73.775969747	0.002309748431343377	2.9342519493818315e-07
74.98541187400001	0.002450967029599902	3.5690613541672226e-07
76.19485400100001	0.0025955277568788177	4.4089660255033133e-07
77.404296128	0.002743346232931994	5.448079489963351e-07
78.613738255	0.0028943519399304333	6.66489103990297e-07
79.823180382	0.0030484882781175583	8.018429876293894e-07
81.032622509	0.003205712045611126	9.439312194903476e-07
82.24206463600001	0.003365993565709792	1.0815940167260786e-06
83.45150676300001	0.003529318320623031	1.1987575776865075e-06
84.66094889	0.00369568889776301	1.2751507108060215e-06
85.870391017	0.0038651263629573907	1.2877245975703028e-06
87.079833144	0.004037671604758117	1.2120256828151898e-06
88.28927527100001	0.004213386842480444	1.023158145466161e-06
89.49871739800001	0.004392356875161078	6.960425406761901e-07
90.708159525	0.004574689847665428	2.0481156742335836e-07
91.917601652	0.004760517818132293	-4.784768156761263e-07
93.127043779	0.004949997653118562	-1.3852127138482863e-06
94.33648590600001	0.005143312586384264	-2.550763414441886e-06
95.54592803300001	0.005340674268286598	-4.01306049070487e-06
96.75537016000001	0.005542324420327396	-5.808159095889995e-06
97.964812287	0.005748534231437341	-7.961910117922609e-06
99.174254414	0.005959598337345972	-1.0477562602258185e-05
100.383696541	0.006175819335277407	-1.3320894831141193e-05
101.59313866800001	0.006397480735688188	-1.6408162201812728e-05
102.80258079500001	0.006624813692600024	-1.9606553693739975e-05
104.01202292200001	0.006857971938205334	-2.2755873473735678e-05
105.221465049	0.007097027121820407	-2.5707819402331715e-05
106.430907176	0.007341979932671965	-2.8363544958362832e-05
107.64034930300001	0.007592772320442167	-3.068937930559776e-05
108.84979143000001	0.007849296391389315	-3.2706671113072634e-05
110.05923355700001	0.0081114062604847	-3.446756697583265e-05
111.268675684	0.0083789341945521	-3.603161795785086e-05
112.478117811	0.008651704338770928	-3.745108145286873e-05
113.687559938	0.008929538659761812	-3.876503681797799e-05
114.89700206500001	0.009212255700430765	-3.9999119342491165e-05
116.10644419200001	0.009499665796713096	-4.116781933605055e-05
117.31588631900001	0.00979156589849255	-4.227743677653992e-05
118.525328446	0.010087735533900175	-4.3328746642594786e-05
119.734770573	0.010387934280214256	-4.431903251516777e-05
120.94421270000001	0.010691900579901811	-4.524348241832657e-05
122.15365482700001	0.010999351610757728	-4.6096110819995786e-05
123.36309695400001	0.011309983929741897	-4.6870428460786236e-05
124.572539081	0.01162347463144003	-4.7560046701651103e-05
125.781981208	0.011939482782193391	-4.8159297592710766e-05
126.99142333500001	0.012257650952742043	-4.8663829256545815e-05
128.200865462	0.012577606787996992	-4.907106451822142e-05
129.410307589	0.012898964671749554	-4.9380419316832035e-05
130.619749716	0.013221327600397497	-4.9593245651672734e-05
131.82919184300002	0.013544289349996418	-4.971254381216971e-05
133.03863397	0.013867436935937125	-4.974253832167237e-05
134.24807609700002	0.014190353276858598	-4.968821741111341e-05
135.457518224	0.014512619920341637	-4.955491180247732e-05
136.666960351	0.014833819676577879	-4.93479591554013e-05
137.87640247800002	0.015153539034790562	-4.907247849269712e-05
139.085844605	0.015471370301749126	-4.873326202195407e-05
140.29528673200002	0.015786913484604505	-4.8334773492815074e-05
141.504728859	0.016099778001370305	-4.788122308471178e-05
142.714170986	0.01640958430772651	-4.737667694773703e-05
143.92361311300002	0.0167159654872317	-4.6825161952397144e-05
145.13305524	0.017018568804262946	-4.6230741081675596e-05
146.34249736700002	0.017317057194668882	-4.5597553009892305e-05
147.551939494	0.017611110668329627	-4.4929822260508356e-05
148.761381621	0.01790042760645624	-4.423185121851282e-05
149.97082374800002	0.018184725943568	-4.35080039861784e-05
151.180265875	0.018463744226282615	-4.2762687769301155e-05
152.38970800200002	0.018737242539625006	-4.200033296358633e-05
153.599150129	0.019005003289571373	-4.1225370308533606e-05
154.808592256	0.019266831830969312	-4.0442203119426135e-05
156.018034383	0.019522556934166126	-3.965517419468167e-05
157.22747651	0.019772031090822012	-3.8868529278669565e-05
158.43691863700002	0.020015130667151763	-3.808638047330445e-05
159.646360764	0.020251755918502888	-3.7312672851325286e-05
160.85580289100002	0.020481830880919254	-3.655115585182028e-05
162.065245018	0.020705303153231776	-3.580535907208573e-05
163.274687145	0.020922143579286748	-3.507857116255607e-05
164.48412927200002	0.021132345836829068	-3.437382105088557e-05
165.693571399	0.021335925938790322	-3.369386190888758e-05
166.90301352600002	0.021532921654114433	-3.3041159017773054e-05
168.112455653	0.021723391857568747	-3.241788234246111e-05
169.32189778	0.02190741581993302	-3.1825903090395517e-05
170.53133990700002	0.02208509245010469	-3.1266791239043315e-05
171.740782034	0.022256539497298465	-3.07418090764169e-05
172.95022416100002	0.022421892713528426	-3.0251896376548744e-05
174.159666288	0.022581304966332445	-2.979764822339838e-05
175.369108415	0.02273494528724094	-2.9379295817075213e-05
176.57855054200002	0.022882997851290436	-2.899670671641704e-05
177.787992669	0.023025660903649645	-2.864941535806083e-05
178.99743479600002	0.023163145663760064	-2.8336679042355664e-05
180.206876923	0.023295675232307266	-2.8057542451824513e-05
181.41631905	0.0234234835091051	-2.7810894985738806e-05
182.62576117700002	0.02354681411746587	-2.7595515193567545e-05
183.835203304	0.02366591933001657	-2.7410105028259808e-05
185.04464543100002	0.023781058997713347	-2.7253319131620088e-05
186.254087558	0.023892499491017093	-2.712379282144954e-05
187.46352968500003	0.024000512665417792	-2.7020169888667366e-05
188.67297181200001	0.024105374861057335	-2.6941129295290564e-05
189.882413939	0.024207365939213132	-2.6885408866280172e-05
191.09185606600002	0.02430676835082278	-2.6851824123743685e-05
192.301298193	0.024403866228566516	-2.6839281312050767e-05
193.51074032000002	0.024498944495734025	-2.6846784837478502e-05
194.720182447	0.02459228798987882	-2.687344020127838e-05
195.929624574	0.024684180603563626	-2.6918453784358087e-05
197.13906670100002	0.024774904446520616	-2.6981130623889883e-05
198.348508828	0.024864739033494492	-2.7060870918022353e-05
199.55795095500002	0.024953960500992356	-2.7157165614997286e-05
200.767393082	0.025042840855043755	-2.7269591181284386e-05
201.976835209	0.02513164725126609	-2.739780354445772e-05
203.18627733600002	0.02522064130805645	-2.754153118705773e-05
204.395719463	0.02531007845351213	-2.77005674406295e-05
205.60516159000002	0.025400207306555577	-2.7874762109853304e-05
206.814603717	0.025491269092676672	-2.806401263788505e-05
208.02404584400003	0.025583497094627275	-2.8268255075753618e-05
209.23348797100002	0.02567711613831579	-2.848745511646253e-05
210.442930098	0.02577234211409634	-2.872159941850333e-05
211.65237222500002	0.025869381533575906	-2.8970687363794913e-05
212.861814352	0.025968431122061264	-2.9234723304677815e-05
214.07125647900003	0.026069677446769537	-2.9513709272350162e-05
215.28069860600002	0.026173296580967252	-2.980763806176203e-05
216.490140733	0.026279453804244245	-3.0116486596404833e-05
217.69958286000002	0.0263883033391416	-3.044020950998972e-05
218.909024987	0.0264999881243447	-3.077873293839007e-05
220.11846711400003	0.026614639624579557	-3.113194860998765e-05
221.32790924100001	0.026732377677239648	-3.149970838900451e-05
222.537351368	0.026853310375602825	-3.188181948268927e-05
223.74679349500002	0.026977533988320992	-3.22780405231796e-05
224.956235622	0.027105132914675516	-3.2688078697042273e-05
226.16567774900003	0.027236179674935128	-3.31115880141666e-05
227.375119876	0.02737073493504432	-3.3548168711561646e-05
228.584562003	0.02750884756480848	-3.399736769340092e-05
229.79400413000002	0.027650554728741544	-3.445867985542306e-05
231.003446257	0.027795882008755816	-3.493155010634696e-05
232.21288838400002	0.027944843557909348	-3.541537592019299e-05
233.422330511	0.028097442284435673	-3.590951028807198e-05
234.63177263800003	0.02825367006525801	-3.641326498325312e-05
235.84121476500002	0.02841350798812852	-3.692591408875623e-05
237.050656892	0.02857692662143553	-3.744669776019338e-05
238.26009901900002	0.028743886310594845	-3.797482620503719e-05
239.469541146	0.028914337499806212	-3.850948385120904e-05
240.67898327300003	0.02908822107781451	-3.904983366866382e-05
241.88842540000002	0.029265468746197093	-3.959502159135882e-05
243.097867527	0.02944600340859205	-4.0144180989737724e-05
244.30730965400002	0.02962973957920056	-4.06964371296014e-05
245.516751781	0.029816583808844145	-4.125091157074819e-05
246.72619390800003	0.03000643512682182	-4.180672645928349e-05
247.93563603500002	0.03019918549679375	-4.236300868290261e-05
249.145078162	0.030394720284921007	-4.291889387246506e-05
250.35452028900002	0.030592918738487063	-4.347353023612024e-05
251.563962416	0.030793654473251712	-4.402608222696305e-05
252.77340454300003	0.030996795967792423	-4.457573403895271e-05
253.98284667000001	0.03120220706311179	-4.512169293169853e-05
255.192288797	0.03140974746581454	-4.566319237212391e-05
256.401730924	0.031619273253172986	-4.619949497685575e-05
257.61117305100004	0.031830637378427055	-4.6729895221276144e-05
258.820615178	0.032043690174694245	-4.725372188420923e-05
260.030057305	0.03225827985588459	-4.777034016658667e-05
261.239499432	0.0324742530130532	-4.8279153431496705e-05
262.448941559	0.03269145510464965	-4.877960450265159e-05
263.65838368600004	0.03290973093917065	-4.927117646290856e-05
264.867825813	0.033128925148758384	-4.975339291054051e-05
266.07726794	0.0333488826523588	-5.022581765398715e-05
267.286710067	0.03356944910711207	-5.0688053859247045e-05
268.49615219400005	0.03379047134674461	-5.11397427006427e-05
269.70559432100004	0.034011797805825576	-5.1580561612578346e-05
270.915036448	0.03423327892886255	-5.2010222267270464e-05
272.124478575	0.03445476756332936	-5.242846843197049e-05
273.333920702	0.03467611933583414	-5.283507386066519e-05
274.54336282900005	0.0348971930107386	-5.322984036724293e-05
275.75280495600003	0.035117850830645767	-5.361259619372262e-05
276.962247083	0.035337958838237774	-5.3983194751600766e-05
278.17168921	0.0355573871790309	-5.434151376290143e-05
279.381131337	0.03577601038465235	-5.468745479715077e-05
280.59057346400004	0.03599370763630609	-5.50209431561758e-05
281.80001559100003	0.03621036300813469	-5.534192804797049e-05
283.009457718	0.03642586569023756	-5.5650382969686316e-05
284.218899845	0.03664011019115656	-5.594630623349285e-05
285.428341972	0.03685299651970431	-5.6229721558302345e-05
286.63778409900004	0.037064430346067434	-5.650067867968636e-05
287.84722622600003	0.037274323142190036	-5.675925392426527e-05
289.056668353	0.03748259230151003	-5.700555071444513e-05
290.26611048	0.03768916123818798	-5.723969997904234e-05
291.475552607	0.0378939594660369	-5.746186044561577e-05
292.68499473400004	0.03809692265743066	-5.7672218795191965e-05
293.89443686100003	0.038297992682521	-5.787098967251908e-05
295.103878988	0.03849711762916411	-5.805841553056974e-05
296.313321115	0.038694251803998186	-5.82347663058598e-05
297.522763242	0.0388893557151776	-5.8400338906723984e-05
298.73220536900004	0.03908239603730172	-5.85554565129074e-05
299.94164749600003	0.03927334555912691	-5.8700467671375656e-05
301.151089623	0.03946218311468354	-5.88357451862722e-05
302.36053175	0.039648893498456156	-5.896168479945299e-05
303.569973877	0.039833467365307365	-5.9078703657500925e-05
304.77941600400004	0.0400159011158655	-5.918723857247475e-05
305.98885813100003	0.040196196768101086	-5.92877440763577e-05
307.198300258	0.04037436181585201	-5.938069028657393e-05
308.407742385	0.04055040907505869	-5.946656058763815e-05
309.617184512	0.040724356518494716	-5.954584915218719e-05
310.82662663900004	0.04089622709978334	-5.9619058324298854e-05
312.036068766	0.04106604856749153	-5.9686695882606514e-05
313.245510893	0.04123385327011006	-5.974927221806883e-05
314.45495302	0.04139967795271858	-5.980729745143701e-05
315.664395147	0.041563563546140436	-5.986127852595016e-05
316.87383727400004	0.041725554949385846	-5.991171630074371e-05
318.083279401	0.04188570080617925	-5.9959102684569235e-05
319.292721528	0.04204405327635716	-6.000391783273461e-05
320.502163655	0.04220066780291499	-6.004662744106028e-05
321.71160578200005	0.042355602875465324	-6.0087680161604456e-05
322.92104790900004	0.04250891979086101	-6.012750516482847e-05
324.130490036	0.04266068241171675	-6.016650986680194e-05
325.339932163	0.04281095692355129	-6.020507784540788e-05
326.54937429	0.04295981159124407	-6.0243566959671674e-05
327.75881641700005	0.04310731651549225	-6.028230768375005e-05
328.96825854400004	0.04325354338992896	-6.032160167406854e-05
330.177700671	0.043398565259542374	-6.036172057560796e-05
331.387142798	0.04354245628101776	-6.040290507656511e-05
332.596584925	0.043685291485603094	-6.0445364218977143e-05
333.80602705200005	0.04382714654507716	-6.048927496662797e-05
335.01546917900004	0.04396809754137803	-6.053478203544779e-05
336.224911306	0.044108220740428264	-6.05819979807732e-05
337.434353433	0.044247592370665764	-6.063100353863489e-05
338.64379556	0.044386288406776025	-6.06818482155394e-05
339.85323768700005	0.04452438435908721	-6.073455111506483e-05
341.06267981400003	0.04466195506906827	-6.0789101988992233e-05
342.272121941	0.04479907451135291	-6.08454624980298e-05
343.481564068	0.044935815602671556	-6.0903567665655106e-05
344.691006195	0.045072250018063593	-6.0963327506768916e-05
345.90044832200005	0.04520844801470313	-6.10246288075475e-05
347.10989044900003	0.0453444782636543	-6.108733703898313e-05
348.319332576	0.04548040768983917	-6.115129838076168e-05
349.528774703	0.045616301320478225	-6.121634183098648e-05
350.73821683	0.04575222214223233	-6.1282281382493e-05
351.94765895700004	0.04588823096725428	-6.13489182392981e-05
353.15710108400003	0.04602438630832385	-6.14160430519161e-05
354.366543211	0.04616074426321459	-6.148343815561182e-05
355.575985338	0.046297358408421044	-6.155087978291195e-05
356.785427465	0.04643427970233545	-6.161814023558296e-05
357.99486959200004	0.04657155639794411	-6.168498999811582e-05
359.20431171900003	0.04670923396509019	-6.175119977479618e-05
360.413753846	0.046847355022310806	-6.181654243513426e-05
361.623195973	0.04698595927824332	-6.188079485734861e-05
362.8326381	0.04712508348256285	-6.194373964990042e-05
364.04208022700004	0.04726476138638763	-6.20051667524369e-05
365.25152235400003	0.04740502371207207	-6.20648748974554e-05
366.460964481	0.047545898132266076	-6.212267293173243e-05
367.670406608	0.04768740925811819	-6.217838098968899e-05
368.87984873500005	0.04782957863645813	-6.223183151727284e-05
370.08929086200004	0.047972424755781826	-6.22828701426232e-05
371.29873298900003	0.04811596306084062	-6.23313563978909e-05
372.508175116	0.048260205975610884	-6.23771642823262e-05
373.717617243	0.048405162934404986	-6.242018268347131e-05
374.92705937000005	0.04855084042086817	-6.246031565084256e-05
376.13650149700004	0.048697242014577855	-6.24974825277954e-05
377.34594362400003	0.04884436844496534	-6.253161795307868e-05
378.555385751	0.04899221765223742	-6.256267173148505e-05
379.764827878	0.049140784854990516	-6.259060858853326e-05
380.97427000500005	0.04929006262417186	-6.261540781136998e-05
382.18371213200004	0.04944004096305306	-6.26370627900448e-05
383.393154259	0.049590707392845906	-6.265558046446469e-05
384.602596386	0.049742047043608316	-6.267098069066661e-05
385.812038513	0.04989404275005907	-6.268329553192793e-05
387.02148064000005	0.050046675151920184	-6.269256849029611e-05
388.23092276700004	0.05019992279841029	-6.269885368298186e-05
389.440364894	0.0503537622564891	-6.27022149776342e-05
390.649807021	0.05050816822246618	-6.270272509405726e-05
391.859249148	0.05066311363657798	-6.270046468296632e-05
393.06869127500005	0.05081856980014121	-6.269552139209593e-05
394.27813340200004	0.05097450649488177	-6.268798892343497e-05
395.487575529	0.051130892104055845	-6.267796609606135e-05
396.697017656	0.051287693734966514	-6.266555591986911e-05
397.906459783	0.051444877342495934	-6.265086468446902e-05
399.11590191000005	0.05160240785327072	-6.263400107314222e-05
400.32534403700004	0.05176024929008625	-6.26150753085114e-05
401.534786164	0.05191836489622538	-6.25941983300668e-05
402.744228291	0.05207671725931173	-6.257148101497696e-05
403.953670418	0.05223526843434688	-6.25470334380384e-05
405.16311254500005	0.0523939800655938	-6.252096418259655e-05
406.37255467200004	0.05255281350697831	-6.249337969842922e-05
407.581996799	0.05271172994068274	-6.24643837107107e-05
408.791438926	0.052870690493639697	-6.243407668257879e-05
410.000881053	0.05302965635161887	-6.240255533059014e-05
411.21032318000005	0.053188588870637564	-6.236991219310366e-05
412.41976530700003	0.05334744968542069	-6.233623525162511e-05
413.629207434	0.05350620081466595	-6.2301607606648e-05
414.838649561	0.05366480476287029	-6.22661072033192e-05
416.04809168800006	0.05382322461850225	-6.22298066062614e-05
417.25753381500004	0.05398142414830583	-6.219277282453785e-05
418.46697594200003	0.05413936788755365	-6.21550671806078e-05
419.676418069	0.054297021226068526	-6.211674522454795e-05
420.885860196	0.054454350489856765	-6.20778566890693e-05
422.09530232300006	0.05461132301821	-6.203844548163459e-05
423.30474445000004	0.05476790723615216	-6.199854971424175e-05
424.51418657700003	0.054924072722115275	-6.19582017653171e-05
425.723628704	0.05507979027075922	-6.19174283721987e-05
426.933070831	0.05523503195085089	-6.187625075067087e-05
428.14251295800005	0.055389771158141	-6.183468473908334e-05
429.35195508500004	0.055543982663204455	-6.179274096408845e-05
430.56139721200003	0.0556976426541991	-6.175042502819077e-05
431.770839339	0.05585072877454143	-6.170773770883438e-05
432.980281466	0.05600322015549196	-6.16646751772313e-05
434.18972359300005	0.05615509744367259	-6.162122922663722e-05
435.39916572000004	0.05630634282354249	-6.157738751096098e-05
436.60860784700003	0.05645694003488212	-6.153313379058875e-05
437.818049974	0.056606874385337416	-6.148844818517664e-05
439.027492101	0.0567561327580995	-6.144330743162486e-05
440.23693422800005	0.05690470361480704	-6.139768514418914e-05
441.44637635500004	0.05705257699376558	-6.135155207412889e-05
442.65581848200003	0.05719974450359065	-6.130487637451103e-05
443.865260609	0.05734619931239664	-6.12576238564859e-05
445.074702736	0.05749193613266362	-6.120975825296866e-05
446.28414486300005	0.0576369512019171	-6.116124147196797e-05
447.49358699000004	0.05778124225937627	-6.111203384954848e-05
448.703029117	0.057924808518722296	-6.106209439954088e-05
449.912471244	0.05806765063716314	-6.101138105555834e-05
451.121913371	0.05820977068095418	-6.095985090891903e-05
452.33135549800005	0.05835117208756899	-6.090746044238454e-05
453.54079762500004	0.058491859624698064	-6.0854165755901135e-05
454.750239752	0.058631839346267936	-6.079992278615852e-05
455.959681879	0.058771118545682885	-6.074468752149953e-05
457.169124006	0.05890970570647955	-6.0688416204927875e-05
458.37856613300005	0.05904761045060765	-6.063106553576281e-05
459.58800826000004	0.059184843484537716	-6.057259285940225e-05
460.797450387	0.05932141654340438	-6.051295635334415e-05
462.006892514	0.05945734233339148	-6.0452115203040585e-05
463.216334641	0.05959263447257983	-6.039002976859255e-05
464.42577676800005	0.059727307430452035	-6.03266617479354e-05
465.63521889500004	0.05986137646627506	-6.026197432879368e-05
466.844661022	0.05999485756656234	-6.0195932332801974e-05
468.054103149	0.06012776738182467	-6.012850235105789e-05
469.26354527600006	0.06026012316281229	-6.005965287175438e-05
470.47298740300005	0.0603919426964458	-5.9989354400571265e-05
471.68242953000004	0.06052324424163806	-5.991757956811186e-05
472.891871657	0.06065404646519251	-5.984430323278597e-05
474.101313784	0.060784368377975836	-5.976950257163133e-05
475.31075591100006	0.06091422927153731	-5.9693157162865607e-05
476.52019803800005	0.06104364865535833	-5.9615249060059744e-05
477.72964016500003	0.061172646194907226	-5.9535762854114396e-05
478.939082292	0.06130124165065429	-5.945468572858548e-05
480.148524419	0.061429454818214824	-5.937200750282673e-05
481.35796654600006	0.06155730546976894	-5.928772066674491e-05
482.56740867300005	0.06168481329690275	-5.9201820403241914e-05
483.77685080000003	0.061811997855003326	-5.9114304605450974e-05
484.986292927	0.06193887850934842	-5.9025173876649933e-05
486.195735054	0.06206547438299494	-5.893443152884051e-05
487.40517718100006	0.06219180430659403	-5.884208356434807e-05
488.61461930800004	0.06231788677023144	-5.874813865070806e-05
489.82406143500003	0.06244373987738569	-5.8652608085511815e-05
491.033503562	0.06256938130109903	-5.8555505751857126e-05
492.242945689	0.06269482824242922	-5.845684806405141e-05
493.45238781600005	0.06282009739127124	-5.83566539064731e-05
494.66182994300004	0.06294520488958333	-5.825494455919192e-05
495.87127207000003	0.06307016629709876	-5.815174362172951e-05
497.080714197	0.06319499655954318	-5.804707692312963e-05
498.290156324	0.06331970997941447	-5.794097242840454e-05
499.49959845100005	0.06344432018933358	-5.783346013674487e-05
500.70904057800004	0.06356884012800013	-5.772457197439872e-05
501.91848270500003	0.06369328201875386	-5.761434167942357e-05
503.127924832	0.06381765735075193	-5.7502804685527487e-05
504.337366959	0.06394197686275072	-5.7389997996530606e-05
505.54680908600005	0.06406625052948442	-5.727596005859065e-05
506.75625121300004	0.06419048755061975	-5.716073063241969e-05
507.96569334000003	0.06431469634225608	-5.704435065978335e-05
509.175135467	0.06443888453094107	-5.6926862124882446e-05
510.384577594	0.0645630589501579	-5.680830792313685e-05
511.59401972100005	0.06468722563924292	-5.668873172030679e-05
512.803461848	0.0648113898446695	-5.656817781684968e-05
514.0129039750001	0.06493555602365242	-5.64466910115604e-05
515.2223461020001	0.06505972784999735	-5.6324316466582064e-05
516.4317882290001	0.06518390822213188	-5.6201099573318855e-05
517.641230356	0.06530809927324387	-5.6077085820881514e-05
518.850672483	0.06543230238344475	-5.5952320668864464e-05
520.06011461	0.06555651819387792	-5.58268494220554e-05
521.269556737	0.06568074662268317	-5.57007171088468e-05
522.478998864	0.06580498688272837	-5.5573968364698925e-05
523.688440991	0.06592923750101597	-5.54466473195632e-05
524.897883118	0.06605349633966323	-5.531879749177092e-05
526.1073252450001	0.0661777606183693	-5.519046168348668e-05
527.3167673720001	0.0663020269382501	-5.506168188509214e-05
528.5262094990001	0.06642629130695887	-5.4932499185107037e-05
529.735651626	0.06655054916497002	-5.480295368383986e-05
530.945093753	0.06667479541293972	-5.4673084415698264e-05
532.15453588	0.06679902444002186	-5.454292927509381e-05
533.363978007	0.06692323015304286	-5.441252495039586e-05
534.573420134	0.06704740600642861	-5.428190686211816e-05
535.782862261	0.0671715450327714	-5.415110911102111e-05
536.9923043880001	0.06729563987394194	-5.40201644273694e-05
538.2017465150001	0.06741968281263042	-5.38891041312068e-05
539.4111886420001	0.06754366580422741	-5.3757958095238326e-05
540.6206307690001	0.06766758050892832	-5.3626754713789054e-05
541.830072896	0.06779141832397212	-5.349552088121899e-05
543.039515023	0.06791517041591111	-5.3364281970455854e-05
544.24895715	0.06803882775281644	-5.3233061821941416e-05
545.458399277	0.06816238113632839	-5.310188273359613e-05
546.667841404	0.06828582123345503	-5.297076546046005e-05
547.877283531	0.0684091386080387	-5.2839729214486375e-05
549.0867256580001	0.06853232375179685	-5.270879167307112e-05
550.2961677850001	0.06865536711486271	-5.257796898980663e-05
551.5056099120001	0.068778259135743	-5.2447275809362065e-05
552.715052039	0.06890099027061802	-5.2316725287797e-05
553.924494166	0.06902355102191779	-5.218632911578418e-05
555.133936293	0.06914593196609436	-5.205609754445513e-05
556.34337842	0.06926812378054314	-5.192603941837383e-05
557.552820547	0.0693901172696013	-5.179616220588219e-05
558.762262674	0.06951190338957342	-5.16664720374687e-05
559.971704801	0.06963347327272909	-5.153697374627071e-05
561.1811469280001	0.06975481825023144	-5.1407670907763214e-05
562.3905890550001	0.06987592987394473	-5.1278565884441824e-05
563.6000311820001	0.06999679993709218	-5.1149659871869285e-05
564.809473309	0.07011742049372244	-5.102095295227496e-05
566.018915436	0.0702377838769595	-5.08924441368179e-05
567.228357563	0.07035788271600538	-5.0764131422079833e-05
568.43779969	0.07047770995187877	-5.063601184350855e-05
569.647241817	0.0705972588518706	-5.0508081529383395e-05
570.856683944	0.07071652302270266	-5.038033575722328e-05
572.066126071	0.07083549642238081	-5.025276901013051e-05
573.2755681980001	0.07095417337074114	-5.01253750349942e-05
574.4850103250001	0.07107254855868159	-4.9998146899212295e-05
575.6944524520001	0.07119061705608934	-4.9871077051696563e-05
576.903894579	0.0713083743184645	-4.974415738094595e-05
578.113336706	0.07142581619225624	-4.9617379274080955e-05
579.322778833	0.07154293891892188	-4.94907336760983e-05
580.53222096	0.07165973913772641	-4.9364211149163784e-05
581.741663087	0.07177621388730562	-4.9237801931459324e-05
582.951105214	0.07189236060601777	-4.911149599527709e-05
584.160547341	0.07200817713110014	-4.8985283104700794e-05
585.3699894680001	0.0721236616966841	-4.8859152871135944e-05
586.5794315950001	0.07223881293067067	-4.873309481066325e-05
587.7888737220001	0.07235362985052747	-4.860709839698933e-05
588.998315849	0.0724681118580339	-4.848115311720594e-05
590.207757976	0.07258225873300957	-4.835524852278908e-05
591.417200103	0.0726960706260828	-4.822937427722933e-05
592.62664223	0.0728095480505261	-4.810352020713331e-05
593.836084357	0.07292269187321532	-4.797767634955041e-05
595.045526484	0.0730355033047602	-4.7851832995323557e-05
596.2549686110001	0.07314798388884161	-4.7725980731383455e-05
597.4644107380001	0.073260135490828	-4.76001104821773e-05
598.6738528650001	0.0733719602856957	-4.747421354511609e-05
599.8832949920001	0.07348346074532475	-4.734828162876285e-05
601.092737119	0.0735946396252155	-4.722230688496143e-05
602.302179246	0.07370549995067417	-4.70962819367135e-05
603.511621373	0.07381604500252634	-4.6970199909205854e-05
604.7210635	0.07392627830241409	-4.6844054451343486e-05
605.930505627	0.07403620359771487	-4.6717839756760596e-05
607.139947754	0.07414582484616278	-4.659155058759669e-05
608.3493898810001	0.07425514620019161	-4.6465182284382775e-05
609.5588320080001	0.07436417199108043	-4.633873078315094e-05
610.7682741350001	0.0744729067129358	-4.621219262254672e-05
611.9777162620001	0.07458135500656837	-4.608556495229628e-05
613.187158389	0.07468952164331649	-4.595884553808098e-05
614.396600516	0.07479741150885594	-4.583203276068738e-05
615.606042643	0.07490502958705901	-4.570512561768471e-05
616.81548477	0.0750123809439327	-4.557812371419438e-05
618.024926897	0.07511947071169388	-4.5451027262636765e-05
619.234369024	0.07522630407302187	-4.5323837068535905e-05
620.4438111510001	0.07533288624552709	-4.519655452212175e-05
621.6532532780001	0.07543922246648306	-4.506918158120668e-05
622.8626954050001	0.07554531797785308	-4.494172075911185e-05
624.072137532	0.07565117801165563	-4.4814175104924275e-05
625.281579659	0.07575680777570201	-4.4686548183672445e-05
626.491021786	0.07586221243973693	-4.455884405842568e-05
627.700463913	0.07596739712201385	-4.443106726469484e-05
628.90990604	0.07607236687634072	-4.430322278714191e-05
630.119348167	0.07617712667961662	-4.4175316038265466e-05
631.328790294	0.0762816814198844	-4.404735283189756e-05
632.5382324210001	0.07638603588492748	-4.3919339358175144e-05
633.7476745480001	0.07649019475143026	-4.3791282157538275e-05
634.9571166750001	0.07659416257471649	-4.366318809442653e-05
636.166558802	0.07669794377908795	-4.35350643339244e-05
637.376000929	0.07680154264877548	-4.3406918315105555e-05
638.585443056	0.07690496331951818	-4.32787577270867e-05
639.794885183	0.07700820977077145	-4.315059048390357e-05
641.00432731	0.07711128581856198	-4.3022424703146114e-05
642.213769437	0.07721419510899778	-4.289426868326826e-05
643.4232115640001	0.07731694111242111	-4.276613088138176e-05
644.6326536910001	0.07741952711822529	-4.263801989506065e-05
645.8420958180001	0.0775219562303231	-4.250994444120887e-05
647.0515379450001	0.07762423136327166	-4.238191334311053e-05
648.260980072	0.07772635523904325	-4.225393550935132e-05
649.470422199	0.0778283303844457	-4.212601992078721e-05
650.679864326	0.07793015912917468	-4.1998175616918265e-05
651.889306453	0.07803184360449347	-4.187041168261102e-05
653.09874858	0.07813338574253388	-4.1742737238333744e-05
654.308190707	0.0782347872761987	-4.161516142728999e-05
655.5176328340001	0.07833604973965286	-4.148769340630437e-05
656.7270749610001	0.07843717446939369	-4.136034233608206e-05
657.9365170880001	0.0785381626058772	-4.123311737409298e-05
659.1459592150001	0.07863901509568735	-4.110602766602828e-05
660.355401342	0.07873973269422377	-4.0979082337390393e-05
661.564843469	0.07884031596889238	-4.085229048536934e-05
662.774285596	0.07894076530278132	-4.072566117292731e-05
663.983727723	0.07904108089878488	-4.05992034180052e-05
665.19316985	0.07914126278417466	-4.047292618781888e-05
666.402611977	0.07924131081557043	-4.034683838884112e-05
667.6120541040001	0.07934122468431062	-4.022094885628921e-05
668.8214962310001	0.07944100392217601	-4.009526634845065e-05
670.0309383580001	0.07954064790745322	-3.996979953005582e-05
671.2403804850001	0.07964015587131207	-3.984455696236233e-05
672.449822612	0.07973952690446587	-3.971954709468782e-05
673.659264739	0.07983875996409052	-3.9594778245244724e-05
674.868706866	0.07993785388097807	-3.9470258588844565e-05
676.078148993	0.08003680736689267	-3.9345996142492803e-05
677.28759112	0.08013561902210808	-3.9221998748366e-05
678.497033247	0.08023428734310042	-3.9098274054591084e-05
679.7064753740001	0.08033281073036083	-3.8974829499530475e-05
680.9159175010001	0.08043118749631839	-3.885167229167666e-05
682.1253596280001	0.08052941587332789	-3.872880939194759e-05
683.3348017550001	0.08062749402171325	-3.86062474904067e-05
684.544243882	0.08072542003783414	-3.848399299066774e-05
685.753686009	0.08082319196215071	-3.836205198535364e-05
686.963128136	0.08092080778726791	-3.824043023698334e-05
688.172570263	0.08101826546593091	-3.8119133157309484e-05
689.38201239	0.08111556291894992	-3.7998165786838276e-05
690.5914545170001	0.08121269804303625	-3.78775327763408e-05
691.8008966440001	0.08130966871852371	-3.775723836641799e-05
693.0103387710001	0.08140647281696008	-3.763728636839436e-05
694.2197808980001	0.08150310820854187	-3.7517680148844296e-05
695.429223025	0.08159957276938341	-3.7398422611171e-05
696.638665152	0.08169586438859695	-3.727951618281121e-05
697.848107279	0.08179198097516466	-3.716096279937804e-05
699.057549406	0.08188792046459326	-3.70427638948824e-05
700.266991533	0.08198368082533529	-3.692492038938344e-05
701.47643366	0.08207926006495883	-3.680743268296566e-05
702.6858757870001	0.08217465623605733	-3.669030064714501e-05
703.8953179140001	0.08226986744188863	-3.657352361935082e-05
705.1047600410001	0.08236489184173157	-3.645710040447829e-05
706.3142021680001	0.08245972765594264	-3.63410292710184e-05
707.523644295	0.0825543731707296	-3.6225307955361705e-05
708.733086422	0.08264882674259813	-3.610993366374125e-05
709.942528549	0.08274308680250252	-3.599490308044476e-05
711.151970676	0.08283715185966502	-3.5880212373886125e-05
712.361412803	0.08293102050507897	-3.5765857209378235e-05
713.57085493	0.08302469141468902	-3.565183275954474e-05
714.7802970570001	0.08311816335223614	-3.553813372337428e-05
715.9897391840001	0.08321143517178939	-3.542475433575103e-05
717.1991813110001	0.08330450581993487	-3.531168839181198e-05
718.4086234380001	0.08339737433764834	-3.5198929262918524e-05
719.618065565	0.08349003986183748	-3.508646992136759e-05
720.827507692	0.08358250162657188	-3.497430296105393e-05
722.036949819	0.08367475896398549	-3.486242062179616e-05
723.246391946	0.08376681130487265	-3.4750814816892836e-05
724.455834073	0.08385865817897671	-3.463947715800879e-05
725.6652762	0.08395029921497628	-3.452839897997474e-05
726.8747183270001	0.08404173414018197	-3.4417571373016737e-05
728.0841604540001	0.08413296277994314	-3.430698520844565e-05
729.2936025810001	0.08422398505677786	-3.419663116783524e-05
730.5030447080001	0.08431480098924266	-3.408649977318899e-05
731.712486835	0.08440541069053012	-3.397658141352823e-05
732.921928962	0.08449581436683373	-3.386686637669306e-05
734.131371089	0.08458601231546395	-3.3757344874167997e-05
735.340813216	0.08467600492274577	-3.364800707314139e-05
736.550255343	0.0847657926616941	-3.353884312003348e-05
737.7596974700001	0.08485537608949517	-3.34298431718949e-05
738.9691395970001	0.08494475584479375	-3.332099741938134e-05
740.1785817240001	0.08503393264480194	-3.3212296113043285e-05
741.3880238510001	0.08512290728224264	-3.310372958686622e-05
742.5974659780001	0.08521168062214467	-3.299528828538956e-05
743.806908105	0.08530025359849848	-3.288696278129673e-05
745.016350232	0.08538862721077999	-3.277874379845232e-05
746.225792359	0.08547680252037293	-3.267062223231629e-05
747.435234486	0.08556478064688315	-3.256258916819153e-05
748.644676613	0.08565256276437028	-3.2454635899055104e-05
749.8541187400001	0.08574015009750985	-3.2346753940280804e-05
751.0635608670001	0.08582754391769212	-3.223893504573916e-05
752.2730029940001	0.08591474553907627	-3.213117122011222e-05
753.4824451210001	0.08600175631461024	-3.202345473319636e-05
754.6918872480001	0.08608857763203193	-3.191577812937385e-05
755.901329375	0.08617521090985768	-3.180813423625181e-05
757.110771502	0.08626165759337714	-3.1700516176076665e-05
758.320213629	0.08634791915066606	-3.159291736848022e-05
759.529655756	0.0864339970686164	-3.14853315409782e-05
760.739097883	0.08651989284901734	-3.1377752731867256e-05
761.9485400100001	0.08660560800467501	-3.1270175295488103e-05
763.1579821370001	0.08669114405559011	-3.1162593899829866e-05
764.3674242640001	0.08677650252521513	-3.1055003534941755e-05
765.5768663910001	0.08686168493677926	-3.094739951075773e-05
766.786308518	0.08694669280970624	-3.0839777458286505e-05
767.995750645	0.08703152765612296	-3.073213332690193e-05
769.205192772	0.08711619097747819	-3.06244633824556e-05
770.414634899	0.08720068426126543	-3.0516764208331562e-05
771.624077026	0.08728500897787303	-3.0409032698172633e-05
772.833519153	0.08736916657755006	-3.0301266056381726e-05
774.0429612800001	0.08745315848750837	-3.019346178937711e-05
775.2524034070001	0.08753698610916193	-3.008561770364432e-05
776.4618455340001	0.08762065081550148	-2.997773190021799e-05
777.6712876610001	0.08770415394862169	-2.9869802768070844e-05
778.880729788	0.08778749681739145	-2.9761828977089774e-05
780.090171915	0.08787068069528456	-2.9653809474764273e-05
781.299614042	0.08795370681835521	-2.9545743475054703e-05
782.509056169	0.08803657638338103	-2.9437630452962618e-05
783.718498296	0.08811929054616341	-2.9329470138660454e-05
784.9279404230001	0.08820185041998588	-2.9221262506427467e-05
786.1373825500001	0.08828425707423218	-2.9113007771216712e-05
787.3468246770001	0.08836651153317311	-2.9004706374041733e-05
788.5562668040001	0.08844861477491131	-2.8896358978788145e-05
789.7657089310001	0.08853056773048223	-2.8787966463258985e-05
790.975151058	0.08861237128311966	-2.8679529908211265e-05
792.184593185	0.08869402626768133	-2.857105059118556e-05
793.394035312	0.08877553347022335	-2.8462529974465287e-05
794.603477439	0.0888568936277333	-2.8353969700883885e-05
795.812919566	0.08893810742801074	-2.8245371579657327e-05
797.0223616930001	0.0890191755096981	-2.8136737582703034e-05
798.2318038200001	0.08910009846245204	-2.8028069833171618e-05
799.4412459470001	0.08918087682725775	-2.7919370595494777e-05
800.6506880740001	0.08926151109687419	-2.7810642270347657e-05
801.8601302010001	0.0893420017164169	-2.7701887382904772e-05
803.069572328	0.089422349084056	-2.7593108574813438e-05
804.279014455	0.08950255355185019	-2.7484308596253948e-05
805.488456582	0.08958261542668229	-2.737549029814025e-05
806.697898709	0.08966253497131543	-2.7266656624063898e-05
807.907340836	0.08974231240554485	-2.7157810599686208e-05
809.1167829630001	0.08982194790745421	-2.7048955328252272e-05
810.3262250900001	0.08990144161476475	-2.6940093981806315e-05
811.5356672170001	0.0899807936262606	-2.683122979128469e-05
812.7451093440001	0.09006000400331099	-2.6722366043813173e-05
813.9545514710001	0.09013907277145258	-2.6613506071223106e-05
815.163993598	0.09021799992204266	-2.650465324626275e-05
816.373435725	0.09029678541397199	-2.6395810973720707e-05
817.582877852	0.09037542917543466	-2.6286982687950475e-05
818.792319979	0.09045393110574437	-2.6178171840777684e-05
820.001762106	0.0905322910771912	-2.6069381899853847e-05
821.2112042330001	0.09061050893692862	-2.5960616341894407e-05
822.4206463600001	0.09068858450889539	-2.5851878649176332e-05
823.6300884870001	0.09076651759575778	-2.5743172300751738e-05
824.8395306140001	0.09084430798086378	-2.5634500770367954e-05
826.0489727410001	0.09092195543020787	-2.552586752040814e-05
827.258414868	0.09099945969440032	-2.5417275998454794e-05
828.467856995	0.09107682051063455	-2.5308729633207946e-05
829.677299122	0.09115403760464322	-2.5200231829185585e-05
830.886741249	0.09123111069263812	-2.509178596525434e-05
832.0961833760001	0.09130803948323953	-2.4983395389109597e-05
833.3056255030001	0.09138482367936793	-2.4875063414227586e-05
834.5150676300001	0.09146146298012031	-2.4766793318373517e-05
835.7245097570001	0.09153795708259899	-2.4658588338506704e-05
836.9339518840001	0.09161430568370618	-2.4550451671533427e-05
838.143394011	0.09169050848189539	-2.444238646584322e-05
839.352836138	0.09176656517887871	-2.433439582583477e-05
840.562278265	0.09184247548126968	-2.4226482803370655e-05
841.771720392	0.09191823910218538	-2.4118650400729857e-05
842.981162519	0.0919938557627782	-2.4010901563283754e-05
844.1906046460001	0.09206932519371269	-2.3903239181896976e-05
845.4000467730001	0.0921446471365732	-2.379566608961929e-05
846.6094889000001	0.09221982134520816	-2.3688185059865877e-05
847.8189310270001	0.0922948475869986	-2.358079880364003e-05
849.0283731540001	0.09236972564405653	-2.3473509968610293e-05
850.237815281	0.09244445531435383	-2.3366321138420035e-05
851.447257408	0.09251903641276789	-2.3259234828963e-05
852.656699535	0.09259346877205712	-2.315225348855504e-05
853.866141662	0.09266775224375348	-2.3045379494273863e-05
855.075583789	0.09274188669897872	-2.2938615153301686e-05
856.2850259160001	0.09281587202918395	-2.283196269831783e-05
857.4944680430001	0.09288970814680039	-2.272542428770688e-05
858.7039101700001	0.09296339498582117	-2.26190020052551e-05
859.9133522970001	0.0930369325022992	-2.2512697855003524e-05
861.1227944240001	0.09311032067476144	-2.2406513762292246e-05
862.332236551	0.09318355950455415	-2.2300451572246013e-05
863.541678678	0.09325664901610262	-2.2194513047672608e-05
864.751120805	0.09332958925709733	-2.2088699866735714e-05
865.960562932	0.09340238029860748	-2.198301362350049e-05
867.170005059	0.0934750222351147	-2.187745582413539e-05
868.3794471860001	0.0935475151844811	-2.1772027889364193e-05
869.5888893130001	0.0936198592878422	-2.1666731147990288e-05
870.7983314400001	0.09369205470943537	-2.1561566840342695e-05
872.0077735670001	0.09376410163635873	-2.1456536112559287e-05
873.2172156940001	0.09383600027827077	-2.1351640023181337e-05
874.426657821	0.09390775086702303	-2.1246879530449278e-05
875.636099948	0.09397935365623977	-2.11422555022895e-05
876.845542075	0.09405080892083645	-2.1037768709070148e-05
878.054984202	0.09412211695648764	-2.09334198255336e-05
879.2644263290001	0.0941932780790461	-2.0829209428680114e-05
880.4738684560001	0.09426429262390834	-2.072513799917554e-05
881.6833105830001	0.09433516094534326	-2.062120591744907e-05
882.8927527100001	0.09440588341577674	-2.0517413467192186e-05
884.1021948370001	0.09447646042503122	-2.041376083543843e-05
885.3116369640001	0.09454689237954425	-2.0310248107593444e-05
886.521079091	0.09461717970153952	-2.0206875271443908e-05
887.730521218	0.09468732282817999	-2.0103642218602565e-05
888.939963345	0.0947573222106928	-2.0000548741938226e-05
890.149405472	0.09482717831346943	-1.9897594537855202e-05
891.3588475990001	0.09489689161315254	-1.9794779207844143e-05
892.5682897260001	0.09496646259769762	-1.969210225498917e-05
893.7777318530001	0.09503589176543209	-1.9589563092253792e-05
894.9871739800001	0.09510517962409808	-1.9487161038488424e-05
896.1966161070001	0.0951743266898924	-1.9384895322829658e-05
897.406058234	0.0952433334865022	-1.9282765082019246e-05
898.615500361	0.09531220054413647	-1.918076936829275e-05
899.824942488	0.09538092839856434	-1.9078907147582376e-05
901.034384615	0.09544951759015902	-1.897717730078071e-05
902.243826742	0.09551796866294729	-1.887557862798473e-05
903.4532688690001	0.0955862821636698	-1.8774109853514354e-05
904.6627109960001	0.09565445864085285	-1.8672769622356256e-05
905.8721531230001	0.09572249864390066	-1.8571556507511293e-05
907.0815952500001	0.09579040272220184	-1.84704690106563e-05
908.2910373770001	0.09585817142425526	-1.836950556489969e-05
909.500479504	0.09592580529682118	-1.8268664542387368e-05
910.709921631	0.09599330488409454	-1.8167944249795898e-05
911.919363758	0.09606067072690354	-1.8067342938352278e-05
913.128805885	0.09612790336194058	-1.7966858805080338e-05
914.338248012	0.09619500332101436	-1.7866489995146083e-05
915.5476901390001	0.09626197113034403	-1.776623460692569e-05
916.7571322660001	0.09632880730987294	-1.766609069479841e-05
917.9665743930001	0.09639551237263022	-1.756605627432732e-05
919.1760165200001	0.09646208682411234	-1.746612932301394e-05
920.3854586470001	0.0965285311617136	-1.736630778723363e-05
921.594900774	0.0965948458741847	-1.7266589586153493e-05
922.804342901	0.09666103144112995	-1.716697261217818e-05
924.013785028	0.09672708833254556	-1.7067454739593153e-05
925.223227155	0.09679301700839317	-1.6968033825607264e-05
926.432669282	0.09685881791821344	-1.6868707714725976e-05
927.6421114090001	0.09692449150077825	-1.6769474243918253e-05
928.8515535360001	0.09699003818378182	-1.6670331245313176e-05
930.0609956630001	0.09705545838357231	-1.6571276551511673e-05
931.2704377900001	0.09712075250491804	-1.6472307997112204e-05
932.4798799170001	0.09718592094081871	-1.637342342610676e-05
933.689322044	0.09725096407234891	-1.627462069435804e-05
934.898764171	0.09731588226854389	-1.6175897673277942e-05
936.108206298	0.09738067588631913	-1.607725225207402e-05
937.317648425	0.09744534527042795	-1.597868234475431e-05
938.5270905520001	0.09750989075345629	-1.588018589099814e-05
939.7365326790001	0.09757431265585279	-1.57817608620707e-05
940.9459748060001	0.09763861128598889	-1.568340526513206e-05
942.1554169330001	0.09770278694025489	-1.5585117142476526e-05
943.3648590600001	0.09776683990318702	-1.5486894579671076e-05
944.5743011870001	0.09783077044762954	-1.5388735705577916e-05
945.783743314	0.09789457883492197	-1.5290638699681953e-05
946.993185441	0.09795826531511095	-1.5192601791357875e-05
948.202627568	0.09802183012720311	-1.5094623264766405e-05
949.412069695	0.09808527349942413	-1.4996701461943845e-05
950.6215118220001	0.09814859564952391	-1.4898834785550749e-05
951.8309539490001	0.0982117967850819	-1.4801021701423694e-05
953.0403960760001	0.09827487710385352	-1.4703260743027455e-05
954.2498382030001	0.09833783679412307	-1.4605550510085434e-05
955.4592803300001	0.0984006760350829	-1.45078896766071e-05
956.6687224570001	0.09846339499722517	-1.4410276988430747e-05
957.878164584	0.09852599384274996	-1.4312711269306305e-05
959.087606711	0.09858847272598528	-1.4215191419916957e-05
960.297048838	0.09865083179382286	-1.4117716421768386e-05
961.506490965	0.09871307118616271	-1.402028533844385e-05
962.7159330920001	0.09877519103636313	-1.3922897318227948e-05
963.9253752190001	0.09883719147170308	-1.3825551594300912e-05
965.1348173460001	0.09889907261385045	-1.3728247489108378e-05
966.3442594730001	0.09896083457932564	-1.3630984410917084e-05
967.5537016000001	0.09902247747998225	-1.3533761860654026e-05
968.763143727	0.0990840014234767	-1.3436579429333857e-05
969.972585854	0.09914540651374543	-1.333943680000612e-05
971.182027981	0.09920669285147377	-1.3242333749914105e-05
972.391470108	0.0992678605345675	-1.3145270148022005e-05
973.600912235	0.09932890965862157	-1.3048245960444599e-05
974.8103543620001	0.099389840317376	-1.295126124724235e-05
976.0197964890001	0.09945065260316736	-1.285431616374847e-05
977.2292386160001	0.0995113466073823	-1.2757410960500398e-05
978.4386807430001	0.09957192242088478	-1.2660545984957174e-05
979.6481228700001	0.09963238013444595	-1.2563721678786333e-05
980.857564997	0.09969271983915859	-1.2466938579224797e-05
982.067007124	0.09975294162684036	-1.2370197320785842e-05
983.276449251	0.09981304559042303	-1.227349863071759e-05
984.485891378	0.09987303182432869	-1.2176843332516694e-05
985.6953335050001	0.09993290042482897	-1.20802323420122e-05
986.9047756320001	0.09999265149039172	-1.1983666668380355e-05
988.1142177590001	0.10005228512201012	-1.18871474135843e-05
989.3236598860001	0.10011180142351636	-1.1790675769637535e-05
990.5331020130001	0.10017120050187886	-1.1694253020151299e-05
991.7425441400001	0.10023048246747565	-1.1597880535404483e-05
992.951986267	0.10028964743435823	-1.1501559774283916e-05
994.161428394	0.10034869552049278	-1.1405292282809856e-05
995.370870521	0.1004076268479819	-1.1309079691569461e-05
996.580312648	0.10046644154326892	-1.1212923711560394e-05
997.7897547750001	0.10052513973732126	-1.1116826137655932e-05
998.9991969020001	0.1005837215658007	-1.102078884408688e-05
1000.2086390290001	0.10064218716920573	-1.0924813783595895e-05
1001.4180811560001	0.10070053669299885	-1.0828902982774544e-05
1002.6275232830001	0.10075877028771879	-1.0733058543396443e-05
1003.8369654100001	0.10081688810906585	-1.0637282640478703e-05
1005.046407537	0.10087489031797386	-1.0541577516687446e-05
1006.255849664	0.10093277708066392	-1.0445945483284098e-05
1007.465291791	0.10099054856867612	-1.0350388915759956e-05
1008.674733918	0.10104820495888468	-1.025491025681037e-05
1009.8841760450001	0.1011057464334979	-1.0159512005531758e-05
1011.0936181720001	0.10116317318004323	-1.0064196719913529e-05
1012.3030602990001	0.1012204853913228	-9.968967015135458e-06
1013.5125024260001	0.10127768326537011	-9.873825561609179e-06
1014.7219445530001	0.10133476700537858	-9.778775077864954e-06
1015.9313866800001	0.10139173681962219	-9.68381833448776e-06
1017.140828807	0.10144859292135563	-9.588958145666585e-06
1018.350270934	0.10150533552870701	-9.494197369476313e-06
1019.559713061	0.1015619648645549	-9.399538906418835e-06
1020.769155188	0.10161848115638672	-9.304985696922431e-06
1021.9785973150001	0.10167488463615666	-9.210540715553009e-06
1023.1880394420001	0.10173117554012477	-9.11620697243657e-06
1024.397481569	0.10178735410868842	-9.021987506458232e-06
1025.606923696	0.10184342058620596	-8.927885387990941e-06
1026.816365823	0.10189937522080163	-8.83390371344498e-06
1028.0258079500002	0.10195521826417983	-8.740045602972056e-06
1029.235250077	0.10201094997141208	-8.646314197566576e-06
1030.4446922040001	0.10206657060073843	-8.552712658892181e-06
1031.654134331	0.10212208041334478	-8.45924416401772e-06
1032.8635764580001	0.1021774796731463	-8.36591190631758e-06
1034.073018585	0.10223276864656178	-8.272719090615319e-06
1035.282460712	0.10228794760228768	-8.179668931695278e-06
1036.491902839	0.10234301681106425	-8.0867646542011e-06
1037.701344966	0.10239797654544927	-7.994009488332746e-06
1038.9107870930002	0.10245282707958028	-7.901406666560064e-06
1040.12022922	0.10250756868894394	-7.80895942435484e-06
1041.3296713470002	0.10256220165013946	-7.716670998358065e-06
1042.539113474	0.10261672624064555	-7.62454462171179e-06
1043.7485556010001	0.1026711427385959	-7.5325835262665675e-06
1044.957997728	0.10272545142254182	-7.440790937989633e-06
1046.167439855	0.10277965257123339	-7.3491700739837865e-06
1047.376881982	0.10283374646339169	-7.25772414574867e-06
1048.586324109	0.102887733377496	-7.166456353659145e-06
1049.795766236	0.10294161359156725	-7.075369887079783e-06
1051.005208363	0.10299538738295781	-6.984467921879005e-06
1052.2146504900002	0.10304905502814943	-6.893753622448304e-06
1053.424092617	0.10310261680256073	-6.803230135251671e-06
1054.6335347440001	0.10315607298035182	-6.7129005908691045e-06
1055.842976871	0.1032094238342412	-6.6227681044866635e-06
1057.0524189980001	0.10326266963533358	-6.532835772561467e-06
1058.261861125	0.1033158106529468	-6.443106671237889e-06
1059.471303252	0.10336884715445402	-6.35358385801376e-06
1060.680745379	0.10342177940513303	-6.2642703690871104e-06
1061.890187506	0.10347460766801941	-6.17516921919397e-06
1063.0996296330002	0.10352733220377251	-6.086283404330151e-06
1064.30907176	0.10357995327055147	-5.997615894448062e-06
1065.5185138870002	0.10363247112389774	-5.909169637469125e-06
1066.727956014	0.10368488601662477	-5.820947561847693e-06
1067.9373981410001	0.10373719819872249	-5.732952568297291e-06
1069.146840268	0.10378940791726923	-5.645187536136229e-06
1070.356282395	0.10384151541634823	-5.557655321860797e-06
1071.565724522	0.10389352093698391	-5.470358757792178e-06
1072.775166649	0.10394542471707427	-5.383300651623686e-06
1073.9846087760002	0.10399722699134645	-5.296483787642879e-06
1075.194050903	0.10404892799130791	-5.209910928866135e-06
1076.4034930300002	0.10410052794522091	-5.123584811772899e-06
1077.612935157	0.10415202707807308	-5.0375081518099635e-06
1078.8223772840001	0.10420342561156805	-4.951683642496346e-06
1080.031819411	0.10425472376411449	-4.866113953437036e-06
1081.2412615380001	0.10430592175083289	-4.780801730877235e-06
1082.450703665	0.10435701978356558	-4.695749602526625e-06
1083.660145792	0.1044080180708938	-4.610960171727227e-06
1084.869587919	0.10445891681816898	-4.526436023237837e-06
1086.079030046	0.10450971622754604	-4.442179721388714e-06
1087.2884721730002	0.10456041649802104	-4.358193807964348e-06
1088.4979143	0.10461101782548948	-4.274480808569032e-06
1089.7073564270001	0.10466152040279493	-4.1910432292467485e-06
1090.916798554	0.10471192441979235	-4.107883557816477e-06
1092.1262406810001	0.10476223006342013	-4.02500426590572e-06
1093.335682808	0.104812437517772	-3.9424078068675365e-06
1094.545124935	0.1048625469641759	-3.860096617247684e-06
1095.754567062	0.10491255858128165	-3.778073119247924e-06
1096.964009189	0.1049624725451461	-3.6963397193200305e-06
1098.1734513160002	0.10501228902932694	-3.6148988113771964e-06
1099.382893443	0.10506200820498734	-3.5337527741954172e-06
1100.5923355700002	0.10511163024098719	-3.45290397362006e-06
1101.801777697	0.10516115530399364	-3.3723547636617737e-06
1103.0112198240001	0.10521058355858459	-3.292107484758732e-06
1104.220661951	0.10525991516736086	-3.212164468797355e-06
1105.430104078	0.10530915029105783	-3.1325280361320547e-06
1106.639546205	0.1053582890886557	-3.05320049735075e-06
1107.848988332	0.10540733171749528	-2.974184154263225e-06
1109.058430459	0.10545627833339485	-2.895481299410637e-06
1110.267872586	0.10550512909076377	-2.817094217736054e-06
1111.4773147130002	0.10555388414272154	-2.7390251878768243e-06
1112.68675684	0.10560254364121202	-2.661276481223055e-06
1113.8961989670001	0.10565110773711761	-2.5838503623686407e-06
1115.105641094	0.10569957658037954	-2.5067490914717876e-06
1116.3150832210001	0.10574795032010864	-2.4299749247359663e-06
1117.524525348	0.10579622910469764	-2.3535301141765913e-06
1118.733967475	0.10584441308193433	-2.2774169080755184e-06
1119.943409602	0.10589250239911169	-2.201637553820787e-06
1121.152851729	0.1059404972031331	-2.126194296713565e-06
1122.3622938560002	0.10598839764061833	-2.0510893819830275e-06
1123.571735983	0.10603620385800498	-1.9763250531531183e-06
1124.7811781100002	0.10608391600165137	-1.9019035569392377e-06
1125.990620237	0.10613153421793131	-1.8278271428444869e-06
1127.2000623640001	0.1061790586533295	-1.7540980615069098e-06
1128.409504491	0.10622648945452762	-1.6807185689122692e-06
1129.618946618	0.1062738267684939	-1.6076909258484762e-06
1130.828388745	0.10632107074257055	-1.5350174001095562e-06
1132.037830872	0.10636822152454704	-1.4627002686341296e-06
1133.2472729990002	0.10641527926273774	-1.3907418161896237e-06
1134.456715126	0.10646224410605755	-1.319144338905471e-06
1135.6661572530002	0.10650911620408489	-1.247910144973937e-06
1136.87559938	0.10655589570712638	-1.1770415564321159e-06
1138.0850415070001	0.10660258276628018	-1.1065409103497813e-06
1139.294483634	0.10664917753348366	-1.0364105619800786e-06
1140.5039257610001	0.10669568016157432	-9.66652884477632e-07
1141.713367888	0.10674209080432936	-8.972702719685713e-07
1142.922810015	0.10678840961650962	-8.282651421482809e-07
1144.132252142	0.10683463675390163	-7.596399363152262e-07
1145.341694269	0.10688077237334581	-6.913971233781652e-07
1146.5511363960002	0.10692681663277243	-6.235392029907937e-07
1147.760578523	0.10697276969122196	-5.56068702254036e-07
1148.9700206500002	0.10701863170887232	-4.88988185607872e-07
1150.179462777	0.1070644028470496	-4.223002499220696e-07
1151.3889049040001	0.1071100832682461	-3.5600753419849293e-07
1152.598347031	0.10715567313612934	-2.9011271681809656e-07
1153.807789158	0.10720117261554735	-2.246185192059623e-07
1155.017231285	0.10724658187252797	-1.5952770897505186e-07
1156.226673412	0.10729190107428196	-9.48431040362005e-08
1157.4361155390002	0.1073371303891913	-3.056757265666385e-08
1158.645557666	0.10738226998680506	3.329596118912745e-08
1159.8549997930002	0.10742732003782722	9.674451764956488e-08
1161.06444192	0.10747228071409592	1.59775055274744e-07
1162.2738840470001	0.1075171521885731	2.2238447119904414e-07
1163.483326174	0.10756193463531219	2.84569595796879e-07
1164.6927683010001	0.10760662822944328	3.4632719064916703e-07
1165.902210428	0.10765123314714001	4.076539441475423e-07
1167.111652555	0.10769574956559258	4.685464712050891e-07
1168.321094682	0.10774017766297397	5.290013075551735e-07
1169.530536809	0.10778451761840739	5.890149070123148e-07
1170.7399789360002	0.10782876961192983	6.485836431123666e-07
1171.949421063	0.10787293382445155	7.077037992597214e-07
1173.1588631900001	0.10791701043771665	7.66371568723407e-07
1174.368305317	0.10796099963426455	8.245830553110269e-07
1175.5777474440001	0.10800490159738518	8.823342634019064e-07
1176.787189571	0.10804871651107427	9.396211028051861e-07
1177.996631698	0.10809244455999083	9.96439381320026e-07
1179.206073825	0.10813608592941229	1.0527848035590294e-06
1180.415515952	0.10817964080518466	1.1086529705787475e-06
1181.6249580790002	0.108223109373683	1.1640393748017092e-06
1182.834400206	0.10826649182176429	1.2189394002922425e-06
1184.0438423330002	0.10830978833671864	1.2733483216701043e-06
1185.25328446	0.1083529991062327	1.3272613024499155e-06
1186.4627265870001	0.10839612431833831	1.380673392146342e-06
1187.672168714	0.1084391641613737	1.4335795291160053e-06
1188.881610841	0.10848211882394772	1.4859745408077156e-06
1190.091052968	0.1085249884948973	1.5378531403888694e-06
1191.300495095	0.10856777336325255	1.589209931797831e-06
1192.5099372220002	0.10861047361820629	1.6400394118234324e-06
1193.719379349	0.1086530894490823	1.6903359703547734e-06
1194.9288214760002	0.10869562104530744	1.7400938957558287e-06
1196.138263603	0.10873806859639445	1.789307381180709e-06
1197.3477057300001	0.1087804322919183	1.8379705291524627e-06
1198.557147857	0.10882271232150056	1.8860773614150055e-06
1199.7665899840001	0.10886490887480157	1.9336218236710827e-06
1200.976032111	0.10890702214151479	1.980597806405457e-06
1202.185474238	0.10894905231135459	2.0269991521703126e-06
1203.394916365	0.10899099957407038	2.072819675594424e-06
1204.604358492	0.10903286411943881	2.11805318382427e-06
1205.8138006190002	0.10907464613727642	2.162693502326743e-06
1207.023242746	0.10911634581744126	2.206734496138646e-06
1208.2326848730002	0.10915796334984723	2.250170112016135e-06
1209.442127	0.10919949892447028	2.2929944080486188e-06
