0.0	0.0	0.0
1.209442127	6.849228315099865e-06	-6.31375100640469e-09
2.418884254	2.7376768600382893e-05	-6.468265031728409e-09
3.6283263810000004	6.142867813656534e-05	-6.63635252170857e-09
4.837768508	0.00010877204528085682	-6.7731136399603546e-09
6.047210635000001	0.00016908940478784626	-6.8661037265385465e-09
7.256652762000001	0.0002419839051508303	-6.890144918183421e-09
8.466094889	0.0003269852011500951	-6.91408781237305e-09
9.675537016	0.0004235562315512932	-6.910900962283674e-09
10.884979143	0.0005311005141020041	-6.893482100303692e-09
12.094421270000002	0.0006489700281951084	-6.878906973336804e-09
13.303863397	0.0007764735228353494	-6.895016119363474e-09
14.513305524000002	0.0009128850914249342	-6.975698726660075e-09
15.722747651	0.0010574529248843104	-7.163183950295235e-09
16.932189778	0.0012094080576861316	-7.525206295122891e-09
18.141631905	0.001367973014708085	-8.13466552972153e-09
19.351074032	0.0015323702611272506	-9.071691526880282e-09
20.560516159000002	0.0017018303130721716	-1.0418070331983179e-08
21.769958286	0.0018755993644690558	-1.2272425165514578e-08
22.979400413	0.002052946374872631	-1.4752491366964299e-08
24.188842540000003	0.002233169634255424	-1.8008433723187486e-08
25.398284667000002	0.0024156026462552388	-2.226758199662046e-08
26.607726794	0.002599619115468259	-2.7669955795801143e-08
27.817168921	0.00278463721100171	-3.414799435233484e-08
29.026611048000003	0.002970123104206118	-4.160283827506217e-08
30.236053175000002	0.0031555936882654697	-4.998658989464541e-08
31.445495302	0.0033406184712108803	-5.928755961561241e-08
32.654937429	0.003524820677136919	-6.950383371574428e-08
33.864379556	0.003707877594609721	-8.062319173775603e-08
35.073821683000006	0.0038895202069587917	-9.261110540037185e-08
36.28326381	0.004069532144225604	-1.0540741432127354e-07
37.492705937000004	0.004247748007978111	-1.1893699258889306e-07
38.702148064	0.004424051137518717	-1.3314817934881665e-07
39.911590191	0.004598370907502106	-1.480977966090806e-07
41.121032318000005	0.004770679668376952	-1.6409061572800893e-07
42.330474445	0.004940989450252715	-1.8184161465310822e-07
43.539916572	0.005109348519967846	-2.0256566303934048e-07
44.749358699000005	0.005275837787139386	-2.2786501842862739e-07
45.958800826	0.0054405669482758484	-2.593738072098617e-07
47.168242953000004	0.005603670279075386	-2.9832443466850517e-07
48.377685080000006	0.005765302181273292	-3.453094684332039e-07
49.587127207	0.005925632763766092	-4.00357352401369e-07
50.796569334000004	0.0060848436968134485	-4.63196863033713e-07
52.00601146100001	0.006243124410052127	-5.335127713718482e-07
53.215453588	0.006400668594921454	-6.110909813806034e-07
54.424895715000005	0.006557670968196637	-6.958644262460706e-07
55.634337842	0.006714324294493105	-7.879137352241258e-07
56.843779969	0.006870816687659716	-8.874604838608746e-07
58.053222096000006	0.007027329207219967	-9.94865378445807e-07
59.262664223	0.007184033761294998	-1.1106300302409985e-06
60.472106350000004	0.007341091328141388	-1.2353921436626322e-06
61.68154847700001	0.007498650509666505	-1.3698962468356238e-06
62.890990604	0.0076568464271872805	-1.5149283678593528e-06
64.100432731	0.007815799943737642	-1.671237285259114e-06
65.309874858	0.007975617141600801	-1.8394937161408942e-06
66.519316985	0.008136388963089049	-2.0203079693853834e-06
67.728759112	0.008298190988646745	-2.214267047957047e-06
68.93820123900001	0.008461083399278632	-2.4219302424350123e-06
70.14764336600001	0.00862511117344026	-2.643745047568001e-06
71.357085493	0.008790304540044919	-2.8798999343344206e-06
72.56652762	0.008956679690070956	-3.130187347843462e-06
73.775969747	0.009124239720559764	-3.393958459346584e-06
74.98541187400001	0.009292975740800742	-3.6701970761911923e-06
76.19485400100001	0.009462868046048019	-3.957670255485407e-06
77.404296128	0.009633887282195096	-4.255084925398195e-06
78.613738255	0.009805995567421807	-4.561201546851405e-06
79.823180382	0.009979147571636541	-4.874893116213128e-06
81.032622509	0.010153291567149957	-5.195161300534067e-06
82.24206463600001	0.010328370459756814	-5.5211271370774265e-06
83.45150676300001	0.010504322799462857	-5.852010291733378e-06
84.66094889	0.010681083761849064	-6.187105895423019e-06
85.870391017	0.010858586086990219	-6.525764344556678e-06
87.079833144	0.01103676096249796	-6.867377234811775e-06
88.28927527100001	0.01121553883939206	-7.2113711932280875e-06
89.49871739800001	0.011394850173024542	-7.557210189298308e-06
90.708159525	0.011574626085523804	-7.904405587024453e-06
91.917601652	0.011754798950623339	-8.252531398403838e-06
93.127043779	0.01193530290517198	-8.601239984624628e-06
94.33648590600001	0.012116074292586747	-8.950271644053362e-06
95.54592803300001	0.012297052041661795	-9.29945172878626e-06
96.75537016000001	0.012478177980925813	-9.648673066139403e-06
97.964812287	0.012659397086419876	-9.997868723155348e-06
99.174254414	0.012840657663016022	-1.0346984561418124e-05
100.383696541	0.013021911465947805	-1.0695958667622518e-05
101.59313866800001	0.01320311377360121	-1.1044709645515946e-05
102.80258079500001	0.013384223421793394	-1.1393132899443353e-05
104.01202292200001	0.013565202806676486	-1.1741104024028982e-05
105.221465049	0.013746017861317465	-1.2088489078197588e-05
106.430907176	0.013926638010765944	-1.243516123581017e-05
107.64034930300001	0.01410703611132858	-1.2781021791277887e-05
108.84979143000001	0.014287188380722952	-1.3126021455521844e-05
110.05923355700001	0.014467074325701157	-1.3470176350174716e-05
111.268675684	0.014646676671627248	-1.3813573385344086e-05
112.478117811	0.014825981293925244	-1.4156363058627844e-05
113.687559938	0.015004977145490182	-1.4498744375070205e-05
114.89700206500001	0.015183656171138253	-1.4840954020749891e-05
116.10644419200001	0.015362013205922502	-1.5183274245374884e-05
117.31588631900001	0.015540045870612761	-1.552606623250654e-05
118.525328446	0.015717754494344763	-1.586982160170676e-05
119.734770573	0.01589514209240977	-1.621521495407622e-05
120.94421270000001	0.016072214401678015	-1.656314023807011e-05
122.15365482700001	0.01624897994820795	-1.6914718373620824e-05
123.36309695400001	0.01642545011270702	-1.7271269882795925e-05
124.572539081	0.01660163916887046	-1.763425549229907e-05
125.781981208	0.01677756428490958	-1.8005196927808886e-05
126.99142333500001	0.01695324549223836	-1.8385593398784206e-05
128.200865462	0.017128705634293407	-1.877684554401661e-05
129.410307589	0.017303970311176028	-1.9180192356133344e-05
130.619749716	0.017479067832473178	-1.9596662450907694e-05
131.82919184300002	0.01765402918340484	-2.0027040326232523e-05
133.03863397	0.017828888000925577	-2.0471849529521587e-05
134.24807609700002	0.01800368054826902	-2.0931355869081673e-05
135.457518224	0.01817844566992615	-2.1405593113300175e-05
136.666960351	0.018353224706374786	-2.1894408808142453e-05
137.87640247800002	0.01852806135300119	-2.239751670265501e-05
139.085844605	0.01870300146351513	-2.29145276027954e-05
140.29528673200002	0.018878092819432226	-2.344492681191808e-05
141.504728859	0.019053384896623525	-2.3987992544472446e-05
142.714170986	0.019228928643310942	-2.454269892531672e-05
143.92361311300002	0.01940477625416666	-2.510767341080359e-05
145.13305524	0.01958098091412777	-2.5681246582843174e-05
146.34249736700002	0.01975759650266841	-2.6261571287821382e-05
147.551939494	0.019934677271934053	-2.6846755210402536e-05
148.761381621	0.02011227751930021	-2.743496246745275e-05
149.97082374800002	0.020290451267763993	-2.8024469587275072e-05
151.180265875	0.020469251957372342	-2.8613683001213128e-05
152.38970800200002	0.020648732144554628	-2.9201132174966685e-05
153.599150129	0.020828943204432657	-2.9785450249621495e-05
154.808592256	0.02100993503224361	-3.036534948768193e-05
156.018034383	0.0211917557424036	-3.093959599731293e-05
157.22747651	0.021374451366436585	-3.150698798554466e-05
158.43691863700002	0.021558065553126116	-3.206634280317547e-05
159.646360764	0.021742639275116465	-3.2616497904595226e-05
160.85580289100002	0.021928210545649453	-3.315632805227231e-05
162.065245018	0.022114814147793607	-3.368477621667684e-05
163.274687145	0.02230248137739025	-3.420089099544048e-05
164.48412927200002	0.02249123980065213	-3.4703861318903864e-05
165.693571399	0.022681113027825536	-3.5193040359432146e-05
166.90301352600002	0.022872120505020785	-3.566795388018976e-05
168.112455653	0.02306427732677701	-3.612829215018931e-05
169.32189778	0.0232575940719923	-3.6573887946684744e-05
170.53133990700002	0.02345207666567753	-3.700468552358775e-05
171.740782034	0.023647726268679854	-3.7420706583836394e-05
172.95022416100002	0.0238445391970791	-3.7822019179888436e-05
174.159666288	0.024042506872301146	-3.820871419843441e-05
175.369108415	0.02424161580218772	-3.858089200663509e-05
176.57855054200002	0.024441847592461513	-3.893865948850772e-05
177.787992669	0.024643178987372383	-3.928213557472145e-05
178.99743479600002	0.024845581937808246	-3.961146187853731e-05
180.206876923	0.025049023694763087	-3.9926814368535304e-05
181.41631905	0.025253466925698652	-4.022841221092838e-05
182.62576117700002	0.025458869851095974	-4.051652092883912e-05
183.835203304	0.025665186398469132	-4.0791448639002775e-05
185.04464543100002	0.02587236637147547	-4.105353599633335e-05
186.254087558	0.0260803556325857	-4.130314210361308e-05
187.46352968500003	0.02628909629886119	-4.1540629614700286e-05
188.67297181200001	0.026498526951401917	-4.1766352327939765e-05
189.882413939	0.026708582859555574	-4.198064782631565e-05
191.09185606600002	0.0269191962209	-4.218383652034724e-05
192.301298193	0.027130296417368922	-4.2376227258670435e-05
193.51074032000002	0.027341810286938592	-4.255812875480526e-05
194.720182447	0.027553662409371966	-4.272986544399775e-05
195.929624574	0.02776577540382333	-4.2891795938027055e-05
197.13906670100002	0.027978070235726273	-4.304433192543061e-05
198.348508828	0.028190466530270623	-4.31879552093839e-05
199.55795095500002	0.02840288288984686	-4.332323079337015e-05
200.767393082	0.028615237213041853	-4.3450814537049354e-05
201.976835209	0.028827447013050386	-4.3571454854491806e-05
203.18627733600002	0.02903942973370865	-4.3685988901013065e-05
204.395719463	0.029251103061690313	-4.379533439263436e-05
205.60516159000002	0.029462385233676565	-4.390047846936952e-05
206.814603717	0.029673195337477046	-4.400246487906538e-05
208.02404584400003	0.029883453606147123	-4.410238042742293e-05
209.23348797100002	0.030093081704157164	-4.42013412930084e-05
210.442930098	0.030302003004678175	-4.430047956503931e-05
211.65237222500002	0.03051014285706966	-4.440093021397008e-05
212.861814352	0.030717428843695025	-4.450381863213386e-05
214.07125647900003	0.030923791025198405	-4.4610248861813584e-05
215.28069860600002	0.031129162173388566	-4.472129260828933e-05
216.490140733	0.0313334779908432	-4.4837979131578595e-05
217.69958286000002	0.03153667731635663	-4.496128610109035e-05
218.909024987	0.03173870231536801	-4.509213146892954e-05
220.11846711400003	0.0319394986545807	-4.5231366401853046e-05
221.32790924100001	0.03213901566009488	-4.537976927757384e-05
222.537351368	0.032337206458516225	-4.5538040734104807e-05
223.74679349500002	0.03253402810065739	-4.5706799744417784e-05
224.956235622	0.03272944166760305	-4.588658068100174e-05
226.16567774900003	0.03292341235904171	-4.607783133059838e-05
227.375119876	0.033115909563885285	-4.628091181225341e-05
228.584562003	0.033306906913299385	-4.649609434802596e-05
229.79400413000002	0.03349638231634452	-4.6723563829348044e-05
231.003446257	0.03368431797851225	-4.696341911218649e-05
232.21288838400002	0.033870700403498606	-4.721567496799965e-05
233.422330511	0.03405552037862965	-4.748026461100924e-05
234.63177263800003	0.034238772944408455	-4.775704272116932e-05
235.84121476500002	0.034420457348713976	-4.804578888221479e-05
237.050656892	0.03460057698623546	-4.8346211355560983e-05
238.26009901900002	0.03477913932378028	-4.86579511243361e-05
239.469541146	0.034956155812130504	-4.8980586144612565e-05
240.67898327300003	0.035131641785173036	-4.9313635755348154e-05
241.88842540000002	0.0353056163470596	-4.965656520924608e-05
243.097867527	0.03547810224818133	-5.000879029949841e-05
244.30730965400002	0.035649125750770054	-5.036968207249373e-05
245.516751781	0.0358187164849498	-5.073857162090842e-05
246.72619390800003	0.03598690729608877	-5.111475497216085e-05
247.93563603500002	0.036153734084298714	-5.149749807898188e-05
249.145078162	0.036319235636947354	-5.188604193726541e-05
250.35452028900002	0.03648345345506203	-5.2279607831377806e-05
251.563962416	0.03664643157451667	-5.2677402683635674e-05
252.77340454300003	0.036808216382936215	-5.307862440838418e-05
253.98284667000001	0.03696885643327981	-5.348246704339754e-05
255.192288797	0.037128402255104706	-5.388812520759276e-05
256.401730924	0.037286906164438666	-5.429479714556644e-05
257.61117305100004	0.037444422072906616	-5.4701685354624496e-05
258.820615178	0.037601005296103454	-5.510799382376849e-05
260.030057305	0.0377567123602759	-5.5512921625266304e-05
261.239499432	0.03791160080574322	-5.5915654170107104e-05
262.448941559	0.03806572898607	-5.6315355294520725e-05
263.65838368600004	0.03821915586412636	-5.67111641077353e-05
264.867825813	0.038371940808649994	-5.710219918496871e-05
266.07726794	0.0385241433958523	-5.7487569750141326e-05
267.286710067	0.03867582321929734	-5.7866390902768655e-05
268.49615219400005	0.038827039708862456	-5.823779915099456e-05
269.70559432100004	0.03897785195778536	-5.8600965454076726e-05
270.915036448	0.039128318556244296	-5.8955104581249335e-05
272.124478575	0.039278497430315314	-5.9299480897802986e-05
273.333920702	0.03942844568583888	-5.963341136475814e-05
274.54336282900005	0.039578219457279934	-5.995626667347834e-05
275.75280495600003	0.03972787376198108	-6.026747129279225e-05
276.962247083	0.03987746236029535	-6.05665029803238e-05
278.17168921	0.040027037622084066	-6.085289209136792e-05
279.381131337	0.04017665039997949	-6.11262208604843e-05
280.59057346400004	0.040326349909737616	-6.138612273690926e-05
281.80001559100003	0.04047618361793018	-6.163228177783614e-05
283.009457718	0.04062619713716857	-6.186443208858888e-05
284.218899845	0.04077643412898931	-6.208235727172759e-05
285.428341972	0.040926936214501955	-6.228588984782263e-05
286.63778409900004	0.04107774289286235	-6.247491061301368e-05
287.84722622600003	0.04122889146760143	-6.264934790155274e-05
289.056668353	0.04138041698082356	-6.280917672810658e-05
290.26611048	0.041532352155257836	-6.295441778755156e-05
291.475552607	0.041684727344129056	-6.308513630311728e-05
292.68499473400004	0.04183757048879402	-6.32014407115928e-05
293.89443686100003	0.041990907084074006	-6.330348118260137e-05
295.103878988	0.04214476015119098	-6.339144797623888e-05
296.313321115	0.04229915021820174	-6.346556964163114e-05
297.522763242	0.04245409530781054	-6.352611106993228e-05
298.73220536900004	0.04260961093241973	-6.357337140652612e-05
299.94164749600003	0.04276571009626573	-6.360768184995001e-05
301.151089623	0.04292240330447983	-6.36294033437134e-05
302.36053175	0.04307969857888744	-6.363892418854988e-05
303.569973877	0.04323760148036257	-6.36366575923232e-05
304.77941600400004	0.04339611513753253	-6.362303918239047e-05
305.98885813100003	0.04355524028161719	-6.359852450274657e-05
307.198300258	0.04371497528718584	-6.356358651792189e-05
308.407742385	0.043875316218597596	-6.351871314537114e-05
309.617184512	0.04403625688188416	-6.346440483942159e-05
310.82662663900004	0.04419778888183009	-6.34011722430404e-05
312.036068766	0.04435990168399335	-6.332953392691396e-05
313.245510893	0.04452258268140801	-6.325001422907706e-05
314.45495302	0.04468581726569775	-6.316314120828614e-05
315.664395147	0.0448495889023341	-6.306944472062037e-05
316.87383727400004	0.045013879209759286	-6.296945462565783e-05
318.083279401	0.045178668042093785	-6.286369912703212e-05
319.292721528	0.04534393357514752	-6.275270325158296e-05
320.502163655	0.04550965239544496	-6.263698746561928e-05
321.71160578200005	0.04567579959198062	-6.251706642909638e-05
322.92104790900004	0.04584234885041099	-6.239344788678061e-05
324.130490036	0.04600927254939332	-6.226663169329148e-05
325.339932163	0.046176541858780965	-6.21371089678368e-05
326.54937429	0.04634412683938311	-6.200536137792277e-05
327.75881641700005	0.04651199654400218	-6.18718605415753e-05
328.96825854400004	0.0466801191194552	-6.173706754769755e-05
330.177700671	0.046848461909301115	-6.160143257885782e-05
331.387142798	0.04701699155698336	-6.146539463338686e-05
332.596584925	0.04718567410912152	-6.132938132817622e-05
333.80602705200005	0.0473544751186599	-6.119380877135823e-05
335.01546917900004	0.04752335974762405	-6.105908148870166e-05
336.224911306	0.04769229286919764	-6.092559239016804e-05
337.434353433	0.04786123916888102	-6.07937227559887e-05
338.64379556	0.04803016324445841	-6.066384222919857e-05
339.85323768700005	0.048199029704531014	-6.053630880436742e-05
341.06267981400003	0.04836780326537778	-6.041146879263298e-05
342.272121941	0.04853644884589521	-6.0289656757427784e-05
343.481564068	0.048704931660398305	-6.017119540903913e-05
344.691006195	0.04887321730905554	-6.005639545259879e-05
345.90044832200005	0.049041271865744224	-5.9945555383196514e-05
347.10989044900003	0.049209061963130546	-5.983896122432539e-05
348.319332576	0.049376554874774825	-5.973688621020365e-05
349.528774703	0.0495437185940837	-5.963959041064594e-05
350.73821683	0.04971052190993845	-5.9547320300576065e-05
351.94765895700004	0.04987693447883922	-5.946030827886327e-05
353.15710108400003	0.0500429268934178	-5.9378772137852476e-05
354.366543211	0.050208470747187636	-5.930291449551296e-05
355.575985338	0.050373538695403494	-5.923292219051947e-05
356.785427465	0.05053810451192532	-5.916896565526068e-05
357.99486959200004	0.050702143141987455	-5.9111198270737214e-05
359.20431171900003	0.0508656307507932	-5.9059755714341994e-05
360.413753846	0.0510285447678561	-5.9014755312458006e-05
361.623195973	0.051190863927040864	-5.897629540526153e-05
362.8326381	0.05135256830225254	-5.894445473781339e-05
364.04208022700004	0.05151363933874656	-5.891929188386359e-05
365.25152235400003	0.051674059880038134	-5.890084471576497e-05
366.460964481	0.051833814190409014	-5.888912992979903e-05
367.670406608	0.05199288797301884	-5.888414263474119e-05
368.87984873500005	0.0521512683836398	-5.8885856014956675e-05
370.08929086200004	0.05230894404004971	-5.889422107193537e-05
371.29873298900003	0.05246590502712567	-5.890916645925372e-05
372.508175116	0.052622142897697316	-5.893059840579584e-05
373.717617243	0.05277765066922901	-5.89584007446714e-05
374.92705937000005	0.052932422816404784	-5.8992435042549626e-05
376.13650149700004	0.05308645525971524	-5.903254083734419e-05
377.34594362400003	0.05323974535013844	-5.907853598587781e-05
378.555385751	0.05339229185003547	-5.913021712157171e-05
379.764827878	0.053544094910369454	-5.91873602207478e-05
380.97427000500005	0.053695156044388195	-5.924972127801034e-05
382.18371213200004	0.05384547809790296	-5.931703708835466e-05
383.393154259	0.053995065216310756	-5.9389026131909106e-05
384.602596386	0.054143922808509735	-5.946538955371901e-05
385.812038513	0.05429205750787848	-5.9545812238858895e-05
387.02148064000005	0.054439477130470336	-5.962996397143941e-05
388.23092276700004	0.054586190630608294	-5.9717500671296886e-05
389.440364894	0.05473220805404667	-5.9808065700302573e-05
390.649807021	0.054877540488884054	-5.990129122970117e-05
391.859249148	0.055022200014415386	-5.999679965678836e-05
393.06869127500005	0.0551661996481006	-6.009420506462339e-05
394.27813340200004	0.05530955329084648	-6.019311470990482e-05
395.487575529	0.055452275670787775	-6.0293130532263275e-05
396.697017656	0.05559438228576095	-6.039385067232658e-05
397.906459783	0.05573588934465881	-6.049487098936865e-05
399.11590191000005	0.05587681370786077	-6.059578656952662e-05
400.32534403700004	0.056017172826928974	-6.069619321444862e-05
401.534786164	0.056156984683757454	-6.079568890332912e-05
402.744228291	0.056296267729363414	-6.0893875219398055e-05
403.953670418	0.056435040822509046	-6.0990358735435804e-05
405.16311254500005	0.05657332316833322	-6.108475235060834e-05
406.37255467200004	0.05671113425717489	-6.117667657686877e-05
407.581996799	0.056848493803767275	-6.126576076443714e-05
408.791438926	0.05698542168697146	-6.135164426998574e-05
410.000881053	0.0571219378902154	-6.143397755716332e-05
411.21032318000005	0.05725806244280955	-6.151242323178957e-05
412.41976530700003	0.057393815362283926	-6.158665700548363e-05
413.629207434	0.05752921659790483	-6.165636858964339e-05
414.838649561	0.057664285975513783	-6.172126251564186e-05
416.04809168800006	0.05779904314382003	-6.17810588792525e-05
417.25753381500004	0.05793350752228364	-6.183549401387461e-05
418.46697594200003	0.0580676982507063	-6.188432108773442e-05
419.676418069	0.0582016341406468	-6.192731062485204e-05
420.885860196	0.058335333628764544	-6.196425095624306e-05
422.09530232300006	0.05846881473219167	-6.199494859705432e-05
423.30474445000004	0.05860209500602643	-6.2019228550406e-05
424.51418657700003	0.05873519150302365	-6.203693454617798e-05
425.723628704	0.058868120735561344	-6.204792920978114e-05
426.933070831	0.059000898639947924	-6.205209416507325e-05
428.14251295800005	0.0591335405431258	-6.204933007667932e-05
429.35195508500004	0.059266061131822215	-6.203955663002664e-05
430.56139721200003	0.05939847442418558	-6.202271245292316e-05
431.770839339	0.0595307937439412	-6.199875498328136e-05
432.980281466	0.059663031697093846	-6.196766028067173e-05
434.18972359300005	0.05979520015118564	-6.192942278841936e-05
435.39916572000004	0.059927310217125926	-6.188405504873977e-05
436.60860784700003	0.06005937223358856	-6.18315873673371e-05
437.818049974	0.06019139575397252	-6.177206743620406e-05
439.027492101	0.06032338953591151	-6.17055599150592e-05
440.23693422800005	0.060455361533308175	-6.16321459693172e-05
441.44637635500004	0.060587318890869955	-6.15519227721243e-05
442.65581848200003	0.06071926794110713	-6.146500296898977e-05
443.865260609	0.06085121420374849	-6.137151410740352e-05
445.074702736	0.06098316238754043	-6.127159803477264e-05
446.28414486300005	0.061115116394353276	-6.116541026265909e-05
447.49358699000004	0.061247079325562365	-6.105311930629242e-05
448.703029117	0.06137905349061231	-6.093490599111927e-05
449.912471244	0.06151104041771302	-6.081096273817359e-05
451.121913371	0.06164304086658272	-6.068149282519204e-05
452.33135549800005	0.06177505484316588	-6.0546709625559567e-05
453.54079762500004	0.061907081616233095	-6.040683582859627e-05
454.750239752	0.0620391197357832	-6.0262102643687115e-05
455.959681879	0.062171167053156215	-6.011274898975322e-05
457.169124006	0.062303220742755655	-5.995902067196593e-05
458.37856613300005	0.06243527732529259	-5.980116954865111e-05
459.58800826000004	0.06256733269244442	-5.963945269406995e-05
460.797450387	0.06269938213283414	-5.947413155339698e-05
462.006892514	0.06283142035921727	-5.930547109701985e-05
463.216334641	0.06296344153678445	-5.913373897761462e-05
464.42577676800005	0.0630954393124598	-5.8959204689588984e-05
465.63521889500004	0.063227406845099	-5.878213873461956e-05
466.844661022	0.06335933683647506	-5.860281179624095e-05
468.054103149	0.06349122156294779	-5.842149392722672e-05
469.26354527600006	0.06362305290770663	-5.823845375271114e-05
470.47298740300005	0.06375482239348187	-5.8053957684127064e-05
471.68242953000004	0.06388652121562288	-5.786826916198175e-05
472.891871657	0.06401814027543103	-5.7681647910447914e-05
474.101313784	0.0641496702136509	-5.7494349224413224e-05
475.31075591100006	0.06428110144401672	-5.730662327691101e-05
476.52019803800005	0.06441242418675434	-5.711871445639172e-05
477.72964016500003	0.06454362850194126	-5.6930860736541244e-05
478.939082292	0.06467470432263145	-5.6743293072068074e-05
480.148524419	0.06480564148765199	-5.6556234833912006e-05
481.35796654600006	0.06493642977398316	-5.636990127463708e-05
482.56740867300005	0.06506705892863388	-5.618449903208901e-05
483.77685080000003	0.06519751869993505	-5.600022566903083e-05
484.986292927	0.06532779886816467	-5.581726924908277e-05
486.195735054	0.06545788927543397	-5.563580795544566e-05
487.40517718100006	0.06558777985476068	-5.5456009742674284e-05
488.61461930800004	0.06571746065826158	-5.527803203456659e-05
489.82406143500003	0.06584692188440117	-5.5102021454391664e-05
491.033503562	0.06597615390423454	-5.49281136023403e-05
492.242945689	0.06610514728659227	-5.4756432866735066e-05
493.45238781600005	0.06623389282215128	-5.458709227729695e-05
494.66182994300004	0.06636238154634767	-5.4420193398267355e-05
495.87127207000003	0.06649060476109013	-5.425582625847962e-05
497.080714197	0.06661855405522922	-5.409406932029015e-05
498.290156324	0.06674622132375979	-5.393498948554412e-05
499.49959845100005	0.06687359878571242	-5.377864213874928e-05
500.70904057800004	0.06700067900072237	-5.3625071225247775e-05
501.91848270500003	0.06712745488425208	-5.3474309362304406e-05
503.127924832	0.06725391972144133	-5.332637798879415e-05
504.337366959	0.06738006717958997	-5.318128753990792e-05
505.54680908600005	0.0675058913192535	-5.303903766027372e-05
506.75625121300004	0.0676313866039519	-5.289961744006644e-05
507.96569334000003	0.06775654790849217	-5.276300568458382e-05
509.175135467	0.06788137052591363	-5.262917120811214e-05
510.384577594	0.0680058501730625	-5.249807315305978e-05
511.59401972100005	0.06812998299480039	-5.236966133483935e-05
512.803461848	0.06825376556688219	-5.2243876607576886e-05
514.0129039750001	0.0683771948975061	-5.212065124990915e-05
515.2223461020001	0.06850026842756674	-5.19999093734555e-05
516.4317882290001	0.06862298402964144	-5.188156734316565e-05
517.641230356	0.06874534000573203	-5.176553421939317e-05
518.850672483	0.06886733508380737	-5.165171220968337e-05
520.06011461	0.06898896841316669	-5.153999713624832e-05
521.269556737	0.0691102395586784	-5.1430278912986335e-05
522.478998864	0.06923114849392906	-5.132244203003185e-05
523.688440991	0.06935169559332052	-5.121636604920113e-05
524.897883118	0.06947188162317636	-5.1111926103381e-05
526.1073252450001	0.0695917077318893	-5.100899339994906e-05
527.3167673720001	0.06971117543916845	-5.090743572664855e-05
528.5262094990001	0.06983028662443548	-5.0807117960481596e-05
529.735651626	0.06994904351442438	-5.070790257277573e-05
530.945093753	0.07006744867003545	-5.060965013323725e-05
532.15453588	0.07018550497249912	-5.051221981083355e-05
533.363978007	0.07030321560890998	-5.041546986873577e-05
534.573420134	0.07042058405717865	-5.031925815154187e-05
535.782862261	0.07053761407046694	-5.0223442565154944e-05
536.9923043880001	0.07065430966115974	-5.01278815455003e-05
538.2017465150001	0.07077067508443018	-5.003243451722275e-05
539.4111886420001	0.07088671482145706	-4.993696233941518e-05
540.6206307690001	0.07100243356235056	-4.9841327738286284e-05
541.830072896	0.07111783618884303	-4.9745395722633826e-05
543.039515023	0.07123292775679993	-4.964903398647219e-05
544.24895715	0.07134771347860852	-4.9552113291148614e-05
545.458399277	0.07146219870549948	-4.9454507830516345e-05
546.667841404	0.07157638890984491	-4.93560955806948e-05
547.877283531	0.07169028966750188	-4.925675862374815e-05
549.0867256580001	0.07180390664023732	-4.9156383456275266e-05
550.2961677850001	0.07191724555829508	-4.905486127194415e-05
551.5056099120001	0.07203031220314204	-4.895208822921354e-05
552.715052039	0.07214311239045171	-4.884796569036391e-05
553.924494166	0.07225565195335969	-4.874240044151941e-05
555.133936293	0.07236793672604189	-4.863530489048265e-05
556.34337842	0.07247997252765187	-4.852659723984451e-05
557.552820547	0.07259176514665741	-4.841620163897886e-05
558.762262674	0.07270332032561683	-4.8304048312901304e-05
559.971704801	0.07281464374642203	-4.8190073669207925e-05
561.1811469280001	0.07292574101604868	-4.807422038136458e-05
562.3905890550001	0.07303661765284154	-4.795643744962691e-05
563.6000311820001	0.07314727907336681	-4.7836680243756174e-05
564.809473309	0.0732577305798442	-4.7714910519264936e-05
566.018915436	0.07336797734820312	-4.759109641707185e-05
567.228357563	0.0734780244167677	-4.7465212441272914e-05
568.43779969	0.07358787667559766	-4.733723941889069e-05
569.647241817	0.07369753885650034	-4.7207164437549146e-05
570.856683944	0.07380701552372346	-4.707498076983799e-05
572.066126071	0.07391631106535572	-4.6940687774745665e-05
573.2755681980001	0.0740254296854208	-4.680429078686085e-05
574.4850103250001	0.0741343753966981	-4.66658009893664e-05
575.6944524520001	0.07424315201425492	-4.6525235270336585e-05
576.903894579	0.0743517631497087	-4.6382616066499224e-05
578.113336706	0.07446021220620636	-4.6237971193408e-05
579.322778833	0.07456850237413265	-4.6091333663490774e-05
580.53222096	0.07467663662753389	-4.5942741495013165e-05
581.741663087	0.07478461772125548	-4.579223750708454e-05
582.951105214	0.074892448188787	-4.563986910735736e-05
584.160547341	0.07500013034080635	-4.5485688072064226e-05
585.3699894680001	0.07510766626440601	-4.532975031595193e-05
586.5794315950001	0.07521505782299534	-4.5172115659646364e-05
587.7888737220001	0.07532230665685903	-4.5012847586683655e-05
588.998315849	0.0754294141843625	-4.4852013000225635e-05
590.207757976	0.07553638160377311	-4.468968197133931e-05
591.417200103	0.07564320989569841	-4.45259274867698e-05
592.62664223	0.07574989982609655	-4.436082519448069e-05
593.836084357	0.07585645194986088	-4.419445314694098e-05
595.045526484	0.07596286661493426	-4.402689154373203e-05
596.2549686110001	0.07606914396695007	-4.385822247245097e-05
597.4644107380001	0.07617528395435122	-4.3688529654434954e-05
598.6738528650001	0.07628128633398346	-4.351789818788157e-05
599.8832949920001	0.07638715067712203	-4.334641429486197e-05
601.092737119	0.07649287637591236	-4.317416507017627e-05
602.302179246	0.07659846265018504	-4.300123823486497e-05
603.511621373	0.07670390855463438	-4.282772189194255e-05
604.7210635	0.07680921298631321	-4.2653704287526004e-05
605.930505627	0.07691437469242732	-4.2479273576792945e-05
607.139947754	0.07701939227839345	-4.230451759598339e-05
608.3493898810001	0.07712426421613243	-4.212952363934902e-05
609.5588320080001	0.07722898885257165	-4.195437824385667e-05
610.7682741350001	0.07733356441831901	-4.17791669791185e-05
611.9777162620001	0.07743798903648992	-4.160397424526549e-05
613.187158389	0.07754226073164325	-4.142888307901056e-05
614.396600516	0.07764637743881414	-4.125397496837491e-05
615.606042643	0.07775033701260163	-4.107932967344942e-05
616.81548477	0.0778541372362884	-4.09050250578611e-05
618.024926897	0.07795777583096493	-4.073113692692164e-05
619.234369024	0.07806125046463076	-4.0557738877266755e-05
620.4438111510001	0.0781645587612464	-4.038490215532188e-05
621.6532532780001	0.07826769830970971	-4.0212695521280734e-05
622.8626954050001	0.07837066667273165	-4.004118513086831e-05
624.072137532	0.07847346139559024	-3.987043441863042e-05
625.281579659	0.07857608001473458	-3.9700503994492126e-05
626.491021786	0.07867852006622345	-3.953145155056667e-05
627.700463913	0.07878077909396915	-3.936333177765976e-05
628.90990604	0.07888285465777742	-3.919619628989755e-05
630.119348167	0.07898474434114933	-3.903009356341462e-05
631.328790294	0.07908644575884817	-3.8865068878062015e-05
632.5382324210001	0.07918795656418776	-3.8701164275213584e-05
633.7476745480001	0.07928927445605827	-3.8538418524089804e-05
634.9571166750001	0.07939039718564199	-3.837686709342453e-05
636.166558802	0.07949132256283556	-3.821654213677361e-05
637.376000929	0.07959204846234293	-3.805747248529674e-05
638.585443056	0.07969257282944733	-3.789968364970378e-05
639.794885183	0.07979289368543849	-3.774319783182885e-05
641.00432731	0.0798930091326934	-3.758803394296288e-05
642.213769437	0.07999291735940449	-3.7434207631747984e-05
643.4232115640001	0.08009261664394529	-3.728173132015039e-05
644.6326536910001	0.08019210535887583	-3.713061424469831e-05
645.8420958180001	0.08029138197456884	-3.698086251073193e-05
647.0515379450001	0.08039044506247717	-3.683247914588669e-05
648.260980072	0.08048929329802194	-3.6685464167579215e-05
649.470422199	0.08058792546311058	-3.653981465269983e-05
650.679864326	0.08068634044828352	-3.63955248140653e-05
651.889306453	0.08078453725449278	-3.6252586083279636e-05
653.09874858	0.08088251499451324	-3.6110987199092226e-05
654.308190707	0.08098027289399257	-3.597071429907103e-05
655.5176328340001	0.08107781029214811	-3.5831751017978766e-05
656.7270749610001	0.08117512664210787	-3.569407858837817e-05
657.9365170880001	0.08127222151091215	-3.5557675947178735e-05
659.1459592150001	0.08136909457917803	-3.5422519843062925e-05
660.355401342	0.08146574564043667	-3.528858494977749e-05
661.564843469	0.08156217460015375	-3.51558439803442e-05
662.774285596	0.08165838147444252	-3.502426780392122e-05
663.983727723	0.08175436638848055	-3.489382556545219e-05
665.19316985	0.08185012957464005	-3.4764484804423665e-05
666.402611977	0.08194567137034485	-3.4636211579466836e-05
667.6120541040001	0.08204099221566839	-3.450897058943428e-05
668.8214962310001	0.08213609265068193	-3.438272529762525e-05
670.0309383580001	0.0822309733125721	-3.425743805509501e-05
671.2403804850001	0.08232563493253178	-3.413307022535894e-05
672.449822612	0.08242007833245235	-3.4009582306497935e-05
673.659264739	0.08251430442141519	-3.388693405594924e-05
674.868706866	0.08260831419201545	-3.3765084609968174e-05
676.078148993	0.08270210871651582	-3.364399260549593e-05
677.28759112	0.08279568914285604	-3.352361629926394e-05
678.497033247	0.08288905669053226	-3.340391368662245e-05
679.7064753740001	0.08298221264635279	-3.328484261384303e-05
680.9159175010001	0.0830751583600996	-3.316636089424965e-05
682.1253596280001	0.08316789524009682	-3.304842641846384e-05
683.3348017550001	0.08326042474870866	-3.29309972603338e-05
684.544243882	0.08335274839778399	-3.281403178595314e-05
685.753686009	0.08344486774405076	-3.269748875276042e-05
686.963128136	0.08353678438449226	-3.258132740929787e-05
688.172570263	0.08362849995169816	-3.246550759265082e-05
689.38201239	0.08372001610922702	-3.234998981728465e-05
690.5914545170001	0.08381133454697492	-3.2234735365788136e-05
691.8008966440001	0.0839024569765731	-3.211970637072292e-05
693.0103387710001	0.08399338512682722	-3.2004865898936294e-05
694.2197808980001	0.08408412073920782	-3.189017802217482e-05
695.429223025	0.08417466556340547	-3.177560789482253e-05
696.638665152	0.08426502135296055	-3.16611218163388e-05
697.848107279	0.08435518986098252	-3.1546687298161444e-05
699.057549406	0.08444517283596614	-3.143227312045124e-05
700.266991533	0.0845349720177161	-3.131784938651544e-05
701.47643366	0.0846245891333883	-3.1203387570396396e-05
702.6858757870001	0.0847140258936572	-3.108886056588968e-05
703.8953179140001	0.08480328398901812	-3.0974242721623635e-05
705.1047600410001	0.08489236508623316	-3.0859509878551974e-05
706.3142021680001	0.0849812708249255	-3.0744639400729495e-05
707.523644295	0.08507000281433319	-3.0629610197769816e-05
708.733086422	0.08515856263021937	-3.0514402749886108e-05
709.942528549	0.08524695181195754	-3.039899911964905e-05
711.151970676	0.08533517185978354	-3.028338296631912e-05
712.361412803	0.08542322423222565	-3.016753955059452e-05
713.57085493	0.08551111034371955	-3.0051455736939195e-05
714.7802970570001	0.08559883156240017	-2.9935119989648457e-05
715.9897391840001	0.08568638920808305	-2.9818522367643097e-05
717.1991813110001	0.08577378455043047	-2.97016545108518e-05
718.4086234380001	0.08586101880730934	-2.958450962350749e-05
719.618065565	0.0859480931433347	-2.9467082456368157e-05
720.827507692	0.08603500866860384	-2.9349369278786064e-05
722.036949819	0.08612176643761985	-2.9231367853554263e-05
723.246391946	0.08620836744839991	-2.911307740108976e-05
724.455834073	0.08629481264177254	-2.8994498566890098e-05
725.6652762	0.08638110290085499	-2.8875633377657e-05
726.8747183270001	0.0864672390507147	-2.8756485202218254e-05
728.0841604540001	0.08655322185820619	-2.8637058702773305e-05
729.2936025810001	0.08663905203198347	-2.8517359786249877e-05
730.5030447080001	0.08672473022268277	-2.8397395552208493e-05
731.712486835	0.08681025702326994	-2.8277174238627162e-05
732.921928962	0.08689563296955215	-2.815670516417325e-05
734.131371089	0.08698085854083973	-2.8035998668612255e-05
735.340813216	0.08706593416076377	-2.791506605226944e-05
736.550255343	0.08715086019823529	-2.7793919512315163e-05
737.7596974700001	0.08723563696854374	-2.7672572079303487e-05
738.9691395970001	0.0873202647345885	-2.755103755147474e-05
740.1785817240001	0.08740474370823376	-2.7429330426577414e-05
741.3880238510001	0.08748907405178308	-2.7307465833879135e-05
742.5974659780001	0.0875732558795634	-2.7185459469418125e-05
743.806908105	0.0876572892596173	-2.7063327525462394e-05
745.016350232	0.08774117421548888	-2.694108662121969e-05
746.225792359	0.08782491072809778	-2.6818753735568385e-05
747.435234486	0.08790849873769721	-2.6696346138147323e-05
748.644676613	0.0879919381459072	-2.657388132451359e-05
749.8541187400001	0.0880752288178111	-2.6451376947119604e-05
751.0635608670001	0.08815837058411183	-2.6328850750398022e-05
752.2730029940001	0.08824136324333798	-2.6206320505303693e-05
753.4824451210001	0.08832420656409462	-2.608380394977447e-05
754.6918872480001	0.08840690028735115	-2.596131872474594e-05
755.901329375	0.08848944412874908	-2.5838882314508163e-05
757.110771502	0.08857183778094098	-2.57165119919283e-05
758.320213629	0.08865408091593473	-2.5594224760203815e-05
759.529655756	0.08873617318744631	-2.547203729984064e-05
760.739097883	0.08881811423325	-2.5349965918994993e-05
761.9485400100001	0.08889990367751863	-2.5228026505338258e-05
763.1579821370001	0.08898154113315718	-2.5106234477956582e-05
764.3674242640001	0.08906302620410043	-2.4984604747471315e-05
765.5768663910001	0.08914435848759568	-2.486315167294327e-05
766.786308518	0.08922553757644147	-2.4741889025641298e-05
767.995750645	0.08930656306119342	-2.4620829954306173e-05
769.205192772	0.08938743453232074	-2.4499986953689656e-05
770.414634899	0.08946815158231161	-2.437937183544757e-05
771.624077026	0.089548713807725	-2.425899570101045e-05
772.833519153	0.08962912081117745	-2.4138868922784357e-05
774.0429612800001	0.08970937220326702	-2.401900111901646e-05
775.2524034070001	0.08978946760442894	-2.389940114244475e-05
776.4618455340001	0.08986940664671136	-2.378007706298549e-05
777.6712876610001	0.08994918897548583	-2.3661036155978726e-05
778.880729788	0.09002881425106288	-2.3542284898665083e-05
780.090171915	0.09010828215023611	-2.3423828961647436e-05
781.299614042	0.09018759236773399	-2.3305673207230787e-05
782.509056169	0.09026674461758562	-2.3187821690287894e-05
783.718498296	0.0903457386343945	-2.3070277660604613e-05
784.9279404230001	0.09042457417452293	-2.2953043570278497e-05
786.1373825500001	0.09050325101718129	-2.283612107987533e-05
787.3468246770001	0.09058176896542247	-2.2719511071156787e-05
788.5562668040001	0.09066012784704397	-2.2603213659376162e-05
789.7657089310001	0.09073832751539046	-2.2487228207572485e-05
790.975151058	0.09081636785006297	-2.2371553344772976e-05
792.184593185	0.0908942487575351	-2.225618698494143e-05
793.394035312	0.09097197017166882	-2.2141126352457838e-05
794.603477439	0.09104953205413789	-2.2026367998114263e-05
795.812919566	0.09112693439475886	-2.191190783067641e-05
797.0223616930001	0.09120417721172924	-2.179774113954258e-05
798.2318038200001	0.09128126055177584	-2.1683862625642564e-05
799.4412459470001	0.09135818449021132	-2.157026642899372e-05
800.6506880740001	0.09143494913090627	-2.145694616041867e-05
801.8601302010001	0.09151155460617727	-2.134389493320399e-05
803.069572328	0.09158800107658416	-2.1231105398422656e-05
804.279014455	0.09166428873066076	-2.111856977437404e-05
805.488456582	0.09174041778455466	-2.1006279885891002e-05
806.697898709	0.09181638848160384	-2.0894227196293497e-05
807.907340836	0.09189220109183197	-2.0782402844315637e-05
809.1167829630001	0.09196785591138176	-2.0670797684493522e-05
810.3262250900001	0.0920433532618802	-2.055940231725749e-05
811.5356672170001	0.09211869348974455	-2.044820713070078e-05
812.7451093440001	0.09219387696542827	-2.033720233484207e-05
813.9545514710001	0.09226890408261201	-2.0226378000807663e-05
815.163993598	0.09234377525734416	-2.0115724096873844e-05
816.373435725	0.09241849092713536	-2.0005230523907278e-05
817.582877852	0.09249305155001149	-1.9894887152479418e-05
818.792319979	0.09256745760351738	-1.9784683859958366e-05
820.001762106	0.0926417095837002	-1.967461056271748e-05
821.2112042330001	0.09271580800404422	-1.9564657252462217e-05
822.4206463600001	0.09278975339439043	-1.9454814029939288e-05
823.6300884870001	0.09286354629982836	-1.9345071134300312e-05
824.8395306140001	0.09293718727956465	-1.9235418982285757e-05
826.0489727410001	0.09301067690577387	-1.9125848190823178e-05
827.258414868	0.09308401576244642	-1.901634961089249e-05
828.467856995	0.09315720444421494	-1.8906914353928467e-05
829.677299122	0.09323024355518238	-1.879753381979661e-05
830.886741249	0.09330313370774698	-1.868819972126491e-05
832.0961833760001	0.09337587552142816	-1.857890411025888e-05
833.3056255030001	0.09344846962169714	-1.8469639396423085e-05
834.5150676300001	0.09352091663881723	-1.8360398371429845e-05
835.7245097570001	0.09359321720669408	-1.82511742268035e-05
836.9339518840001	0.09366537196174092	-1.814196057252533e-05
838.143394011	0.09373738154176368	-1.8032751450911336e-05
839.352836138	0.09380924658486144	-1.7923541352098116e-05
840.562278265	0.0938809677283565	-1.781432522864404e-05
841.771720392	0.09395254560774426	-1.7705098501338834e-05
842.981162519	0.09402398085567448	-1.7595857072005838e-05
844.1906046460001	0.09409527410096435	-1.7486597328753017e-05
845.4000467730001	0.09416642596764024	-1.7377316150261196e-05
846.6094889000001	0.09423743707401899	-1.7268010912979692e-05
847.8189310270001	0.09430830803182194	-1.715867948934649e-05
849.0283731540001	0.09437903944532891	-1.7049320249151734e-05
850.237815281	0.09444963191057389	-1.693993205672574e-05
851.447257408	0.0945200860145767	-1.683051426835079e-05
852.656699535	0.09459040233462582	-1.672106672876046e-05
853.866141662	0.09466058143759654	-1.6611589761685377e-05
855.075583789	0.09473062387931941	-1.6502084163422595e-05
856.2850259160001	0.09480053020399327	-1.63925511914801e-05
857.4944680430001	0.09487030094364177	-1.6282992555795642e-05
858.7039101700001	0.09493993661762057	-1.6173410404192803e-05
859.9133522970001	0.09500943773216902	-1.6063807310560604e-05
861.1227944240001	0.09507880478000906	-1.5954186256755126e-05
862.332236551	0.0951480382399944	-1.5844550619467657e-05
863.541678678	0.09521713857680374	-1.57349041529347e-05
864.751120805	0.09528610624068484	-1.562525096679597e-05
865.960562932	0.09535494166723882	-1.5515595512678032e-05
867.170005059	0.09542364527725974	-1.5405942559677463e-05
868.3794471860001	0.09549221747661293	-1.5296297175603282e-05
869.5888893130001	0.09556065865616042	-1.5186664704666675e-05
870.7983314400001	0.0956289691917344	-1.5077050746869006e-05
872.0077735670001	0.09569714944414517	-1.4967461133797225e-05
873.2172156940001	0.09576519975924289	-1.4857901905971846e-05
874.426657821	0.09583312046800721	-1.4748379293504782e-05
875.636099948	0.09590091188669234	-1.4638899685467596e-05
876.845542075	0.09596857431699471	-1.452946961216263e-05
878.054984202	0.09603610804627072	-1.4420095720264411e-05
879.2644263290001	0.09610351334777932	-1.4310784747013916e-05
880.4738684560001	0.0961707904809715	-1.4201543498867583e-05
881.6833105830001	0.09623793969179775	-1.409237882875683e-05
882.8927527100001	0.096304961213058	-1.3983297610955375e-05
884.1021948370001	0.09637185526477339	-1.3874306717563331e-05
885.3116369640001	0.09643862205459132	-1.3765413000948329e-05
886.521079091	0.09650526177821006	-1.365662326558055e-05
887.730521218	0.09657177461983148	-1.3547944252101027e-05
888.939963345	0.09663816075263433	-1.343938261216468e-05
890.149405472	0.0967044203392641	-1.333094489066114e-05
891.3588475990001	0.09677055353234601	-1.3222637506539112e-05
892.5682897260001	0.09683656047501238	-1.3114466732404295e-05
893.7777318530001	0.09690244130144395	-1.3006438678273696e-05
894.9871739800001	0.0969681961374188	-1.2898559272854493e-05
896.1966161070001	0.09703382510088188	-1.2790834248346122e-05
897.406058234	0.09709932830251274	-1.2683269124671645e-05
898.615500361	0.09716470584630628	-1.2575869195412606e-05
899.824942488	0.09722995783015508	-1.2468639513504506e-05
901.034384615	0.09729508434643552	-1.2361584881227447e-05
902.243826742	0.09736008548259603	-1.2254709833814728e-05
903.4532688690001	0.09742496132174146	-1.2148018635705846e-05
904.6627109960001	0.09748971194321907	-1.20415152653746e-05
905.8721531230001	0.09755433742319806	-1.193520340950563e-05
907.0815952500001	0.09761883783524573	-1.1829086456083271e-05
908.2910373770001	0.09768321325089022	-1.1723167487749306e-05
909.500479504	0.09774746374018416	-1.1617449275067027e-05
910.709921631	0.09781158937225051	-1.1511934276269703e-05
911.919363758	0.09787559021581954	-1.1406624627785522e-05
913.128805885	0.09793946633975475	-1.1301522150950968e-05
914.338248012	0.09800321781355995	-1.119662834259301e-05
915.5476901390001	0.09806684470787654	-1.1091944378325072e-05
916.7571322660001	0.09813034709496132	-1.098747111715967e-05
917.9665743930001	0.09819372504914586	-1.088320909748905e-05
919.1760165200001	0.09825697864728178	-1.0779158541801906e-05
920.3854586470001	0.09832010796916371	-1.0675319363599722e-05
921.594900774	0.0983831130979321	-1.0571691168489647e-05
922.804342901	0.0984459941204541	-1.0468273262115649e-05
924.013785028	0.09850875112768935	-1.0365064652970504e-05
925.223227155	0.09857138421502819	-1.0262064064696721e-05
926.432669282	0.09863389348260723	-1.0159269939092816e-05
927.6421114090001	0.09869627903560332	-1.0056680449175778e-05
928.8515535360001	0.09875854098450876	-9.954293505504141e-06
930.0609956630001	0.09882067944537484	-9.852106765875085e-06
931.2704377900001	0.09888269454003909	-9.750117649334061e-06
932.4798799170001	0.09894458639632281	-9.64832334330451e-06
933.689322044	0.09900635514821192	-9.54672081749687e-06
934.898764171	0.09906800093600883	-9.445306836334405e-06
936.108206298	0.09912952390645974	-9.344077972215162e-06
937.317648425	0.0991909242128621	-9.243030613634816e-06
938.5270905520001	0.09925220201515031	-9.142160984315466e-06
939.7365326790001	0.0993133574799534	-9.04146515528538e-06
940.9459748060001	0.09937439078063395	-8.940939057287475e-06
942.1554169330001	0.0994353020973015	-8.840578496071769e-06
943.3648590600001	0.09949609161680997	-8.740379165581881e-06
944.5743011870001	0.09955675953273013	-8.640336663623925e-06
945.783743314	0.0996173060452997	-8.540446508224081e-06
946.993185441	0.09967773136135946	-8.440704145766184e-06
948.202627568	0.09973803569426362	-8.341104974047935e-06
949.412069695	0.09979821926377655	-8.241644351025638e-06
950.6215118220001	0.09985828229595163	-8.14231761049871e-06
951.8309539490001	0.0999182250229872	-8.04312007688518e-06
953.0403960760001	0.09997804768307514	-7.94404707952362e-06
954.2498382030001	0.10003775052022788	-7.845093967999428e-06
955.4592803300001	0.10009733378409313	-7.746256123433541e-06
956.6687224570001	0.10015679772975444	-7.647528973529424e-06
957.878164584	0.10021614261752061	-7.548908004897416e-06
959.087606711	0.10027536871270129	-7.450388776419903e-06
960.297048838	0.10033447628537305	-7.351966933531566e-06
961.506490965	0.10039346561013723	-7.25363821750015e-06
962.7159330920001	0.10045233696586217	-7.155398479595683e-06
963.9253752190001	0.10051109063542982	-7.057243689931499e-06
965.1348173460001	0.10056972690546084	-6.959169951770497e-06
966.3442594730001	0.10062824606604776	-6.861173510008811e-06
967.5537016000001	0.10068664841047016	-6.763250760160808e-06
968.763143727	0.10074493423491437	-6.6653982586087e-06
969.972585854	0.10080310383818947	-6.5676127342694304e-06
971.182027981	0.10086115752143704	-6.469891091943555e-06
972.391470108	0.10091909558784155	-6.372230423496404e-06
973.600912235	0.10097691834234297	-6.274628013550575e-06
974.8103543620001	0.1010346260913427	-6.177081349551666e-06
976.0197964890001	0.10109221914241834	-6.079588121724044e-06
977.2292386160001	0.10114969780404046	-5.982146231825122e-06
978.4386807430001	0.10120706238528346	-5.884753800555233e-06
979.6481228700001	0.10126431319554846	-5.787409168735505e-06
980.857564997	0.1013214505442897	-5.690110900602105e-06
982.067007124	0.10137847474074314	-5.5928577880996755e-06
983.276449251	0.10143538609366401	-5.495648853935317e-06
984.485891378	0.10149218491106397	-5.3984833512602665e-06
985.6953335050001	0.10154887149996591	-5.301360767438583e-06
986.9047756320001	0.10160544616615844	-5.204280822142422e-06
988.1142177590001	0.10166190921396262	-5.10724347183196e-06
989.3236598860001	0.10171826094600267	-5.010248903887689e-06
990.5331020130001	0.10177450166299083	-4.913297539900323e-06
991.7425441400001	0.10183063166352069	-4.81639003053775e-06
992.951986267	0.10188665124386583	-4.71952725813584e-06
994.161428394	0.1019425606977979	-4.6227103292747e-06
995.370870521	0.10199836031640666	-4.525940575790012e-06
996.580312648	0.10205405038793419	-4.42921954781246e-06
997.7897547750001	0.1021096311976191	-4.33254901182397e-06
998.9991969020001	0.10216510302755619	-4.235930946643561e-06
1000.2086390290001	0.10222046615656116	-4.139367537010601e-06
1001.4180811560001	0.10227572086005235	-4.042861169003403e-06
1002.6275232830001	0.10233086740994123	-3.946414425984313e-06
1003.8369654100001	0.1023859060745369	-3.8500300800978215e-06
1005.046407537	0.10244083711845756	-3.7537110872962534e-06
1006.255849664	0.10249566080255959	-3.657460581203177e-06
1007.465291791	0.10255037738387231	-3.561281864998371e-06
1008.674733918	0.10260498711555291	-3.4651784048900583e-06
1009.8841760450001	0.1026594902468414	-3.369153823067593e-06
1011.0936181720001	0.10271388702303791	-3.273211890050462e-06
1012.3030602990001	0.10276817768548248	-3.17735651645442e-06
1013.5125024260001	0.10282236247154852	-3.0815917438035273e-06
1014.7219445530001	0.10287644161465095	-2.9859217398333845e-06
1015.9313866800001	0.10293041534425962	-2.8903507877115625e-06
1017.140828807	0.10298428388592348	-2.794883279251363e-06
1018.350270934	0.10303804746130484	-2.6995237026039565e-06
1019.559713061	0.10309170628822519	-2.6042766402287545e-06
1020.769155188	0.10314526058071935	-2.5091467552081775e-06
1021.9785973150001	0.10319871054909427	-2.4141387851683155e-06
1023.1880394420001	0.10325205640000235	-2.3192575327049894e-06
1024.397481569	0.10330529833651808	-2.2245078593469136e-06
1025.606923696	0.10335843655822297	-2.129894673958202e-06
1026.816365823	0.10341147126129858	-2.035422926070958e-06
1028.0258079500002	0.10346440263862672	-1.941097598890003e-06
1029.235250077	0.10351723087989316	-1.8469237006383393e-06
1030.4446922040001	0.10356995617170033	-1.7529062538617149e-06
1031.654134331	0.10362257869768163	-1.6590502927241874e-06
1032.8635764580001	0.10367509863862279	-1.5653608508485808e-06
1034.073018585	0.10372751617258814	-1.471842957180905e-06
1035.282460712	0.10377983147504931	-1.3785016282656312e-06
1036.491902839	0.10383204471901464	-1.2853418594879415e-06
1037.701344966	0.10388415607516978	-1.1923686210587106e-06
1038.9107870930002	0.10393616571200998	-1.0995868492515506e-06
1040.12022922	0.1039880737959818	-1.007001442767698e-06
1041.3296713470002	0.10403988049162426	-9.146172539513733e-07
1042.539113474	0.10409158596171103	-8.22439085240538e-07
1043.7485556010001	0.104143190367391	-7.304716827102528e-07
1044.957997728	0.10419469386833233	-6.387197318781165e-07
1046.167439855	0.10424609662286437	-5.471878545817641e-07
1047.376881982	0.10429739878811763	-4.5588059985422064e-07
1048.586324109	0.10434860052016982	-3.648024440418632e-07
1049.795766236	0.10439970197417574	-2.739577859090306e-07
1051.005208363	0.10445070330451248	-1.8335094131849416e-07
1052.2146504900002	0.10450160466490926	-9.298614249159814e-08
1053.424092617	0.10455240620858153	-2.8675366491037746e-09
1054.6335347440001	0.1046031080883604	8.700082237446394e-08
1055.842976871	0.10465371045681678	1.766149718279708e-07
1057.0524189980001	0.10470421346638624	2.6597104219559797e-07
1058.261861125	0.10475461726948612	3.55065258993148e-07
1059.471303252	0.10480492201863131	4.438939461065203e-07
1060.680745379	0.10485512786654103	5.324535246355178e-07
1061.890187506	0.10490523496624932	6.207405142824932e-07
1063.0996296330002	0.10495524347120286	7.087515323063107e-07
1064.30907176	0.10500515353535682	7.964832963829049e-07
1065.5185138870002	0.10505496531326886	8.839326235453651e-07
1066.727956014	0.10510467896017858	9.710964275957273e-07
1067.9373981410001	0.10515429463209316	1.0579717209533226e-06
1069.146840268	0.105203812485862	1.144555612060498e-06
1070.356282395	0.10525323267924026	1.2308453061918648e-06
1071.565724522	0.10530255537095898	1.3168381012926972e-06
1072.775166649	0.10535178072077853	1.4025313890371136e-06
1073.9846087760002	0.10540090888953986	1.4879226487565442e-06
1075.194050903	0.10544994003921487	1.5730094516499052e-06
1076.4034930300002	0.10549887433294393	1.657789453980013e-06
1077.612935157	0.10554771193506979	1.7422603959538208e-06
1078.8223772840001	0.10559645301116724	1.8264200967463631e-06
1080.031819411	0.10564509772806566	1.9102664577429554e-06
1081.2412615380001	0.10569364625386805	1.9937974519608492e-06
1082.450703665	0.10574209875796076	2.0770111264795804e-06
1083.660145792	0.10579045541102106	2.1599055970546524e-06
1084.869587919	0.10583871638501957	2.242479046296944e-06
1086.079030046	0.10588688185321449	2.3247297177807213e-06
1087.2884721730002	0.10593495199014107	2.4066559134233376e-06
1088.4979143	0.10598292697160186	2.4882559910540183e-06
1089.7073564270001	0.10603080697464454	2.569528360352874e-06
1090.916798554	0.10607859217753801	2.650471477329275e-06
1092.1262406810001	0.10612628275974809	2.7310838417718072e-06
1093.335682808	0.10617387890190044	2.8113639941778137e-06
1094.545124935	0.10622138078574898	2.891310507328708e-06
1095.754567062	0.10626878859413497	2.970921989003082e-06
1096.964009189	0.10631610251094008	3.050197073134822e-06
1098.1734513160002	0.1063633227210431	3.129134415076444e-06
1099.382893443	0.10641044941027031	3.2077326905036174e-06
1100.5923355700002	0.10645748276533974	3.285990589456389e-06
1101.801777697	0.10650442297380709	3.363906811182718e-06
1103.0112198240001	0.10655127022401083	3.4414800610662807e-06
1104.220661951	0.10659802470500351	3.518709045646079e-06
1105.430104078	0.10664468660650311	3.5955924669074657e-06
1106.639546205	0.1066912561188154	3.672129020286345e-06
1107.848988332	0.10673773343277757	3.748317388472741e-06
1109.058430459	0.10678411873969072	3.8241562352681405e-06
1110.267872586	0.1068304122312534	3.899644204531649e-06
1111.4773147130002	0.10687661409949047	3.974779913195996e-06
1112.68675684	0.1069227245366886	4.049561945504779e-06
1113.8961989670001	0.10696874373532879	4.123988850581253e-06
1115.105641094	0.10701467188801485	4.198059134565696e-06
1116.3150832210001	0.10706050918741106	4.271771257699335e-06
1117.524525348	0.10710625582617339	4.345123631711856e-06
1118.733967475	0.1071519119968814	4.418114609162395e-06
1119.943409602	0.10719747789197549	4.490742482717025e-06
1121.152851729	0.1072429537036954	4.563005477655618e-06
1122.3622938560002	0.10728833962401722	4.634901749372977e-06
1123.571735983	0.10733363584458984	4.706429375080784e-06
1124.7811781100002	0.10737884255668145	4.777586351859507e-06
1125.990620237	0.1074239599511248	4.848370589997063e-06
1127.2000623640001	0.10746898821825837	4.918779906740341e-06
1128.409504491	0.10751392754787999	4.988812022891677e-06
1129.618946618	0.10755877812919429	5.058464557222177e-06
1130.828388745	0.10760354015077217	5.127735020827792e-06
1132.037830872	0.1076482138005049	5.196620814823874e-06
1133.2472729990002	0.10769279926556546	5.265119222182431e-06
1134.456715126	0.10773729673237006	5.333227403485526e-06
1135.6661572530002	0.10778170638654905	5.4009423918139135e-06
1136.87559938	0.10782602841291389	5.468261090627209e-06
1138.0850415070001	0.10787026299543204	5.535180267341941e-06
1139.294483634	0.1079144103172022	5.601696546518424e-06
1140.5039257610001	0.10795847056043753	5.667806408540636e-06
1141.713367888	0.10800244390644606	5.7335061852490515e-06
1142.922810015	0.10804633053562146	5.798792053397263e-06
1144.132252142	0.10809013062743007	5.863660031615349e-06
1145.341694269	0.10813384436041154	5.928105977075736e-06
1146.5511363960002	0.10817747191217035	5.992125582220641e-06
1147.760578523	0.10822101345938046	6.055714366340857e-06
1148.9700206500002	0.10826446917778912	6.118867679236022e-06
1150.179462777	0.10830783924222295	6.181580691579092e-06
1151.3889049040001	0.10835112382660554	6.243848395504417e-06
1152.598347031	0.10839432310396382	6.305665600610071e-06
1153.807789158	0.10843743724645165	6.367026930592483e-06
1155.017231285	0.10848046642536897	6.427926820928853e-06
1156.226673412	0.10852341081118097	6.488359518614338e-06
1157.4361155390002	0.10856627057355211	6.548319078355201e-06
1158.645557666	0.1086090458813681	6.607799361977272e-06
1159.8549997930002	0.10865173690277105	6.666794039733928e-06
1161.06444192	0.10869434380519107	6.725296587991106e-06
1162.2738840470001	0.10873686675538437	6.7833002903748205e-06
1163.483326174	0.10877930591946786	6.840798239697576e-06
1164.6927683010001	0.10882166146296289	6.8977833412560766e-06
1165.902210428	0.10886393355083412	6.954248314540792e-06
1167.111652555	0.10890612234753623	7.0101857001670514e-06
1168.321094682	0.10894822801705402	7.065587863743471e-06
1169.530536809	0.10899025072295071	7.120447005975854e-06
1170.7399789360002	0.10903219062841507	7.174755169267813e-06
1171.949421063	0.10907404789630716	7.228504250242004e-06
1173.1588631900001	0.1091158226892093	7.281686014448847e-06
1174.368305317	0.10915751516947172	7.334292111194941e-06
1175.5777474440001	0.10919912549926666	7.386314092326651e-06
1176.787189571	0.10924065384062548	7.437743430966856e-06
1177.996631698	0.10928210035549846	7.488571548128209e-06
1179.206073825	0.10932346520579533	7.53878983877302e-06
1180.415515952	0.10936474855343187	7.588389701044217e-06
1181.6249580790002	0.10940595056037601	7.637362569480957e-06
1182.834400206	0.10944707138868723	7.685699953979656e-06
1184.0438423330002	0.10948811120056005	7.733393477689886e-06
1185.25328446	0.10952907015835618	7.7804349192254e-06
1186.4627265870001	0.10956994842464354	7.826816262520957e-06
1187.672168714	0.10961074616222283	7.872529744499916e-06
1188.881610841	0.10965146353415832	7.917567905685666e-06
1190.091052968	0.10969210070379715	7.961923647465709e-06
1191.300495095	0.10973265783478794	8.00559028488277e-06
1192.5099372220002	0.10977313509109402	8.048561607115062e-06
1193.719379349	0.10981353263700042	8.09083193555743e-06
1194.9288214760002	0.10985385063711631	8.132396182712609e-06
1196.138263603	0.10989408925637151	8.173249908966125e-06
1197.3477057300001	0.10993424866000673	8.21338938017304e-06
1198.557147857	0.10997432901355982	8.252811627714081e-06
1199.7665899840001	0.11001433048283905	8.291514494544738e-06
1200.976032111	0.11005425323390375	8.32949669211068e-06
1202.185474238	0.1100940974330229	8.366757840903849e-06
1203.394916365	0.11013386324663911	8.403298515728339e-06
1204.604358492	0.11017355084132252	8.439120282540714e-06
1205.8138006190002	0.11021316038371334	8.47422572658376e-06
1207.023242746	0.11025269204047394	8.508618481727591e-06
1208.2326848730002	0.11029214597821752	8.54230324748382e-06
1209.442127	0.11033152236343884	8.575285801560618e-06
