0.0	0.0	0.0
1.209442127	1.209757661930265e-06	-8.824130201657047e-09
2.418884254	4.786050982393308e-06	-8.516037119973373e-09
3.6283263810000004	1.0718284247788764e-05	-8.04341038549771e-09
4.837768508	1.896633507105951e-05	-7.625495773088228e-09
6.047210635000001	2.9476545983685773e-05	-7.432614604548657e-09
7.256652762000001	4.2182891471563585e-05	-7.1476793886375155e-09
8.466094889	5.700984422898394e-05	-6.973161949109358e-09
9.675537016	7.387459539043577e-05	-7.001348964439671e-09
10.884979143	9.268989508293394e-05	-7.11227233631353e-09
12.094421270000002	0.00011336697292986845	-7.26689919260874e-09
13.303863397	0.00013581855482301788	-7.478552889103856e-09
14.513305524000002	0.00015996205576711785	-7.766060255542506e-09
15.722747651	0.00018572279335943369	-8.151603549664318e-09
16.932189778	0.0002130370963643939	-8.64057429745364e-09
18.141631905	0.0002418552716562613	-9.228628670119882e-09
19.351074032	0.00027214440418195704	-9.892224607705759e-09
20.560516159000002	0.0003038908671046747	-1.060940374398786e-08
21.769958286	0.00033710256940228133	-1.1360041393465234e-08
22.979400413	0.00037181086884081806	-1.2118823633196565e-08
24.188842540000003	0.000408072022738892	-1.279738333175278e-08
25.398284667000002	0.0004459682731626922	-1.3269444674784622e-08
26.607726794	0.000485608354585227	-1.3295589036633679e-08
27.817168921	0.0005271275897438961	-1.2526207490747357e-08
29.026611048000003	0.0005706874597897617	-1.0539942549812886e-08
30.236053175000002	0.0006164747264335789	-6.965474710907138e-09
31.445495302	0.0006647001481374102	-1.6480363243791957e-09
32.654937429	0.0007155968103538125	5.2418109132770785e-09
33.864379556	0.0007694180341264429	1.3220367000351535e-08
35.073821683000006	0.0008264348467371411	2.1576689353177553e-08
36.28326381	0.0008869330585788373	2.9448536290489075e-08
37.492705937000004	0.000951210007623522	3.5855176801127125e-08
38.702148064	0.0010195710306801996	3.970233136913262e-08
39.911590191	0.0010923257468493089	3.9795738014831994e-08
41.121032318000005	0.0011697842692006697	3.4899217554035245e-08
42.330474445	0.0012522534315311164	2.3837833315783208e-08
43.539916572	0.0013400330174152906	5.591319484233442e-09
44.749358699000005	0.0014334119051989203	-2.0689902992254705e-08
45.958800826	0.001532664092465354	-5.575524015134087e-08
47.168242953000004	0.0016380446878607384	-1.0035438146888814e-07
48.377685080000006	0.0017497860298965123	-1.5530685899302343e-07
49.587127207	0.0018680940715468239	-2.2152139327047404e-07
50.796569334000004	0.0019931451086150588	-2.9998040002553183e-07
52.00601146100001	0.0021250828822906758	-3.9171243277486e-07
53.215453588	0.0022640160661573953	-4.977666613103018e-07
54.424895715000005	0.002410016144977631	-6.191935203207419e-07
55.634337842	0.0025631156944413546	-7.570302879116031e-07
56.843779969	0.0027233070717151624	-9.122889269080545e-07
58.053222096000006	0.0028905415250652716	-1.0859439702765733e-06
59.262664223	0.003064728727773042	-1.278919158476284e-06
60.472106350000004	0.003245736737675235	-1.4920723846673437e-06
61.68154847700001	0.003433392379358059	-1.7261791478030003e-06
62.890990604	0.0036274820414699564	-1.9819152101748644e-06
64.100432731	0.0038277528769416367	-2.259839493069793e-06
65.309874858	0.0040339143891970596	-2.560378380917286e-06
66.519316985	0.004245640382860592	-2.8838124117172917e-06
67.728759112	0.004462571253151293	-3.230265723925402e-06
68.93820123900001	0.004684316584238658	-3.599697685978398e-06
70.14764336600001	0.0049104580234180135	-3.991895166977066e-06
71.357085493	0.005140552395066283	-4.406463363614173e-06
72.56652762	0.005374135015974683	-4.842813353390409e-06
73.775969747	0.005610723171906676	-5.30014571070974e-06
74.98541187400001	0.005849819714263244	-5.777431290900775e-06
76.19485400100001	0.006090916735790648	-6.273392185594112e-06
77.404296128	0.006333499285417273	-6.786487237062273e-06
78.613738255	0.006577049084502363	-7.314906907216444e-06
79.823180382	0.006821048209653834	-7.856581551476775e-06
81.032622509	0.007064982710299113	-8.409205421610298e-06
82.24206463600001	0.007308346131816495	-8.970276541110829e-06
83.45150676300001	0.007550642916952759	-9.537150495452472e-06
84.66094889	0.007791391659580052	-1.0107104592297148e-05
85.870391017	0.008030128185979306	-1.0677407948894019e-05
87.079833144	0.008266408440269896	-1.1245392793006459e-05
88.28927527100001	0.008499811152547464	-1.180852246273744e-05
89.49871739800001	0.00872994027076902	-1.2364452047892993e-05
90.708159525	0.008956427140269257	-1.2911078225433074e-05
91.917601652	0.009178932417845337	-1.3446575535296795e-05
93.127043779	0.009397147710641285	-1.396941713175618e-05
94.33648590600001	0.009610796933629557	-1.4478378991642817e-05
95.54592803300001	0.009819637383328257	-1.4972527700640378e-05
96.75537016000001	0.010023460529385346	-1.545119328280175e-05
97.964812287	0.010222092529496667	-1.591393000363161e-05
99.174254414	0.010415394476451453	-1.6360469478880237e-05
100.383696541	0.010603262388599674	-1.679067156378465e-05
101.59313866800001	0.010785626956586095	-1.7204479155031455e-05
102.80258079500001	0.010962453059873376	-1.760188305282434e-05
104.01202292200001	0.01113373906670745	-1.7982902244741313e-05
105.221465049	0.01129951593127202	-1.8347583313725602e-05
106.430907176	0.011459846102292823	-1.8696020209859297e-05
107.64034930300001	0.011614822258493553	-1.902839277409963e-05
108.84979143000001	0.011764565887777296	-1.9345019816797114e-05
110.05923355700001	0.011909225728244646	-1.9646420900272868e-05
111.268675684	0.012048976089673416	-1.9933380490046344e-05
112.478117811	0.012184015073865385	-2.0207008541793525e-05
113.687559938	0.0123145627117413	-2.0468792344181634e-05
114.89700206500001	0.012440859034667056	-2.072063514809699e-05
116.10644419200001	0.012563162097418116	-2.0964877729890558e-05
117.31588631900001	0.012681745970255783	-2.1204299725071513e-05
118.525328446	0.012796898717509695	-2.144209851026634e-05
119.734770573	0.01290892037970362	-2.16818446255756e-05
120.94421270000001	0.013018120975611176	-2.192741413294206e-05
122.15365482700001	0.013124818539816337	-2.218289973704825e-05
123.36309695400001	0.013229337210420184	-2.2452503832730807e-05
124.572539081	0.0133320053804537	-2.274041782852421e-05
125.781981208	0.013433153925148914	-2.3050693096833552e-05
126.99142333500001	0.013533114515364503	-2.3387109634774063e-05
128.200865462	0.013632218025156644	-2.3753048934527492e-05
129.410307589	0.013730793038924603	-2.4151377626677357e-05
130.619749716	0.013829164460997833	-2.458434831505889e-05
131.82919184300002	0.013927652228139636	-2.5053523710977937e-05
133.03863397	0.014026570123402493	-2.555972958446411e-05
134.24807609700002	0.014126224688198153	-2.6103041130066777e-05
135.457518224	0.01422691422830382	-2.6682806011689778e-05
136.666960351	0.014328927908659694	-2.7297705431347363e-05
137.87640247800002	0.014432544931187972	-2.7945851627911127e-05
139.085844605	0.014538033789649837	-2.862491600325208e-05
140.29528673200002	0.014645651596078986	-2.9332277048738954e-05
141.504728859	0.014755643474717514	-3.0065172683528193e-05
142.714170986	0.014868242021586913	-3.0820839245572756e-05
143.92361311300002	0.01498366683034247	-3.159662052933847e-05
145.13305524	0.01510212408713797	-3.239003520401308e-05
146.34249736700002	0.015223806238031646	-3.319879856293357e-05
147.551939494	0.01534889173168588	-3.402080277813222e-05
148.761381621	0.01547754483799806	-3.48540664878356e-05
149.97082374800002	0.015609915540562846	-3.569666824898782e-05
151.180265875	0.01574613949816893	-3.6546678798841936e-05
152.38970800200002	0.01588633806842368	-3.740210470876528e-05
153.599150129	0.016030618385328	-3.82608517911949e-05
154.808592256	0.01617907348234276	-3.912071162464996e-05
156.018034383	0.016331782453153615	-3.997936978769644e-05
157.22747651	0.01648881064377726	-4.083443074388935e-05
158.43691863700002	0.01665020987148573	-4.168345234081914e-05
159.646360764	0.016816018667833527	-4.252398271331224e-05
160.85580289100002	0.01698626254451696	-4.335359366583599e-05
162.065245018	0.01716095428168109	-4.416990671272155e-05
163.274687145	0.01734009423862829	-4.497061016268912e-05
164.48412927200002	0.017523670686844458	-4.575346744648901e-05
165.693571399	0.017711660164964213	-4.651631810377631e-05
166.90301352600002	0.01790402785491429	-4.72570735015488e-05
168.112455653	0.01810072797803244	-4.797370963411426e-05
169.32189778	0.01830170420949462	-4.866425940322494e-05
170.53133990700002	0.018506890108878023	-4.9326806657999656e-05
171.740782034	0.018716209564226753	-4.995948399620165e-05
172.95022416100002	0.018929577246588548	-5.056047585226672e-05
174.159666288	0.019146899071779494	-5.1128027726240685e-05
175.369108415	0.01936807266616565	-5.1660461612834576e-05
176.57855054200002	0.019592987833510565	-5.2156196921121153e-05
177.787992669	0.01982152702042414	-5.2613775545322806e-05
178.99743479600002	0.02005356577855196	-5.303188935744472e-05
180.206876923	0.020288973222261142	-5.3409408255639286e-05
181.41631905	0.020527612481153236	-5.374540697871506e-05
182.62576117700002	0.020769341147185417	-5.403918916751767e-05
183.835203304	0.021014011716518968	-5.429030752994836e-05
185.04464543100002	0.02126147202642365	-5.449857938190621e-05
186.254087558	0.02151156568769055	-5.466409721033511e-05
187.46352968500003	0.021764132513041767	-5.47872342055479e-05
188.67297181200001	0.02201900894201412	-5.486864490809439e-05
189.882413939	0.022276028462709305	-5.4909261213665836e-05
191.09185606600002	0.022535022030667567	-5.4910284043815406e-05
192.301298193	0.022795818484927677	-5.487317101338573e-05
193.51074032000002	0.023058244961120505	-5.479962047932234e-05
194.720182447	0.023322127301231982	-5.469155240444591e-05
195.929624574	0.023587290459536506	-5.4551086533841196e-05
197.13906670100002	0.023853558904097225	-5.43805184139972e-05
198.348508828	0.024120757013216716	-5.418229380196914e-05
199.55795095500002	0.024388709466238178	-5.395898199132918e-05
200.767393082	0.024657241628122276	-5.371324854928374e-05
201.976835209	0.02492617992725104	-5.344782792297744e-05
203.18627733600002	0.025195352225926025	-5.316549633332815e-05
204.395719463	0.02546458818301088	-5.286904534333877e-05
205.60516159000002	0.02573371960816912	-5.256125644717232e-05
206.814603717	0.026002580807122967	-5.224487698580853e-05
208.02404584400003	0.02627100891736175	-5.192259763328361e-05
209.23348797100002	0.02653884423374432	-5.159703164303239e-05
210.442930098	0.0268059305234517	-5.1270695978381875e-05
211.65237222500002	0.027072115329773414	-5.0945994406358195e-05
212.861814352	0.02733725026421593	-5.0625202596792096e-05
214.07125647900003	0.027601191286426716	-5.031045525275566e-05
215.28069860600002	0.027863798971418156	-5.000373527297322e-05
216.490140733	0.02812493876357096	-4.97068649412259e-05
217.69958286000002	0.028384481216904	-4.942149911580317e-05
218.909024987	0.028642302221110996	-4.914912037636866e-05
220.11846711400003	0.02889828321288837	-4.8891036070840234e-05
221.32790924100001	0.02915231137211686	-4.8648377190230315e-05
222.537351368	0.029404279802497595	-4.842209898287724e-05
223.74679349500002	0.029654087696284383	-4.821298322276878e-05
224.956235622	0.029901640482796435	-4.80216420233456e-05
226.16567774900003	0.030146849960441237	-4.784852310155173e-05
227.375119876	0.030389634412014758	-4.7693916376130054e-05
228.584562003	0.030629918703084878	-4.755796179493671e-05
229.79400413000002	0.030867634363302313	-4.7440658264189623e-05
231.003446257	0.031102719650518713	-4.734187355833082e-05
232.21288838400002	0.03133511959762522	-4.726135506817283e-05
233.422330511	0.031564786042064315	-4.719874123923398e-05
234.63177263800003	0.031791677637997035	-4.715357353535124e-05
235.84121476500002	0.032015759851165344	-4.712530875121212e-05
237.050656892	0.032237004936517336	-4.711333149365511e-05
238.26009901900002	0.03245539189873479	-4.711696663994467e-05
239.469541146	0.03267090643584219	-4.713549159039799e-05
240.67898327300003	0.03288354086615402	-4.71681481429198e-05
241.88842540000002	0.03309329403887422	-4.721415382896255e-05
243.097867527	0.03330017122872548	-4.727271257872356e-05
244.30730965400002	0.03350418401505384	-4.7343024603280714e-05
245.516751781	0.033705350145907295	-4.742429539316547e-05
246.72619390800003	0.03390369338763893	-4.751574376076673e-05
247.93563603500002	0.034099243360636716	-4.761660884511918e-05
249.145078162	0.034292035361817505	-4.772615601535577e-05
250.35452028900002	0.034482110174572	-4.784368160377651e-05
251.563962416	0.034669513866873794	-4.796851641438886e-05
252.77340454300003	0.03485429757830137	-4.810002798344388e-05
253.98284667000001	0.03503651729673904	-4.823762159610588e-05
255.192288797	0.03521623362553961	-4.838074011923076e-05
256.401730924	0.03539351154191711	-4.852886276645533e-05
257.61117305100004	0.035568420147331054	-4.8681502958808245e-05
258.820615178	0.03574103241060716	-4.88382054771205e-05
260.030057305	0.03591142490450835	-4.89985431278428e-05
261.239499432	0.03607967753646794	-4.916211314029222e-05
262.448941559	0.0362458732741915	-4.932853348900152e-05
263.65838368600004	0.03641009786684753	-4.949743931887578e-05
264.867825813	0.036572439562597266	-4.9668479594206037e-05
266.07726794	0.03673298882323948	-4.984131408610935e-05
267.286710067	0.036891838036807706	-5.001561075172116e-05
268.49615219400005	0.037049081228981824	-5.019104356195395e-05
269.70559432100004	0.03720481377422548	-5.036729078985395e-05
270.915036448	0.03735913210760003	-5.054403377733967e-05
272.124478575	0.037512133438215495	-5.072095616813813e-05
273.333920702	0.03766391546529926	-5.089774359729794e-05
274.54336282900005	0.03781457609785991	-5.107408380089127e-05
275.75280495600003	0.037964213178890927	-5.124966711586099e-05
276.962247083	0.03811292421504333	-5.142418731367087e-05
278.17168921	0.038260806112622	-5.1597342715414656e-05
279.381131337	0.038407954920716275	-5.176883752712512e-05
280.59057346400004	0.03855446558219887	-5.193838332925491e-05
281.80001559100003	0.03870043169324667	-5.210570065508971e-05
283.009457718	0.03884594527197762	-5.227052060510903e-05
284.218899845	0.03899109653671645	-5.243258643672236e-05
285.428341972	0.03913597369434839	-5.259165508485642e-05
286.63778409900004	0.0392806627391597	-5.2747498573224496e-05
287.84722622600003	0.03942524726252278	-5.289990528068236e-05
289.056668353	0.039569808273735005	-5.304868103928051e-05
290.26611048	0.039714424032290904	-5.31936500360302e-05
291.475552607	0.03985916989182691	-5.33346555057193e-05
292.68499473400004	0.04000411815594718	-5.347156019586065e-05
293.89443686100003	0.04014933794610579	-5.360424659932544e-05
295.103878988	0.040294895081683095	-5.373261694256487e-05
296.313321115	0.04044085197235887	-5.385659292760341e-05
297.522763242	0.04058726752284727	-5.397611523341988e-05
298.73220536900004	0.04073419705001793	-5.409114277334136e-05
299.94164749600003	0.040881692212393336	-5.420165172813742e-05
301.151089623	0.04102980095196576	-5.430763435792835e-05
302.36053175	0.041178567448246196	-5.4409097620534324e-05
303.569973877	0.04132803208440899	-5.450606161074554e-05
304.77941600400004	0.04147823142536677	-5.4598557855660423e-05
305.98885813100003	0.04162919820757481	-5.4686627487095674e-05
307.198300258	0.04178096134031635	-5.477031933202349e-05
308.407742385	0.04193354591820243	-5.484968795090245e-05
309.617184512	0.04208697324457613	-5.492479166614066e-05
310.82662663900004	0.04224126086548605	-5.4995690617125944e-05
312.036068766	0.04239642261386156	-5.506244487990747e-05
313.245510893	0.04255246866349848	-5.5125112685589645e-05
314.45495302	0.042709405592439374	-5.5183748772573774e-05
315.664395147	0.04286723645530816	-5.5238402893511944e-05
316.87383727400004	0.04302596086415087	-5.52891184975382e-05
318.083279401	0.04318557507731153	-5.533593159476845e-05
319.292721528	0.04334607209587585	-5.537886980252387e-05
320.502163655	0.043507441767201956	-5.5417951571257e-05
321.71160578200005	0.043669670895065404	-5.5453185578288426e-05
322.92104790900004	0.043832743355931375	-5.548457028340531e-05
324.130490036	0.04399664022088015	-5.5512093652450994e-05
325.339932163	0.044161339882692746	-5.55357330513399e-05
326.54937429	0.04432681818759851	-5.555545533437187e-05
327.75881641700005	0.0444930485711797	-5.557121714733042e-05
328.96825854400004	0.04466000219791892	-5.558296547310791e-05
330.177700671	0.04482764810386564	-5.559063843666844e-05
331.387142798	0.04499595334189552	-5.55941663843147e-05
332.596584925	0.045164883129048906	-5.559347323440657e-05
333.80602705200005	0.04533440099541765	-5.5588478089858145e-05
335.01546917900004	0.045504468934086655	-5.557909708822596e-05
336.224911306	0.04567504755162856	-5.556524545915565e-05
337.434353433	0.04584609621867045	-5.5546839747798275e-05
338.64379556	0.046017573220066374	-5.5523800160571946e-05
339.85323768700005	0.04618943590423225	-5.549605298631492e-05
341.06267981400003	0.046361640831205364	-5.546353303854902e-05
342.272121941	0.046534143919021234	-5.542618607590243e-05
343.481564068	0.04670690058801597	-5.538397113924237e-05
344.691006195	0.04687986590267888	-5.533686276425502e-05
345.90044832200005	0.04705299471071178	-5.528485301619767e-05
347.10989044900003	0.04722624177896324	-5.522795330641789e-05
348.319332576	0.047399561925931456	-5.516619594311345e-05
349.528774703	0.047572910150558104	-5.5099635385900004e-05
350.73821683	0.0477462417570428	-5.502834916494429e-05
351.94765895700004	0.04791951247545324	-5.495243844869666e-05
353.15710108400003	0.04809267857790039	-5.487202823138649e-05
354.366543211	0.04826569699009109	-5.4787267134119664e-05
355.575985338	0.04843852539808291	-5.469832681370126e-05
356.785427465	0.04861112235008261	-5.4605400981067465e-05
357.99486959200004	0.0487834473531551	-5.450870403833977e-05
359.20431171900003	0.048955460964724994	-5.440846935429733e-05
360.413753846	0.04912712487876468	-5.4304947198877736e-05
361.623195973	0.049298402006593536	-5.4198402371684676e-05
362.8326381	0.04946925655221181	-5.408911155562607e-05
364.04208022700004	0.04963965408211511	-5.397736043979409e-05
365.25152235400003	0.0498095615895552	-5.386344065466241e-05
366.460964481	0.04997894755321328	-5.3747646571997154e-05
367.670406608	0.050147781990274296	-5.363027201174585e-05
368.87984873500005	0.050316036503896364	-5.351160691741911e-05
370.08929086200004	0.050483684325091885	-5.339193404677164e-05
371.29873298900003	0.05065070034903374	-5.327152572738537e-05
372.508175116	0.05081706116581681	-5.3150640732462385e-05
373.717617243	0.05098274508572668	-5.3029521320322424e-05
374.92705937000005	0.051147732159059954	-5.2908390482886425e-05
376.13650149700004	0.05131200419056184	-5.278744944278539e-05
377.34594362400003	0.05147554474855605	-5.266687543753739e-05
378.555385751	0.05163833916885423	-5.2546819814583944e-05
379.764827878	0.05180037455353996	-5.242740647143796e-05
380.97427000500005	0.051961639764724676	-5.230873065175789e-05
382.18371213200004	0.05212212541340973	-5.219085811391643e-05
383.393154259	0.05228182384356245	-5.2073824681240534e-05
384.602596386	0.052440729111559725	-5.195763616845043e-05
385.812038513	0.05259883696114081	-5.1842268688021345e-05
387.02148064000005	0.05275614479402507	-5.172766931680565e-05
388.23092276700004	0.05291265163636828	-5.1613757113047436e-05
389.440364894	0.053068358101232706	-5.150042446063017e-05
390.649807021	0.053223266347263605	-5.1387538715383894e-05
391.859249148	0.05337738003376009	-5.127494412600787e-05
393.06869127500005	0.05353070427235182	-5.116246399318545e-05
394.27813340200004	0.053683245575493095	-5.104990303640006e-05
395.487575529	0.05383501180199316	-5.093704992935582e-05
396.697017656	0.053986012099809494	-5.0823679967809676e-05
397.906459783	0.05413625684633581	-5.0709557826036575e-05
399.11590191000005	0.05428575758642345	-5.0594440372912775e-05
400.32534403700004	0.05443452696837013	-5.0478079496802004e-05
401.534786164	0.05458257867812953	-5.036022491779115e-05
402.744228291	0.05472992737197643	-5.0240626937178394e-05
403.953670418	0.05487658860788204	-5.01190391020102e-05
405.16311254500005	0.05502257877583756	-4.999522075184188e-05
406.37255467200004	0.055167915027380825	-4.9868939418719685e-05
407.581996799	0.055312615204553384	-4.9739973058385636e-05
408.791438926	0.05545669776854598	-4.9608112091962045e-05
410.000881053	0.05560018172825239	-4.947316124275132e-05
411.21032318000005	0.05574308656896704	-4.9334941152369416e-05
412.41976530700003	0.05588543218145595	-4.9193289769464826e-05
413.629207434	0.0560272387916096	-4.9048063504844065e-05
414.838649561	0.056168526890895604	-4.889913814585915e-05
416.04809168800006	0.056309317167801715	-4.874640954420379e-05
417.25753381500004	0.05644963044048143	-4.8589794062384346e-05
418.46697594200003	0.05658948759076557	-4.84292288029679e-05
419.676418069	0.05672890949972619	-4.82646716222267e-05
420.885860196	0.056867916984952346	-4.809610093840788e-05
422.09530232300006	0.057006530739688546	-4.792351535615712e-05
423.30474445000004	0.05714477127398221	-4.774693311283395e-05
424.51418657700003	0.05728265885797214	-4.75663913747865e-05
425.723628704	0.057420213467427796	-4.73819453889017e-05
426.933070831	0.057557454731659935	-4.719366751897592e-05
428.14251295800005	0.05769440188389362	-4.700164618054708e-05
429.35195508500004	0.057831073714191286	-4.6805984692084406e-05
430.56139721200003	0.057967488524999077	-4.6606800061998674e-05
431.770839339	0.05810366408938443	-4.640422173293052e-05
432.980281466	0.05823961761201176	-4.619839029403484e-05
434.18972359300005	0.058375365692908736	-4.598945618609126e-05
435.39916572000004	0.058510924294046106	-4.577757840348515e-05
436.60860784700003	0.058646308708758886	-4.5562923219442594e-05
437.818049974	0.058781533534020235	-4.534566293521412e-05
439.027492101	0.05891661264557737	-4.5125974677174066e-05
440.23693422800005	0.05905155917593602	-4.490403923790125e-05
441.44637635500004	0.05918638549518507	-4.468003998107147e-05
442.65581848200003	0.05932110319464145	-4.445416180853638e-05
443.865260609	0.059455723073279336	-4.422659020021907e-05
445.074702736	0.05959025512691757	-4.3997510328759766e-05
446.28414486300005	0.05972470854011004	-4.37671062503385e-05
447.49358699000004	0.059859091680696426	-4.353556017334167e-05
448.703029117	0.0599934120969556	-4.330305180784769e-05
449.912471244	0.0601276765172981	-4.306975778900317e-05
451.121913371	0.06026189085242885	-4.283585117760905e-05
452.33135549800005	0.06039606019991317	-4.26015010328816e-05
453.54079762500004	0.060530188851059985	-4.2366872052845145e-05
454.750239752	0.06066428030004604	-4.2132124280079564e-05
455.959681879	0.06079833725519801	-4.1897412867333145e-05
457.169124006	0.0609323616523308	-4.16628878974765e-05
458.37856613300005	0.061066354670063064	-4.142869425390744e-05
459.58800826000004	0.061200316747003575	-4.1194971533233676e-05
460.797450387	0.06133424760071766	-4.096185399938158e-05
462.006892514	0.061468146248363824	-4.072947056761936e-05
463.216334641	0.061602011028904814	-4.049794482067614e-05
464.42577676800005	0.06173583962678075	-4.0267395045754e-05
465.63521889500004	0.06186962909694767	-4.003793428924811e-05
466.844661022	0.06200337589116199	-3.980967042457959e-05
468.054103149	0.0621370758854122	-3.958270623637475e-05
469.26354527600006	0.062270724408380884	-3.9357139498208404e-05
470.47298740300005	0.06240431627083308	-3.9133063065821885e-05
471.68242953000004	0.06253784579581989	-3.891056496134991e-05
472.891871657	0.06267130684958533	-3.868972846166226e-05
474.101313784	0.06280469287307187	-3.847063217443658e-05
475.31075591100006	0.0629379969139166	-3.8253350114872235e-05
476.52019803800005	0.06307121165882622	-3.8037951772043437e-05
477.72964016500003	0.06320432946623436	-3.782450216526824e-05
478.939082292	0.06333734239912966	-3.7613061897039286e-05
480.148524419	0.06347024225795755	-3.740368719112961e-05
481.35796654600006	0.06360302061349578	-3.719642992767395e-05
482.56740867300005	0.06373566883960556	-3.6991337666114794e-05
483.77685080000003	0.0638681781457651	-3.678845366351935e-05
484.986292927	0.06400053960929154	-3.658781688676768e-05
486.195735054	0.06413274420716972	-3.638946201564748e-05
487.40517718100006	0.06426478284739257	-3.6193419450276064e-05
488.61461930800004	0.06439664639973845	-3.5999715309163564e-05
489.82406143500003	0.06452832572590478	-3.5808371425489344e-05
491.033503562	0.06465981170892482	-3.561940535262188e-05
492.242945689	0.06479109528179743	-3.5432830362454315e-05
493.45238781600005	0.06492216745525524	-3.5248655449905165e-05
494.66182994300004	0.06505301934462325	-3.5066885345294736e-05
495.87127207000003	0.06518364219569547	-3.488752052853601e-05
497.080714197	0.06531402740958572	-3.4710557251701676e-05
498.290156324	0.06544416656649697	-3.453598756907473e-05
499.49959845100005	0.0655740514483644	-3.436379937735157e-05
500.70904057800004	0.06570367406033498	-3.419397646321938e-05
501.91848270500003	0.06583302665104547	-3.402649856063585e-05
503.127924832	0.06596210173166318	-3.386134141846343e-05
504.337366959	0.06609089209367079	-3.3698476878106856e-05
505.54680908600005	0.066219390825359	-3.353787295941064e-05
506.75625121300004	0.06634759132702978	-3.337949395680606e-05
507.96569334000003	0.06647548732486874	-3.322330054304247e-05
509.175135467	0.06660307288350106	-3.306924988140999e-05
510.384577594	0.06673034241721194	-3.291729574833417e-05
511.59401972100005	0.06685729069983819	-3.276738865707826e-05
512.803461848	0.06698391287332411	-3.261947599405776e-05
514.0129039750001	0.0671102044549621	-3.2473502152437564e-05
515.2223461020001	0.06723616134331478	-3.2329408677485294e-05
516.4317882290001	0.06736177982284368	-3.2187134408487306e-05
517.641230356	0.06748705656725613	-3.204661563063933e-05
518.850672483	0.06761198864159904	-3.190778622154736e-05
520.06011461	0.06773657350311262	-3.177057780363694e-05
521.269556737	0.06786080900088517	-3.1634919893257923e-05
522.478998864	0.06798469337433204	-3.1500740055274284e-05
523.688440991	0.06810822525053531	-3.136796404930482e-05
524.897883118	0.06823140364048028	-3.123651598092858e-05
526.1073252450001	0.06835422793422406	-3.110631844904441e-05
527.3167673720001	0.06847669789504533	-3.097729269167446e-05
528.5262094990001	0.06859881365260902	-3.08493587303383e-05
529.735651626	0.06872057569520018	-3.072243551195328e-05
530.945093753	0.06884198486106502	-3.059644104943561e-05
532.15453588	0.06896304232891096	-3.047129255953282e-05
533.363978007	0.06908374960762126	-3.0346906599284032e-05
534.573420134	0.06920410852522126	-3.022319920210209e-05
535.782862261	0.06932412121715975	-3.010008601168554e-05
536.9923043880001	0.06944379011395117	-2.9977482413059628e-05
538.2017465150001	0.0695631179282377	-2.9855303665999103e-05
539.4111886420001	0.06968210764131047	-2.973346503852732e-05
540.6206307690001	0.06980076248916425	-2.9611881933174627e-05
541.830072896	0.06991908594812017	-2.9490470025055407e-05
543.039515023	0.07003708172007599	-2.936914539138427e-05
544.24895715	0.07015475371744608	-2.924782464401761e-05
545.458399277	0.0702721060478223	-2.912642506766247e-05
546.667841404	0.0703891429984358	-2.900486475250659e-05
547.877283531	0.07050586902044208	-2.8883062732992792e-05
549.0867256580001	0.07062228871310325	-2.8760939129051505e-05
550.2961677850001	0.07073840680790504	-2.8638415284503935e-05
551.5056099120001	0.07085422815265291	-2.8515413909484602e-05
552.715052039	0.07096975769561302	-2.8391859225993313e-05
553.924494166	0.07108500046971741	-2.8267677114840115e-05
555.133936293	0.07119996157690571	-2.8142795258444264e-05
556.34337842	0.0713146461726231	-2.8017143290828828e-05
557.552820547	0.0714290594505309	-2.7890652946272604e-05
558.762262674	0.07154320662746147	-2.7763258204827404e-05
559.971704801	0.07165709292866111	-2.7634895443074195e-05
561.1811469280001	0.07177072357335641	-2.7505503575938478e-05
562.3905890550001	0.07188410376067132	-2.7375024206254678e-05
563.6000311820001	0.07199723865593745	-2.724340176310687e-05
564.809473309	0.07211013337742751	-2.7110583643076905e-05
566.018915436	0.07222279298352922	-2.6976520343153718e-05
567.228357563	0.07233522246040117	-2.6841165595566444e-05
568.43779969	0.07244742671012666	-2.6704476488408416e-05
569.647241817	0.07255941053939405	-2.6566413585244614e-05
570.856683944	0.0726711786487136	-2.6426941040822924e-05
572.066126071	0.07278273562220518	-2.6286026700794718e-05
573.2755681980001	0.07289408591795982	-2.6143642201591558e-05
574.4850103250001	0.07300523385899862	-2.599976305247588e-05
575.6944524520001	0.07311618362483333	-2.585436871851976e-05
576.903894579	0.07322693924364841	-2.5707442681417378e-05
578.113336706	0.07333750458510795	-2.5558972496416907e-05
579.322778833	0.07344788335378971	-2.5408949836354736e-05
580.53222096	0.07355807908326184	-2.5257370522994982e-05
581.741663087	0.07366809513079503	-2.510423454420152e-05
582.951105214	0.07377793467271301	-2.494954606285446e-05
584.160547341	0.07388760070038737	-2.4793313406065373e-05
585.3699894680001	0.07399709601686144	-2.4635549046908914e-05
586.5794315950001	0.07410642323410987	-2.4476269571568898e-05
587.7888737220001	0.07421558477092045	-2.4315495625919226e-05
588.998315849	0.07432458285139319	-2.415325186241879e-05
590.207757976	0.07443341950404404	-2.3989566857425884e-05
591.417200103	0.07454209656151049	-2.3824473029588136e-05
592.62664223	0.0746506156608324	-2.3658006534883064e-05
593.836084357	0.07475897824430555	-2.3490207156464868e-05
595.045526484	0.07486718556088957	-2.3321118176081526e-05
596.2549686110001	0.07497523866815263	-2.315078623791461e-05
597.4644107380001	0.0750831384347296	-2.2979261200687176e-05
598.6738528650001	0.07519088554328937	-2.2806595977753474e-05
599.8832949920001	0.07529848049397261	-2.263284636848037e-05
601.092737119	0.07540592360829661	-2.2458070879537856e-05
602.302179246	0.07551321503349083	-2.228233053889854e-05
603.511621373	0.07562035474724992	-2.2105688700695125e-05
604.7210635	0.07572734256287962	-2.1928210844639542e-05
605.930505627	0.07583417813480282	-2.1749964367986235e-05
607.139947754	0.075940860964414	-2.1571018374232434e-05
608.3493898810001	0.07604739040625205	-2.1391443459771453e-05
609.5588320080001	0.07615376567445782	-2.1211311488989262e-05
610.7682741350001	0.07625998584950369	-2.1030695377295683e-05
611.9777162620001	0.07636604988516225	-2.0849668866389226e-05
613.187158389	0.0764719566156872	-2.0668306301653908e-05
614.396600516	0.07657770476318186	-2.0486682409989743e-05
615.606042643	0.07668329294513444	-2.0304872079325922e-05
616.81548477	0.07678871968208204	-2.0122950136538045e-05
618.024926897	0.07689398340538714	-1.994099113783454e-05
619.234369024	0.07699908246510212	-1.9759069152859923e-05
620.4438111510001	0.0771040151378847	-1.9577257559881198e-05
621.6532532780001	0.07720877963495368	-1.9395628847269572e-05
622.8626954050001	0.07731337411005383	-1.9214254414560636e-05
624.072137532	0.07741779666739791	-1.9033204391024836e-05
625.281579659	0.07752204536958468	-1.885254745161158e-05
626.491021786	0.07762611824544319	-1.8672350649208413e-05
627.700463913	0.07773001329780253	-1.8492679250444247e-05
628.90990604	0.07783372851115317	-1.8313596583238376e-05
630.119348167	0.07793726185918759	-1.8135163893359674e-05
631.328790294	0.07804061131219085	-1.7957440211444423e-05
632.5382324210001	0.07814377484427612	-1.7780482230824943e-05
633.7476745480001	0.07824675044043003	-1.760434419528084e-05
634.9571166750001	0.07834953610337066	-1.742907779666951e-05
636.166558802	0.0784521298601815	-1.7254732084442947e-05
637.376000929	0.07855452976872628	-1.7081353389973922e-05
638.585443056	0.07865673392381223	-1.6908985252857972e-05
639.794885183	0.07875874046310677	-1.6737668367518624e-05
641.00432731	0.07886054757278009	-1.656744053542096e-05
642.213769437	0.07896215349287374	-1.639833663192626e-05
643.4232115640001	0.07906355652238174	-1.6230388576768742e-05
644.6326536910001	0.07916475502403557	-1.6063625325061018e-05
645.8420958180001	0.07926574742878266	-1.5898072860261528e-05
647.0515379450001	0.0793665322399606	-1.573375419970137e-05
648.260980072	0.0794671080371536	-1.557068941091498e-05
649.470422199	0.07956747347973149	-1.5408895639151127e-05
650.679864326	0.0796676273100625	-1.5248387135209998e-05
651.889306453	0.07976756835640858	-1.5089175302039626e-05
653.09874858	0.07986729553548941	-1.4931268743290788e-05
654.308190707	0.07996680785472542	-1.4774673319237555e-05
655.5176328340001	0.08006610441415629	-1.4619392213996094e-05
656.7270749610001	0.0801651844080318	-1.4465426006556384e-05
657.9365170880001	0.08026404712608931	-1.4312772747653024e-05
659.1459592150001	0.08036269195451486	-1.416142804326441e-05
660.355401342	0.08046111837659012	-1.4011385144084565e-05
661.564843469	0.08055932597303603	-1.3862635037343793e-05
662.774285596	0.08065731442205326	-1.3715166544322685e-05
663.983727723	0.08075508349907748	-1.3568966425032275e-05
665.19316985	0.08085263307623862	-1.3424019478352686e-05
666.402611977	0.08094996312155789	-1.3280308651509795e-05
667.6120541040001	0.0810470736978639	-1.3137815150268337e-05
668.8214962310001	0.08114396496145637	-1.299651855117892e-05
670.0309383580001	0.08124063716052404	-1.2856396912013998e-05
671.2403804850001	0.08133709063332108	-1.2717426887911068e-05
672.449822612	0.08143332580612035	-1.2579583847534964e-05
673.659264739	0.08152934319095229	-1.2442841986577344e-05
674.868706866	0.08162514338313495	-1.230717444401612e-05
676.078148993	0.08172072705862146	-1.217255341619608e-05
677.28759112	0.08181609497116407	-1.2038950269917248e-05
678.497033247	0.08191124794931519	-1.1906335657299594e-05
679.7064753740001	0.08200618689327274	-1.1774679626527784e-05
680.9159175010001	0.08210091277158806	-1.1643951730271399e-05
682.1253596280001	0.0821954266177475	-1.1514121135191083e-05
683.3348017550001	0.08228972952663932	-1.138515672767168e-05
684.544243882	0.08238382265092119	-1.1257027215581111e-05
685.753686009	0.08247770719729897	-1.1129701229611183e-05
686.963128136	0.08257138442273448	-1.1003147421200996e-05
688.172570263	0.08266485563059191	-1.087733455771081e-05
689.38201239	0.08275812216673117	-1.0752231612223481e-05
690.5914545170001	0.08285118541557468	-1.062780785248546e-05
691.8008966440001	0.08294404679614473	-1.0504032927674198e-05
693.0103387710001	0.08303670775809152	-1.0380876945567316e-05
694.2197808980001	0.08312916977772786	-1.0258310554256758e-05
695.429223025	0.08322143435406895	-1.0136305012386007e-05
696.638665152	0.08331350300490421	-1.0014832259406387e-05
697.848107279	0.08340537726290026	-9.893864983373524e-06
699.057549406	0.08349705867175433	-9.773376681966248e-06
700.266991533	0.08358854878240236	-9.653341717255279e-06
701.47643366	0.08367984914929161	-9.533735374682092e-06
702.6858757870001	0.08377096132673567	-9.414533906728847e-06
703.8953179140001	0.08386188686534923	-9.295714585046827e-06
705.1047600410001	0.08395262730857657	-9.177255734018133e-06
706.3142021680001	0.08404318418932745	-9.059136773721319e-06
707.523644295	0.08413355902671552	-8.941338251916217e-06
708.733086422	0.08422375332291904	-8.823841871060528e-06
709.942528549	0.08431376856015878	-8.706630513352284e-06
711.151970676	0.08440360619780825	-8.58968826384851e-06
712.361412803	0.08449326766963938	-8.473000425555585e-06
713.57085493	0.08458275438120723	-8.356553533140493e-06
714.7802970570001	0.0846720677073732	-8.240335360733611e-06
715.9897391840001	0.08476120898998254	-8.124334926792875e-06
717.1991813110001	0.08485017953569127	-8.008542501143287e-06
718.4086234380001	0.08493898061394695	-7.89294959410193e-06
719.618065565	0.08502761345512116	-7.777548958524949e-06
720.827507692	0.085116079248808	-7.6623345748629e-06
722.036949819	0.08520437914227381	-7.547301644107371e-06
723.246391946	0.08529251423907395	-7.432446567539816e-06
724.455834073	0.08538048559782499	-7.317766929689634e-06
725.6652762	0.08546829423114019	-7.203261477090744e-06
726.8747183270001	0.08555594110472065	-7.088930093643309e-06
728.0841604540001	0.08564342713661073	-6.974773772908463e-06
729.2936025810001	0.08573075319660109	-6.860794586133895e-06
730.5030447080001	0.0858179201058004	-6.746995652090471e-06
731.712486835	0.08590492863634389	-6.6333811002457915e-06
732.921928962	0.08599177951126008	-6.519956037592811e-06
734.131371089	0.08607847340448758	-6.406726502870483e-06
735.340813216	0.08616501094102434	-6.293699432445218e-06
736.550255343	0.08625139269722384	-6.180882610454935e-06
737.7596974700001	0.08633761920122239	-6.068284633257634e-06
738.9691395970001	0.0864236909334992	-5.955914853618405e-06
740.1785817240001	0.0865096083275607	-5.843783340512415e-06
741.3880238510001	0.08659537177074489	-5.731900830150197e-06
742.5974659780001	0.08668098160514211	-5.620278672931536e-06
743.806908105	0.0867664381286241	-5.508928787440609e-06
745.016350232	0.08685174159598053	-5.397863607384257e-06
746.225792359	0.08693689222014889	-5.287096031885222e-06
747.435234486	0.08702189017354045	-5.176639374156883e-06
748.644676613	0.08710673558944847	-5.066507306215884e-06
749.8541187400001	0.0871914285635454	-4.9567138118260246e-06
751.0635608670001	0.08727596915543974	-4.847273132598667e-06
752.2730029940001	0.08736035739031106	-4.738199718138519e-06
753.4824451210001	0.08744459326060323	-4.629508171628827e-06
754.6918872480001	0.08752867672776948	-4.521213203960081e-06
755.901329375	0.08761260772406482	-4.4133295788693905e-06
757.110771502	0.08769638615438484	-4.305872069136976e-06
758.320213629	0.0877800118981354	-4.198855404403956e-06
759.529655756	0.08786348481113179	-4.092294224192564e-06
760.739097883	0.0879468047275197	-3.986203036073291e-06
761.9485400100001	0.08802997146171124	-3.880596166246086e-06
763.1579821370001	0.08811298481033548	-3.775487718101281e-06
764.3674242640001	0.08819584455418703	-3.67089153013693e-06
765.5768663910001	0.08827855046017641	-3.566821135602208e-06
766.786308518	0.08836110228327092	-3.4632897237679705e-06
767.995750645	0.08844349976842367	-3.360310101488753e-06
769.205192772	0.08852574265248098	-3.257894658808408e-06
770.414634899	0.08860783066607057	-3.156055333958588e-06
771.624077026	0.08868976353545759	-3.054803586638802e-06
772.833519153	0.08877154098436846	-2.954150359869845e-06
774.0429612800001	0.08885316273577372	-2.8541060588943568e-06
775.2524034070001	0.0889346285136316	-2.754680521728156e-06
776.4618455340001	0.08901593804458367	-2.6558829979324294e-06
777.6712876610001	0.08909709105959926	-2.5577221247838344e-06
778.880729788	0.08917808729556476	-2.4602059073945692e-06
780.090171915	0.08925892649681999	-2.3633417026817927e-06
781.299614042	0.08933960841662694	-2.2671362023725383e-06
782.509056169	0.08942013281857526	-2.1715954215354577e-06
783.718498296	0.08950049947793177	-2.076724685339676e-06
784.9279404230001	0.08958070818290609	-1.9825286210715942e-06
786.1373825500001	0.08966075873585809	-1.8890111505021068e-06
787.3468246770001	0.0897406509544228	-1.7961754851750916e-06
788.5562668040001	0.08982038467256911	-1.704024123501749e-06
789.7657089310001	0.08989995974157707	-1.612558849178533e-06
790.975151058	0.08997937603094025	-1.5217807329340194e-06
792.184593185	0.0900586334291944	-1.4316901365274415e-06
793.394035312	0.0901377318446606	-1.3422867160047675e-06
794.603477439	0.09021667120611633	-1.2535694294563832e-06
795.812919566	0.09029545146338386	-1.165536544327217e-06
797.0223616930001	0.09037407258784638	-1.0781856504740034e-06
798.2318038200001	0.09045253457287589	-9.915136697964677e-07
799.4412459470001	0.09053083743419371	-9.055168718116735e-07
800.6506880740001	0.0906089812101519	-8.201908887651987e-07
801.8601302010001	0.09068696596193294	-7.355307305428188e-07
803.069572328	0.09076479177368729	-6.515308060700553e-07
804.279014455	0.09084245875258415	-5.681849428468971e-07
805.488456582	0.090919967028803	-4.854864050513746e-07
806.697898709	0.09099731675544434	-4.034279194788798e-07
807.907340836	0.09107450810838529	-3.2200169764080855e-07
809.1167829630001	0.09115154128606193	-2.4119945990844216e-07
810.3262250900001	0.09122841650918707	-1.610124632372978e-07
811.5356672170001	0.09130513402041304	-8.143152549662525e-08
812.7451093440001	0.0913816940839338	-2.44705419295832e-09
813.9545514710001	0.09145809698503049	7.595092568063455e-08
815.163993598	0.091534343029561	1.5377274047503886e-07
816.373435725	0.09161043254340759	2.3102904251996736e-07
817.582877852	0.0916863658718691	3.0773077601235765e-07
818.792319979	0.09176214337901478	3.838891478539358e-07
820.001762106	0.09183776544698868	4.595155978399934e-07
821.2112042330001	0.09191323247529001	5.346217653041246e-07
822.4206463600001	0.09198854487999945	6.092194584379068e-07
823.6300884870001	0.09206370309298999	6.833206227085248e-07
824.8395306140001	0.0921387075610996	7.569373108896882e-07
826.0489727410001	0.09221355874528342	8.300816476142919e-07
827.258414868	0.09228825711973639	9.02765802324873e-07
828.467856995	0.0923628031710055	9.75001954202706e-07
829.677299122	0.09243719739707687	1.0468022635986424e-06
830.886741249	0.09251144030645661	1.1181788399598075e-06
832.0961833760001	0.09258553241723975	1.1891437129585986e-06
833.3056255030001	0.09265947425616759	1.2597088014706243e-06
834.5150676300001	0.09273326635768989	1.3298858846551298e-06
835.7245097570001	0.09280690926301452	1.39968657238837e-06
836.9339518840001	0.09288040351916822	1.4691222794058212e-06
838.143394011	0.0929537496780583	1.5382041960287224e-06
839.352836138	0.0930269482955419	1.6069432620929164e-06
840.562278265	0.09309999993050291	1.6753501416565814e-06
841.771720392	0.09317290514394444	1.7434351988927788e-06
842.981162519	0.09324566449809413	1.8112084732950506e-06
844.1906046460001	0.0933182785555252	1.8786796561701818e-06
845.4000467730001	0.09339074787830065	1.9458580715319557e-06
846.6094889000001	0.09346307302713525	2.012752651183586e-06
847.8189310270001	0.09353525456057907	2.0793719199569544e-06
849.0283731540001	0.09360729303423379	2.14572397166414e-06
850.237815281	0.09367918899998763	2.211816456612614e-06
851.447257408	0.09375094300528333	2.2776565613835675e-06
852.656699535	0.09382255559241129	2.3432509983663252e-06
853.866141662	0.09389402729784564	2.40860598754028e-06
855.075583789	0.09396535865159576	2.4737272452980685e-06
856.2850259160001	0.09403655017660648	2.5386199741274373e-06
857.4944680430001	0.0941076023881851	2.603288852728522e-06
858.7039101700001	0.09417851579346431	2.6677380255829553e-06
859.9133522970001	0.09424929089090507	2.731971097028052e-06
861.1227944240001	0.09431992816983453	2.7959911235164725e-06
862.332236551	0.09439042811001909	2.8598006117132313e-06
863.541678678	0.09446079118127708	2.923401511431903e-06
864.751120805	0.0945310178431322	2.9867952150396115e-06
865.960562932	0.09460110854449613	3.0499825588066465e-06
867.170005059	0.09467106372340091	3.1129638180006636e-06
868.3794471860001	0.09474088380676154	3.1757387134283277e-06
869.5888893130001	0.09481056921017499	3.2383064131197292e-06
870.7983314400001	0.09488012033776314	3.3006655355931336e-06
872.0077735670001	0.0949495375820491	3.3628141549550683e-06
873.2172156940001	0.09501882132386374	3.424749812550726e-06
874.426657821	0.09508797193229966	3.4864695199338103e-06
875.636099948	0.09515698976469397	3.547969771131032e-06
876.845542075	0.09522587516663954	3.6092465542404695e-06
878.054984202	0.09529462847204284	3.670295361891951e-06
879.2644263290001	0.09536325000319912	3.731111209395732e-06
880.4738684560001	0.09543174007090932	3.7916886441828612e-06
881.6833105830001	0.09550009897462297	3.852021767239422e-06
882.8927527100001	0.095568327002608	3.912104250228254e-06
884.1021948370001	0.09563642443215101	3.971929354296827e-06
885.3116369640001	0.09570439152978288	4.031489953995604e-06
886.521079091	0.09577222855152794	4.090778556242042e-06
887.730521218	0.09583993574317828	4.149787329960075e-06
888.939963345	0.09590751334058774	4.208508127039046e-06
890.149405472	0.09597496156998539	4.266932512902999e-06
891.3588475990001	0.09604228064831319	4.325051797923057e-06
892.5682897260001	0.09610947078357396	4.382857063497253e-06
893.7777318530001	0.09617653217519706	4.44033920130385e-06
894.9871739800001	0.09624346501442319	4.4974889406440566e-06
896.1966161070001	0.0963102694846937	4.554296890790094e-06
897.406058234	0.09637694576205483	4.610753572997783e-06
898.615500361	0.09644349401556934	4.666849463225847e-06
899.824942488	0.09650991440774087	4.722575031510662e-06
901.034384615	0.09657620709493359	4.7779207820383696e-06
902.243826742	0.09664237222781034	4.832877294788651e-06
903.4532688690001	0.09670840995176037	4.887435270505697e-06
904.6627109960001	0.096774320407338	4.9415855716723744e-06
905.8721531230001	0.09684010373069536	4.995319267474263e-06
907.0815952500001	0.09690576005402166	5.048627673732986e-06
908.2910373770001	0.09697128950596919	5.101502399188634e-06
909.500479504	0.09703669221208802	5.153935384923092e-06
910.709921631	0.09710196829524541	5.205918944203164e-06
911.919363758	0.09716711787604873	5.257445799454474e-06
913.128805885	0.0972321410732563	5.308509120845184e-06
914.338248012	0.09729703800417978	5.359102553639111e-06
915.5476901390001	0.09736180878508663	5.409220255474939e-06
916.7571322660001	0.0974264535315871	5.458856916579213e-06
917.9665743930001	0.09749097235901322	5.508007785669233e-06
919.1760165200001	0.09755536538278921	5.556668687334981e-06
920.3854586470001	0.09761963271879016	5.60483603510159e-06
921.594900774	0.09768377448369275	5.652506841095223e-06
922.804342901	0.09774779079531468	5.69967872421015e-06
924.013785028	0.09781168177293659	5.746349903825582e-06
925.223227155	0.09787544753761693	5.792519202966334e-06
926.432669282	0.09793908821249894	5.838186031975612e-06
927.6421114090001	0.09800260392309058	5.883350379397301e-06
928.8515535360001	0.0980659947975484	5.928012792866255e-06
930.0609956630001	0.09812926096693166	5.97217435588035e-06
931.2704377900001	0.09819240256545576	6.015836662223717e-06
932.4798799170001	0.0982554197307206	6.059001788242396e-06
933.689322044	0.09831831260392929	6.101672259551522e-06
934.898764171	0.09838108133009105	6.143851012371804e-06
936.108206298	0.09844372605820496	6.1855413590675146e-06
937.317648425	0.09850624694143585	6.226746946710882e-06
938.5270905520001	0.09856864413725913	6.267471712839701e-06
939.7365326790001	0.09863091780760816	6.307719844240306e-06
940.9459748060001	0.0986930681189905	6.347495730706781e-06
942.1554169330001	0.09875509524259217	6.386803917079326e-06
943.3648590600001	0.09881699935436261	6.425649060753935e-06
944.5743011870001	0.09887878063509475	6.464035878783747e-06
945.783743314	0.09894043927046801	6.5019691052846385e-06
946.993185441	0.099001975451092	6.5394534420511186e-06
948.202627568	0.09906338937252787	6.576493511989412e-06
949.412069695	0.09912468123529077	6.61309381638428e-06
950.6215118220001	0.09918585124484179	6.649258684005704e-06
951.8309539490001	0.09924689961156433	6.684992229475523e-06
953.0403960760001	0.09930782655072039	6.720298312602041e-06
954.2498382030001	0.09936863228239765	6.75518049374213e-06
955.4592803300001	0.09942931703143817	6.789641994946888e-06
956.6687224570001	0.09948988102736075	6.823685664160417e-06
957.878164584	0.09955032450426433	6.8573139389085935e-06
959.087606711	0.09961064770072345	6.890528813280339e-06
960.297048838	0.09967085085966756	6.923331804634808e-06
961.506490965	0.0997309342282549	6.9557239301444584e-06
962.7159330920001	0.09979089805773277	6.9877056786300795e-06
963.9253752190001	0.09985074260329299	7.019276991492712e-06
965.1348173460001	0.09991046812391155	7.050437243420055e-06
966.3442594730001	0.09997007488218787	7.081185228456632e-06
967.5537016000001	0.10002956314417456	7.1115191486309515e-06
968.763143727	0.10008893317919819	7.141436608383567e-06
969.972585854	0.10014818525967578	7.1709346111045735e-06
971.182027981	0.1002073196609329	7.200009560677512e-06
972.391470108	0.10026633666100382	7.22865726941746e-06
973.600912235	0.10032523654044345	7.25687296796243e-06
974.8103543620001	0.10038401958212204	7.28465132017464e-06
976.0197964890001	0.10044268607103361	7.311986444651086e-06
977.2292386160001	0.1005012362940794	7.338871938565583e-06
978.4386807430001	0.1005596705398801	7.365300907270084e-06
979.6481228700001	0.10061798909856068	7.39126599867343e-06
980.857564997	0.10067619226154849	7.4167594429734585e-06
982.067007124	0.10073428032137141	7.441773093315451e-06
983.276449251	0.10079225357145234	7.4662984759429896e-06
984.485891378	0.10085011230590715	7.490326840005335e-06
985.6953335050001	0.10090785681934153	7.51384921206244e-06
986.9047756320001	0.10096548740665831	7.536856455683111e-06
988.1142177590001	0.10102300436285591	7.559339333058912e-06
989.3236598860001	0.1010804079828369	7.581288572255929e-06
990.5331020130001	0.10113769856121929	7.602694929068066e-06
991.7425441400001	0.10119487639214242	7.6235492585605136e-06
992.951986267	0.1012519417690913	7.643842586731175e-06
994.161428394	0.10130889498471385	7.663566180995951e-06
995.370870521	0.10136573633064316	7.682711623924893e-06
996.580312648	0.10142246609732956	7.70127088128153e-06
997.7897547750001	0.10147908457387138	7.719236380109712e-06
998.9991969020001	0.10153559204785632	7.736601074677385e-06
1000.2086390290001	0.10159198880520362	7.75335851939743e-06
1001.4180811560001	0.10164827513001161	7.769502934587558e-06
1002.6275232830001	0.10170445130441388	7.785029271560606e-06
1003.8369654100001	0.10176051760843896	7.799933276951554e-06
1005.046407537	0.10181647431987881	7.814211548915623e-06
1006.255849664	0.10187232171415914	7.827861597382163e-06
1007.465291791	0.10192806006421999	7.840881887540702e-06
1008.674733918	0.10198368964040161	7.853271891022223e-06
1009.8841760450001	0.10203921071033448	7.865032126963545e-06
1011.0936181720001	0.10209462353884224	7.876164197822416e-06
1012.3030602990001	0.10214992838784724	7.886670819842734e-06
1013.5125024260001	0.10220512551628547	7.8965558478368e-06
1014.7219445530001	0.10226021518002726	7.905824295328934e-06
1015.9313866800001	0.10231519763180678	7.914482347201601e-06
1017.140828807	0.10237007312116025	7.922537364563054e-06
1018.350270934	0.10242484189436904	7.929997890208235e-06
1019.559713061	0.10247950419441404	7.936873637988395e-06
1020.769155188	0.10253406026093495	7.94317548474116e-06
1021.9785973150001	0.1025885103302011	7.948915450636113e-06
1023.1880394420001	0.10264285463508974	7.954106680026912e-06
1024.397481569	0.102697093405066	7.958763407291125e-06
1025.606923696	0.10275122686618043	7.962900923846189e-06
1026.816365823	0.1028052552410689	7.966535541092251e-06
1028.0258079500002	0.10285917874896353	7.969684541631744e-06
1029.235250077	0.10291299760570746	7.972366131727554e-06
1030.4446922040001	0.10296671202377886	7.974599387325365e-06
1031.654134331	0.10302032221232688	7.976404195666337e-06
1032.8635764580001	0.10307382837721243	7.97780119364544e-06
1034.073018585	0.10312723072104919	7.978811706294692e-06
1035.282460712	0.10318052944326571	7.979457674642948e-06
1036.491902839	0.1032337247401591	7.979761587548206e-06
1037.701344966	0.10328681680497144	7.979746409675359e-06
1038.9107870930002	0.10333980582795735	7.979435509338634e-06
1040.12022922	0.10339269199646524	7.978852580171891e-06
1041.3296713470002	0.10344547549502608	7.978021570358845e-06
1042.539113474	0.10349815650544161	7.976966601121876e-06
1043.7485556010001	0.10355073520688374	7.975711894852439e-06
1044.957997728	0.10360321177599319	7.974281698915064e-06
1046.167439855	0.1036555863869868	7.97270020858401e-06
1047.376881982	0.1037078592117649	7.970991494958557e-06
1048.586324109	0.10376003042002413	7.969179433027496e-06
1049.795766236	0.10381210017937492	7.967287629601777e-06
1051.005208363	0.1038640686554587	7.965339355934381e-06
1052.2146504900002	0.10391593601207531	7.963357480104266e-06
1053.424092617	0.10396770241129755	7.96136440539899e-06
1054.6335347440001	0.10401936801359826	7.959382006202803e-06
1055.842976871	0.10407093297798034	7.957431572076096e-06
1057.0524189980001	0.10412239746210078	7.955533752494054e-06
1058.261861125	0.10417376162239833	7.953708504870871e-06
1059.471303252	0.10422502561422244	7.951975047985893e-06
1060.680745379	0.1042761895919586	7.95035181548956e-06
1061.890187506	0.10432725370915569	7.948856415487815e-06
1063.0996296330002	0.10437821811865429	7.947505593436377e-06
1064.30907176	0.10442908297270728	7.946315198584242e-06
1065.5185138870002	0.10447984842310833	7.94530015703343e-06
1066.727956014	0.1045305146213106	7.944474442078686e-06
1067.9373981410001	0.10458108171854796	7.943851055472462e-06
1069.146840268	0.104631549865947	7.943442005928225e-06
1070.356282395	0.10468191921465048	7.943258302289119e-06
1071.565724522	0.10473218991592285	7.943309935920517e-06
1072.775166649	0.1047823621212632	7.94360587691792e-06
1073.9846087760002	0.10483243598250849	7.94415407260815e-06
1075.194050903	0.10488241165193782	7.944961446470361e-06
1076.4034930300002	0.1049322892823723	7.9460339033402e-06
1077.612935157	0.10498206902726466	7.94737633581094e-06
1078.8223772840001	0.10503175104079662	7.948992636171853e-06
1080.031819411	0.1050813354779652	7.950885710296396e-06
1081.2412615380001	0.1051308224946586	7.953057490933668e-06
1082.450703665	0.10518021224774046	7.95550895966654e-06
1083.660145792	0.10522950489512092	7.958240167554864e-06
1084.869587919	0.10527870059582282	7.961250259268943e-06
1086.079030046	0.10532779951004909	7.96453749506848e-06
1087.2884721730002	0.10537680179923364	7.968099282176788e-06
1088.4979143	0.10542570762609696	7.971932198907322e-06
1089.7073564270001	0.10547451715469515	7.976032025756863e-06
1090.916798554	0.10552323055045609	7.98039377569032e-06
1092.1262406810001	0.10557184798021749	7.985011724095936e-06
1093.335682808	0.10562036961225191	7.98987944096441e-06
1094.545124935	0.10566879561629494	7.994989817950576e-06
1095.754567062	0.10571712616356242	8.000335103369727e-06
1096.964009189	0.10576536142675319	8.005906926789041e-06
1098.1734513160002	0.10581350158006494	8.011696334044721e-06
1099.382893443	0.1058615467991835	8.017693811944449e-06
1100.5923355700002	0.1059094972612804	8.023889318215655e-06
1101.801777697	0.10595735314500047	8.030272305441233e-06
1103.0112198240001	0.1060051146304411	8.036831746251194e-06
1104.220661951	0.10605278189912615	8.043556159260251e-06
1105.430104078	0.10610035513397716	8.050433628739584e-06
1106.639546205	0.10614783451927866	8.057451824704936e-06
1107.848988332	0.10619522024063374	8.064598023313496e-06
1109.058430459	0.10624251248492185	8.071859126296266e-06
1110.267872586	0.10628971144024563	8.079221670842518e-06
1111.4773147130002	0.10633681729587693	8.08667185083628e-06
1112.68675684	0.1063838302421991	8.094195525869957e-06
1113.8961989670001	0.10643075047063863	8.101778232561668e-06
1115.105641094	0.10647757817360397	8.109405198873654e-06
1116.3150832210001	0.10652431354441944	8.117061350079724e-06
1117.524525348	0.10657095677724539	8.124731322348144e-06
1118.733967475	0.10661750806700881	8.132399464705342e-06
1119.943409602	0.10666396760932886	8.140049853902487e-06
1121.152851729	0.10671033560043501	8.147666298544132e-06
1122.3622938560002	0.10675661223709504	8.155232348990016e-06
1123.571735983	0.10680279771653256	8.162731306386034e-06
1124.7811781100002	0.10684889223635002	8.17014623168133e-06
1125.990620237	0.10689489599444932	8.177459956505012e-06
1127.2000623640001	0.10694080918895503	8.184655096096782e-06
1128.409504491	0.10698663201813637	8.191714061731026e-06
1129.618946618	0.10703236468033493	8.198619078896713e-06
1130.828388745	0.10707800737388927	8.205352203451144e-06
1132.037830872	0.10712356029706002	8.211895343303993e-06
1133.2472729990002	0.1071690236479668	8.218230278769084e-06
1134.456715126	0.10721439762451349	8.224338692481431e-06
1135.6661572530002	0.10725968242432721	8.230202193933167e-06
1136.87559938	0.10730487824469626	8.235802355104765e-06
1138.0850415070001	0.1073499852825083	8.241120742852326e-06
1139.294483634	0.10739500373419798	8.246138957373333e-06
1140.5039257610001	0.1074399337956849	8.250838674891264e-06
1141.713367888	0.10748477566232856	8.255201689750385e-06
1142.922810015	0.1075295295288752	8.259209963914355e-06
1144.132252142	0.10757419558941675	8.262845672488833e-06
1145.341694269	0.1076187740373421	8.26609126066899e-06
1146.5511363960002	0.10766326506529775	8.268929494126276e-06
1147.760578523	0.10770766886515205	8.271343518148622e-06
1148.9700206500002	0.10775198562795482	8.273316913449957e-06
1150.179462777	0.10779621554390158	8.27483375547347e-06
1151.3889049040001	0.10784035880230608	8.275878676019394e-06
1152.598347031	0.10788441559156711	8.27643691971025e-06
1153.807789158	0.10792838609913971	8.276494407134793e-06
1155.017231285	0.10797227051150934	8.27603779068875e-06
1156.226673412	0.10801606901416179	8.27505451715671e-06
1157.4361155390002	0.10805978179156557	8.273532876947043e-06
1158.645557666	0.1081034090271455	8.271462066507251e-06
1159.8549997930002	0.10814695090325999	8.268832235203138e-06
1161.06444192	0.10819040760118384	8.265634534328214e-06
1162.2738840470001	0.10823377930108774	8.261861163469386e-06
1163.483326174	0.10827706618202095	8.257505410912136e-06
1164.6927683010001	0.10832026842189428	8.25256169022584e-06
1165.902210428	0.10836338619746907	8.247025575496003e-06
1167.111652555	0.10840641968433633	8.240893824968537e-06
1168.321094682	0.10844936905691234	8.23416440378505e-06
1169.530536809	0.10849223448842168	8.226836505097895e-06
1170.7399789360002	0.10853501615089295	8.218910554039227e-06
1171.949421063	0.10857771421515125	8.210388222455733e-06
1173.1588631900001	0.10862032885080841	8.20127241818805e-06
1174.368305317	0.10866286022626442	8.19156728718018e-06
1175.5777474440001	0.10870530850870229	8.1812781965937e-06
1176.787189571	0.10874767386409295	8.17041172131161e-06
1177.996631698	0.10878995645719305	8.158975616547048e-06
1179.206073825	0.10883215645155292	8.14697879295695e-06
1180.415515952	0.10887427400952468	8.134431279369775e-06
1181.6249580790002	0.10891630929226885	8.121344186186319e-06
1182.834400206	0.10895826245977105	8.107729663680424e-06
1184.0438423330002	0.1090001336708549	8.093600849606863e-06
1185.25328446	0.10904192308319567	8.078971819449471e-06
1186.4627265870001	0.10908363085334517	8.06385753473332e-06
1187.672168714	0.10912525713675095	8.048273778558934e-06
1188.881610841	0.10916680208778402	8.032237096475964e-06
1190.091052968	0.10920826585976146	8.01576473571236e-06
1191.300495095	0.10924964860497893	7.998874575747272e-06
1192.5099372220002	0.109290950474739	7.981585060167634e-06
1193.719379349	0.10933217161938764	7.963915132504218e-06
1194.9288214760002	0.10937331218834347	7.945884164011624e-06
1196.138263603	0.10941437233014373	7.927511886392236e-06
1197.3477057300001	0.10945535219247346	7.90881832114787e-06
1198.557147857	0.10949625192221078	7.889823710461458e-06
1199.7665899840001	0.10953707166546783	7.870548451572451e-06
1200.976032111	0.10957781156762658	7.85101302976099e-06
1202.185474238	0.10961847177339094	7.831237951148179e-06
1203.394916365	0.10965905242681727	7.811243683306102e-06
1204.604358492	0.1096995536713701	7.791050592311638e-06
1205.8138006190002	0.10973997564995636	7.770678884164856e-06
1207.023242746	0.109780318504976	7.750148549316022e-06
1208.2326848730002	0.10982058237835868	7.72947931325027e-06
1209.442127	0.10986076741160843	7.708690578655392e-06
