0.0	0.0	0.0
1.209442127	1.575656447762152e-06	5.214201589508062e-09
2.418884254	6.344285820287816e-06	4.608075676509642e-09
3.6283263810000004	1.4451169785381207e-05	3.945378599995942e-09
4.837768508	2.6133923040350952e-05	3.2062350376320736e-09
6.047210635000001	4.1721665455779364e-05	2.335967777479566e-09
7.256652762000001	6.163070543241999e-05	1.4915523976207314e-09
8.466094889	8.635900348235261e-05	5.847376342926292e-10
9.675537016	0.00011647931104034105	-3.8473256744613223e-10
10.884979143	0.00015263126624309546	-1.3981039227950682e-09
12.094421270000002	0.00019551274906801325	-2.4501063692543117e-09
13.303863397	0.0002458704459901905	-3.5363223287719105e-09
14.513305524000002	0.00030448977646124655	-4.641861051730891e-09
15.722747651	0.0003721844788114223	-5.754891609452027e-09
16.932189778	0.00044978590967335955	-6.866796536226204e-09
18.141631905	0.0005381322537194795	-7.96287897962154e-09
19.351074032	0.0006380578040361609	-9.024981197103005e-09
20.560516159000002	0.0007503824539325705	-1.0034049980820175e-08
21.769958286	0.0008759015446059593	-1.0968428249859274e-08
22.979400413	0.0010153762023267685	-1.1801967932665094e-08
24.188842540000003	0.001169524285361537	-1.250264740977787e-08
25.398284667000002	0.001339012045893423	-1.3030404873214194e-08
26.607726794	0.0015244465970723428	-1.3334815890766235e-08
27.817168921	0.0017263692617676015	-1.3353204857439408e-08
29.026611048000003	0.0019452498677922849	-1.3007722040009155e-08
30.236053175000002	0.002181482040764661	-1.2198708884822093e-08
31.445495302	0.002435379525748601	-1.0794392018035823e-08
32.654937429	0.0027071735468673836	-8.620457828253589e-09
33.864379556	0.002997011194732812	-5.455760186722294e-09
35.073821683000006	0.00330495481896554	-1.0424108156520395e-09
36.28326381	0.003630982393612557	4.886498974118053e-09
37.492705937000004	0.003974988812303865	1.2566107984463698e-08
38.702148064	0.004336788062401848	2.2156676254565105e-08
39.911590191	0.004716116219257002	3.371119605558373e-08
41.121032318000005	0.00511263518883675	4.7162467290036425e-08
42.330474445	0.005525937115490442	6.233365397022989e-08
43.539916572	0.005955549366073559	7.897345476355622e-08
44.749358699000005	0.006400939998883529	9.681087604664074e-08
45.958800826	0.006861523623801266	1.1561245624215621e-07
47.168242953000004	0.007336667560808612	1.352095389296759e-07
48.377685080000006	0.007825698214968221	1.5545975210872615e-07
49.587127207	0.008327907606849103	1.7614485956114756e-07
50.796569334000004	0.008842559989230859	1.968830658453241e-07
52.00601146100001	0.009368898445739323	2.1712039596603894e-07
53.215453588	0.009906151364347521	2.3618670353525717e-07
54.424895715000005	0.010453538674165451	2.5338488226361866e-07
55.634337842	0.011010277792715035	2.6807188926482317e-07
56.843779969	0.01157558931323029	2.7970361407905764e-07
58.053222096000006	0.012148702379066857	2.878593133477658e-07
59.262664223	0.012728859640058479	2.9226269415011386e-07
60.472106350000004	0.01331532175255589	2.927985054395482e-07
61.68154847700001	0.013907371414581676	2.895239042659953e-07
62.890990604	0.014504316924003549	2.8267650294989954e-07
64.100432731	0.015105495248774492	2.72679895999689e-07
65.309874858	0.015710274604320965	2.601461115362552e-07
66.519316985	0.016318056539884614	2.4587394177426336e-07
67.728759112	0.016928277541802726	2.3084218573991844e-07
68.93820123900001	0.017540410166922142	2.1619706334560784e-07
70.14764336600001	0.01815396372315175	2.0323327995855345e-07
71.357085493	0.018768484516130238	1.933683232285821e-07
72.56652762	0.01938355568138371	1.881092633222725e-07
73.775969747	0.019998796622892577	1.8900968013282893e-07
74.98541187400001	0.020613862088167872	1.976102315497108e-07
76.19485400100001	0.02122844093156749	2.153510676988074e-07
77.404296128	0.021842254637123623	2.4344470981457755e-07
78.613738255	0.022455055655611088	2.8271043997323e-07
79.823180382	0.023066625562666462	3.333862969197299e-07
81.032622509	0.02367677303597003	3.9493580027659403e-07
82.24206463600001	0.024285331713525985	4.658613373190179e-07
83.45150676300001	0.02489215807208185	5.435488120379001e-07
84.66094889	0.025497129492203903	6.242003607092109e-07
85.870391017	0.02610014263506676	7.029379074990558e-07
87.079833144	0.02670111213849348	7.741461855526391e-07
88.28927527100001	0.0272999694660924	8.320477651365538e-07
89.49871739800001	0.027896661606210037	8.713842640888092e-07
90.708159525	0.02849114934575827	8.879925769336022e-07
91.917601652	0.029083405063718114	8.790922564564513e-07
93.127043779	0.029673410250170305	8.432353024601796e-07
94.33648590600001	0.030261153069556138	7.800140978250422e-07
95.54592803300001	0.030846626211430615	6.896842109239271e-07
96.75537016000001	0.03142982511878814	5.728293624241224e-07
97.964812287	0.03201074657177479	4.301301904244617e-07
99.174254414	0.03258938757044749	2.62244361830255e-07
100.383696541	0.03316574447504719	6.97762072413878e-08
101.59313866800001	0.0337398123803706	-1.4669828941708818e-07
102.80258079500001	0.034311584698132884	-3.8658742556240897e-07
104.01202292200001	0.03488105290608245	-6.492492290433548e-07
105.221465049	0.035448206416047824	-9.339792097257278e-07
106.430907176	0.0360130325223354	-1.2400158334890422e-06
107.64034930300001	0.03657551640913642	-1.5665464896306124e-06
108.84979143000001	0.0371356412127879	-1.912691681032943e-06
110.05923355700001	0.03769338814881481	-2.277452212994229e-06
111.268675684	0.038248736719326805	-2.6596308129564657e-06
112.478117811	0.03880166500218734	-3.0577760046649263e-06
113.687559938	0.03935214999754496	-3.4701863692644143e-06
114.89700206500001	0.03990016801685647	-3.89493740144721e-06
116.10644419200001	0.040445695136213426	-4.329870526938043e-06
117.31588631900001	0.04098870772126691	-4.7725603968423215e-06
118.525328446	0.04152918299030431	-5.220312393813082e-06
119.734770573	0.0420670995797765	-5.670202181478744e-06
120.94421270000001	0.04260243809504022	-6.119135298927186e-06
122.15365482700001	0.04313518164007016	-6.563904109416251e-06
123.36309695400001	0.0436653163225563	-7.001232236287461e-06
124.572539081	0.0441928317309229	-7.427807904737422e-06
125.781981208	0.04471772138011407	-7.840313296839704e-06
126.99142333500001	0.045239983123777694	-8.235457702373064e-06
128.200865462	0.045759619531453376	-8.610019784322876e-06
129.410307589	0.046276638229848475	-8.96089995842302e-06
130.619749716	0.04679105220645382	-9.285178553015408e-06
131.82919184300002	0.04730288007160955	-9.5801712124686e-06
133.03863397	0.04781214627543087	-9.843472676199228e-06
134.24807609700002	0.04831888128071325	-1.0072982174253462e-05
135.457518224	0.048823121695013565	-1.0266908218129487e-05
136.666960351	0.04932491035960285	-1.0423762523263571e-05
137.87640247800002	0.04982429638669836	-1.0542362621907865e-05
139.085844605	0.05032133513469388	-1.0621852723338493e-05
140.29528673200002	0.050816088115600205	-1.066173144694156e-05
141.504728859	0.0513086228386608	-1.0661869996744918e-05
142.714170986	0.05179901260083772	-1.0622514991036856e-05
143.92361311300002	0.05228733623393852	-1.0544278264833402e-05
145.13305524	0.05277367781437962	-1.0428117178137028e-05
146.34249736700002	0.053258126339856444	-1.027530789346671e-05
147.551939494	0.053740775377654856	-1.0087413375087836e-05
148.761381621	0.054221722690175785	-9.86624803813287e-06
149.97082374800002	0.054701069843411554	-9.613841981048364e-06
151.180265875	0.05517892180347284	-9.332409131354363e-06
152.38970800200002	0.05565538652504363	-9.024324462994504e-06
153.599150129	0.05613057453398289	-8.692114775796971e-06
154.808592256	0.05660459850455078	-8.338464795956159e-06
156.018034383	0.057077572830022225	-7.966235782801796e-06
157.22747651	0.05754961318412673	-7.578488521207266e-06
158.43691863700002	0.05802083607012421	-7.178498130243046e-06
159.646360764	0.05849135835491097	-6.769745982343825e-06
160.85580289100002	0.0589612967875566	-6.355874970553899e-06
162.065245018	0.05943076750537489	-5.940598444252989e-06
163.274687145	0.05989988553653721	-5.527560659082491e-06
164.48412927200002	0.06036876431705839	-5.120158988982087e-06
165.693571399	0.060837515250457025	-4.721356398608824e-06
166.90301352600002	0.06130624734456963	-4.333532332089895e-06
168.112455653	0.061775066951776265	-3.95842682833188e-06
169.32189778	0.06224407761072572	-3.5972094122452888e-06
170.53133990700002	0.0627133799505964	-3.2506524774839323e-06
171.740782034	0.06318307159775892	-2.9193394900871826e-06
172.95022416100002	0.06365324703504098	-2.6038275000722644e-06
174.159666288	0.06412399739481836	-2.304715638600527e-06
175.369108415	0.06459541019533521	-2.0226177846480523e-06
176.57855054200002	0.06506756904264355	-1.7580691163197968e-06
177.787992669	0.06554055332232035	-1.5114048850740826e-06
178.99743479600002	0.06601443790366895	-1.2826436642642686e-06
180.206876923	0.06648929287746112	-1.0713967625046363e-06
181.41631905	0.06696518334486197	-8.768157455144553e-07
182.62576117700002	0.06744216926782376	-6.975817264597787e-07
183.835203304	0.06792030538121736	-5.319320976820367e-07
185.04464543100002	0.0683996411589775	-3.7771369755220177e-07
186.254087558	0.06888022082382313	-2.3244929750780227e-07
187.46352968500003	0.06936208339110173	-9.340753167144146e-08
188.67297181200001	0.06984526273860739	4.232877222278171e-08
189.882413939	0.07032978769499135	1.777978191729989e-07
191.09185606600002	0.07081568214053566	3.1609846482677506e-07
192.301298193	0.07130296511576868	4.6033464639596774e-07
193.51074032000002	0.07179165093521407	6.135645917134443e-07
194.720182447	0.07228174930509298	7.787542040209577e-07
195.929624574	0.07277326544484809	9.587339759454649e-07
197.13906670100002	0.07326620021273131	1.1561593408751167e-06
198.348508828	0.07376055023540926	1.3734745558178618e-06
199.55795095500002	0.0742563080414578	1.6128799380483267e-06
200.767393082	0.07475346219885881	1.876302338057849e-06
201.976835209	0.07525199745672526	2.165368950657505e-06
203.18627733600002	0.07575189489142443	2.481384648474888e-06
204.395719463	0.07625313205701664	2.825313231680205e-06
205.60516159000002	0.0767556831394699	3.1977632959905716e-06
206.814603717	0.0772595191134389	3.5989795447779202e-06
208.02404584400003	0.07776460789991	4.028840106261246e-06
209.23348797100002	0.07827091452305826	4.486859862883204e-06
210.442930098	0.07877840126526929	4.972199293467477e-06
211.65237222500002	0.07928702782005642	5.48367802713658e-06
212.861814352	0.07979675144319759	6.0197923117994595e-06
214.07125647900003	0.08030752710271681	6.578735734657419e-06
215.28069860600002	0.08081930762828315	7.1584227363632774e-06
216.490140733	0.08133204386048659	7.756514588449541e-06
217.69958286000002	0.08184568480033133	8.370447582958512e-06
218.909024987	0.08236017775913636	8.997463201846835e-06
220.11846711400003	0.0828754685089957	9.634640006739008e-06
221.32790924100001	0.08339150143388172	1.027892693813569e-05
222.537351368	0.08390821968141103	1.092717769313794e-05
223.74679349500002	0.08442556531523174	1.1576185780827746e-05
224.956235622	0.08494347946787958	1.2222719836778664e-05
226.16567774900003	0.0854619024938704	1.2863558728412388e-05
227.375119876	0.0859807741226907	1.34955259603595e-05
228.584562003	0.08650003361127251	1.4115522856990217e-05
229.79400413000002	0.08701961989553425	1.4720559977839456e-05
231.003446257	0.0875394717405644	1.530778616971732e-05
232.21288838400002	0.08805952788909087	1.5874514638518898e-05
233.422330511	0.08857972720793744	1.641824545571644e-05
234.63177263800003	0.08910000883222154	1.693668403273394e-05
235.84121476500002	0.08962031230714011	1.7427755305160085e-05
237.050656892	0.09014057772719698	1.78896135722105e-05
238.26009901900002	0.0906607458726956	1.83206481260982e-05
239.469541146	0.0911807583431918	1.8719484955767758e-05
240.67898327300003	0.09170055768744656	1.9084984910173542e-05
241.88842540000002	0.09222008752929599	1.9416238771236037e-05
243.097867527	0.09273929268876757	1.9712559676455643e-05
244.30730965400002	0.09325811929774035	1.997347330744679e-05
245.516751781	0.09377651490952309	2.0198706223914986e-05
246.72619390800003	0.0942944286018002	2.0388172675236613e-05
247.93563603500002	0.09481181107251	2.05419602101783e-05
249.145078162	0.09532861472834189	2.0660314398142322e-05
250.35452028900002	0.09584479376563593	2.074362298928054e-05
251.563962416	0.09636030424351674	2.0792399884363632e-05
252.77340454300003	0.09687510414916688	2.0807269290796116e-05
253.98284667000001	0.09738915345513176	2.078895045310087e-05
255.192288797	0.09790241416857562	2.0738243338021788e-05
256.401730924	0.09841485037243113	2.0656015578918554e-05
257.61117305100004	0.09892642825838788	2.0543190890347403e-05
258.820615178	0.0994371161517809	2.040073906195124e-05
260.030057305	0.09994688452846928	2.0229667492183134e-05
261.239499432	0.1004557060239632	2.003101414085667e-05
262.448941559	0.10096355543511207	1.980584172017307e-05
263.65838368600004	0.10147040971477467	1.9555232924987117e-05
264.867825813	0.10197624795989962	1.9280286560159707e-05
266.07726794	0.10248105139346751	1.8982114453641296e-05
267.286710067	0.10298480334066658	1.8661839092957988e-05
268.49615219400005	0.1034874891996569	1.8320591953817616e-05
269.70559432100004	0.10398909640724817	1.7959512437415535e-05
270.915036448	0.10448961439980758	1.7579747299251765e-05
272.124478575	0.10498903456976247	1.7182450421360067e-05
273.333920702	0.10548735021806692	1.6768782765297363e-05
274.54336282900005	0.10598455650303462	1.6339912394503463e-05
275.75280495600003	0.10648065038589899	1.589701447361801e-05
276.962247083	0.10697563057342485	1.544127123253875e-05
278.17168921	0.10746949745785879	1.4973871842636002e-05
279.381131337	0.10796225305447509	1.4496012195812195e-05
280.59057346400004	0.1084539009369466	1.4008894526084531e-05
281.80001559100003	0.1089444461707816	1.3513726793195225e-05
283.009457718	0.10943389524503035	1.3011721789217643e-05
284.218899845	0.10992225600249916	1.250409586145071e-05
285.428341972	0.11040953756868555	1.1992067226746037e-05
286.63778409900004	0.11089575027967884	1.1476853861726397e-05
287.84722622600003	0.11138090560929673	1.0959670966184144e-05
289.056668353	0.11186501609575121	1.0441728015842412e-05
290.26611048	0.11234809526806483	9.924225348661737e-06
291.475552607	0.11283015757231785	9.40835030224579e-06
292.68499473400004	0.113311218297755	8.895272978573423e-06
293.89443686100003	0.1137912935028659	8.386141762657586e-06
295.103878988	0.11427039994163235	7.882078679465141e-06
296.313321115	0.11474855499014376	7.384174654156625e-06
297.522763242	0.11522577657374335	6.8934847423964e-06
298.73220536900004	0.11570208309486091	6.41102342462032e-06
299.94164749600003	0.11617749336164632	5.937760040000684e-06
301.151089623	0.11665202651755822	5.474614450988891e-06
302.36053175	0.11712570197200968	5.022453000155108e-06
303.569973877	0.117598539332232	4.582084837768258e-06
304.77941600400004	0.11807055833645737	4.154258647676764e-06
305.98885813100003	0.11854177878856592	3.739659844308966e-06
307.198300258	0.11901222049432855	3.3389082459089024e-06
308.407742385	0.11948190319936287	2.9525562636398273e-06
309.617184512	0.1199508465289468	2.581087601116229e-06
310.82662663900004	0.12041906992979512	2.2249164665808993e-06
312.036068766	0.12088659261392837	1.8843872712894297e-06
313.245510893	0.12135343350472744	1.5597747848221724e-06
314.45495302	0.12181961118528115	1.2512847027681614e-06
315.664395147	0.12228514384910923	9.590545830204245e-07
316.87383727400004	0.12275004925334541	6.831550805053155e-07
318.083279401	0.12321434467446132	4.2359144221924827e-07
319.292721528	0.12367804686660552	1.8030518513130478e-07
320.502163655	0.12414117202262917	-4.682411162276745e-08
321.71160578200005	0.12460373573784253	-2.579769603563986e-07
322.92104790900004	0.1250657529765117	-4.533921444775657e-07
324.130490036	0.12552723804106836	-6.333649764907537e-07
325.339932163	0.1259882045439255	-7.982456343962746e-07
326.54937429	0.12644866538179472	-9.48437556672066e-07
327.75881641700005	0.12690863271241012	-1.084395799625e-06
328.96825854400004	0.12736811793363248	-1.2066252570519867e-06
330.177700671	0.1278271316650152	-1.3156786598730874e-06
331.387142798	0.12828568373193644	-1.4121543228671e-06
332.596584925	0.128743783152444	-1.496693645303658e-06
333.80602705200005	0.12920143812685225	-1.5699784046930773e-06
335.01546917900004	0.12965865603010146	-1.6327279071083958e-06
336.224911306	0.13011544340682146	-1.6856960180873168e-06
337.434353433	0.13057180596898416	-1.729668115394399e-06
338.64379556	0.13102774859607152	-1.7654579660374148e-06
339.85323768700005	0.13148327533765522	-1.793904536816042e-06
341.06267981400003	0.13193838941829644	-1.8158687320624783e-06
342.272121941	0.13239309324469828	-1.8322300559866361e-06
343.481564068	0.13284738841501786	-1.8438832046323295e-06
344.691006195	0.13330127573027203	-1.851734588096711e-06
345.90044832200005	0.1337547552077533	-1.8566987809312888e-06
347.10989044900003	0.13420782609637663	-1.8596949323650136e-06
348.319332576	0.13466048689387233	-1.861643117628299e-06
349.528774703	0.1351127353657529	-1.8634606569452664e-06
350.73821683	0.13556456856596635	-1.8660584168647687e-06
351.94765895700004	0.1360159828591561	-1.8703370972409164e-06
353.15710108400003	0.1364669739444525	-1.8771835209249743e-06
354.366543211	0.13691753688070313	-1.8874669502691455e-06
355.575985338	0.1373676661130641	-1.9020354327381472e-06
356.785427465	0.1378173555008736	-1.921712212371758e-06
357.99486959200004	0.13826659834670266	-1.9472922100326195e-06
359.20431171900003	0.1387153874265067	-1.9795386105468313e-06
360.413753846	0.13916371502077682	-2.0191795636788357e-06
361.623195973	0.13961157294659646	-2.0669050324398364e-06
362.8326381	0.140058952590495	-2.123363816972784e-06
364.04208022700004	0.1405058449420046	-2.1891607550139983e-06
365.25152235400003	0.14095224062779677	-2.264854147349289e-06
366.460964481	0.1413981299463077	-2.3509534123958287e-06
367.670406608	0.1418435029027175	-2.4479169989499033e-06
368.87984873500005	0.1422883492441815	-2.5561505610019464e-06
370.08929086200004	0.14273265849519537	-2.6760054317410617e-06
371.29873298900003	0.14317641999296726	-2.807777382955387e-06
372.508175116	0.14361962292268174	-2.951705697227386e-06
373.717617243	0.14406225635256095	-3.1079725575818007e-06
374.92705937000005	0.14450430926856467	-3.2767027479249297e-06
376.13650149700004	0.14494577060865407	-3.457963673967994e-06
377.34594362400003	0.1453866292964912	-3.651765696993138e-06
378.555385751	0.14582687427447602	-3.8580627774913515e-06
379.764827878	0.14626649453600776	-4.07675341559683e-06
380.97427000500005	0.14670547915689253	-4.307681884917723e-06
382.18371213200004	0.1471438173257893	-4.550639732511623e-06
383.393154259	0.14758149837361376	-4.805367550965445e-06
384.602596386	0.14801851180182907	-5.07155697947962e-06
385.812038513	0.1484548473095442	-5.348852940990911e-06
387.02148064000005	0.14889049481935335	-5.6368560760302125e-06
388.23092276700004	0.14932544450186705	-5.9351253642930465e-06
389.440364894	0.14975968679887186	-6.243180904000507e-06
390.649807021	0.15019321244508524	-6.560506837123559e-06
391.859249148	0.15062601248846544	-6.886554395902668e-06
393.06869127500005	0.1510580783090344	-7.220745042885515e-06
394.27813340200004	0.15148940163621813	-7.562473690495702e-06
395.487575529	0.15191997456465225	-7.911111979796298e-06
396.697017656	0.15234978956846687	-8.266011595956663e-06
397.906459783	0.15277883951403914	-8.626507600313638e-06
399.11590191000005	0.15320711767120565	-8.991921764574251e-06
400.32534403700004	0.15363461772295348	-9.361565884475828e-06
401.534786164	0.15406133377359274	-9.73474506415356e-06
402.744228291	0.1544872603554308	-1.0110760945953624e-05
403.953670418	0.154912392433961	-1.0488914881369785e-05
405.16311254500005	0.15533672541160426	-1.0868511018651689e-05
406.37255467200004	0.15576025513002317	-1.1248859304564297e-05
407.581996799	0.1561829778710363	-1.162927837974545e-05
408.791438926	0.1566048903561859	-1.2009098359347034e-05
410.000881053	0.1570259897449714	-1.2387663495250917e-05
411.21032318000005	0.15744627363182834	-1.2764334697209362e-05
412.41976530700003	0.15786574004185777	-1.3138491910190744e-05
413.629207434	0.15828438742538237	-1.3509536349426768e-05
414.838649561	0.15870221465136142	-1.387689256467095e-05
416.04809168800006	0.15911922099973472	-1.4240010344886839e-05
417.25753381500004	0.15953540615271977	-1.4598366456342049e-05
418.46697594200003	0.15995077018515386	-1.4951466190273044e-05
419.676418069	0.16036531355390476	-1.5298844745464946e-05
420.885860196	0.16077903708642988	-1.564006842091556e-05
422.09530232300006	0.16119194196852765	-1.5974735624202374e-05
423.30474445000004	0.16160402973135293	-1.630247768766649e-05
424.51418657700003	0.16201530223774277	-1.6622959512119923e-05
425.723628704	0.16242576166793268	-1.693588000957133e-05
426.933070831	0.1628354105046995	-1.7240972377298436e-05
428.14251295800005	0.16324425151801375	-1.7538004181560582e-05
429.35195508500004	0.16365228774924068	-1.7826777270718575e-05
430.56139721200003	0.1640595224949779	-1.8107127514826668e-05
431.770839339	0.1644659592905601	-1.8378924387713394e-05
432.980281466	0.16487160189330494	-1.8642070378500908e-05
434.18972359300005	0.16527645426555707	-1.889650026606557e-05
435.39916572000004	0.1656805205575856	-1.914218024727521e-05
436.60860784700003	0.16608380509038367	-1.937910693197535e-05
437.818049974	0.1664863123384392	-1.9607306222626728e-05
439.027492101	0.16688804691251208	-1.982683207431106e-05
440.23693422800005	0.16728901354248957	-2.0037765168451696e-05
441.44637635500004	0.167689217060344	-2.0240211491896407e-05
442.65581848200003	0.16808866238326342	-2.043430083918142e-05
443.865260609	0.16848735449699076	-2.062018525997647e-05
445.074702736	0.16888529843941302	-2.079803744648931e-05
446.28414486300005	0.16928249928445158	-2.0968049094049687e-05
447.49358699000004	0.16967896212628678	-2.113042923052727e-05
448.703029117	0.1700746920639543	-2.1285402529817865e-05
449.912471244	0.17046969418635366	-2.1433207633092533e-05
451.121913371	0.17086397355770222	-2.1574095474298505e-05
452.33135549800005	0.17125753520345802	-2.17083276241644e-05
453.54079762500004	0.17165038409674852	-2.1836174674702558e-05
454.750239752	0.17204252514532764	-2.195791466262642e-05
455.959681879	0.1724339631790928	-2.2073831537705937e-05
457.169124006	0.17282470293816973	-2.2184213694313726e-05
458.37856613300005	0.17321474906159043	-2.2289352572596108e-05
459.58800826000004	0.17360410607658805	-2.238954132044793e-05
460.797450387	0.1739927783885185	-2.2485073539024736e-05
462.006892514	0.17438077027141727	-2.25762421066783e-05
463.216334641	0.17476808585920114	-2.2663338080833317e-05
464.42577676800005	0.1751547291375381	-2.2746649686896867e-05
465.63521889500004	0.17554070393637444	-2.2826461387726732e-05
466.844661022	0.17592601392313376	-2.2903053040120372e-05
468.054103149	0.1763106625965928	-2.2976699133214068e-05
469.26354527600006	0.17669465328142542	-2.304766810865e-05
470.47298740300005	0.17707798912342648	-2.3116221760932643e-05
471.68242953000004	0.17746067308539737	-2.318261471582171e-05
472.891871657	0.1778427079437146	-2.324709398721786e-05
474.101313784	0.17822409628554015	-2.3309898600628806e-05
475.31075591100006	0.17860484050670117	-2.3371259287434734e-05
476.52019803800005	0.17898494281019992	-2.3431398245708085e-05
477.72964016500003	0.1793644052053647	-2.3490528955269485e-05
478.939082292	0.17974322950761662	-2.3548856050862113e-05
480.148524419	0.18012141733884518	-2.360657524784482e-05
481.35796654600006	0.1804989701283688	-2.3663873305372618e-05
482.56740867300005	0.1808758891144785	-2.3720928033262728e-05
483.77685080000003	0.18125217534653115	-2.3777908330973804e-05
484.986292927	0.18162782968758565	-2.3834974255780572e-05
486.195735054	0.1820028528175592	-2.389227712021498e-05
487.40517718100006	0.18237724523687307	-2.394995960342851e-05
488.61461930800004	0.18275100727058724	-2.4008155888110422e-05
489.82406143500003	0.183124139072979	-2.406699181094034e-05
491.033503562	0.18349664063255036	-2.4126585020253777e-05
492.242945689	0.1838685117774514	-2.4187045145934033e-05
493.45238781600005	0.18423975218126662	-2.4248473969628453e-05
494.66182994300004	0.18461036136917763	-2.43109655901734e-05
495.87127207000003	0.18498033872443967	-2.4374606597531503e-05
497.080714197	0.18534968349517097	-2.4439476235864344e-05
498.290156324	0.18571839480141544	-2.4505646557466607e-05
499.49959845100005	0.18608647164245795	-2.4573182583781383e-05
500.70904057800004	0.1864539129043603	-2.4642142445092247e-05
501.91848270500003	0.18682071736769512	-2.4712577523658755e-05
503.127924832	0.1871868837154433	-2.478453258335754e-05
504.337366959	0.18755241054103058	-2.485804589842308e-05
505.54680908600005	0.187917296356487	-2.4933149365691243e-05
506.75625121300004	0.1882815396006819	-2.5009868619285322e-05
507.96569334000003	0.18864513864761398	-2.5088223131975937e-05
509.175135467	0.18900809181474587	-2.516822631711685e-05
510.384577594	0.18937039737133035	-2.5249885621443993e-05
511.59401972100005	0.18973205354672434	-2.5333202619192904e-05
512.803461848	0.1900930585386526	-2.5418173096806995e-05
514.0129039750001	0.19045341052140924	-2.5504787145348012e-05
515.2223461020001	0.19081310765394835	-2.5593029245995352e-05
516.4317882290001	0.1911721480878792	-2.5682878362850298e-05
517.641230356	0.19153052997530062	-2.5774308034059307e-05
518.850672483	0.19188825147649452	-2.5867286471747963e-05
520.06011461	0.19224531076742346	-2.596177665914294e-05
521.269556737	0.19260170604703344	-2.6057736467606854e-05
522.478998864	0.19295743554433994	-2.6155118768968547e-05
523.688440991	0.19331249752528065	-2.6253871563738235e-05
524.897883118	0.19366689029930523	-2.6353938115000405e-05
526.1073252450001	0.1940206122257106	-2.645525709995579e-05
527.3167673720001	0.19437366171968895	-2.6557762763421838e-05
528.5262094990001	0.19472603725808868	-2.6661385087263165e-05
529.735651626	0.1950777373848587	-2.6766049979915288e-05
530.945093753	0.1954287607161923	-2.6871679461885553e-05
532.15453588	0.19577910594534229	-2.697819187798267e-05
533.363978007	0.19612877184709782	-2.7085502116986487e-05
534.573420134	0.196477757281935	-2.719352184395521e-05
535.782862261	0.1968260611998086	-2.7302159741199317e-05
536.9923043880001	0.1971736826436165	-2.741132176832875e-05
538.2017465150001	0.19752062075229668	-2.75209114232889e-05
539.4111886420001	0.19786687476357956	-2.763083002270926e-05
540.6206307690001	0.1982124440163837	-2.774097698077585e-05
541.830072896	0.19855732795286307	-2.7851250107013836e-05
543.039515023	0.1989015261201017	-2.796154589877753e-05
544.24895715	0.19924503817145478	-2.807175985035555e-05
545.458399277	0.19958786386755556	-2.818178675638612e-05
546.667841404	0.19993000307697245	-2.829152102142539e-05
547.877283531	0.20027145577654043	-2.8400856968280666e-05
549.0867256580001	0.20061222205135712	-2.8509689150387277e-05
550.2961677850001	0.20095230209446563	-2.861791265251594e-05
551.5056099120001	0.20129169620621923	-2.8725423397577693e-05
552.715052039	0.20163040479335045	-2.883211843834714e-05
553.924494166	0.20196842836773946	-2.893789624784128e-05
555.133936293	0.2023057675449092	-2.9042656996844038e-05
556.34337842	0.20264242304224703	-2.9146302824517925e-05
557.552820547	0.20297839567695983	-2.9248738096201293e-05
558.762262674	0.2033136863637967	-2.934986964293028e-05
559.971704801	0.20364829611252808	-2.944960699923123e-05
561.1811469280001	0.20398222602520807	-2.954786261326163e-05
562.3905890550001	0.20431547729322613	-2.964455204405511e-05
563.6000311820001	0.2046480511941818	-2.9739594148276566e-05
564.809473309	0.20497994908855816	-2.9832911243417998e-05
566.018915436	0.20531117241625046	-2.9924429251865572e-05
567.228357563	0.2056417226929406	-3.0014077833921682e-05
568.43779969	0.2059716015063286	-3.0101790495477496e-05
569.647241817	0.2063008105122608	-3.018750468432481e-05
570.856683944	0.20662935143074446	-3.0271161859824272e-05
572.066126071	0.20695722604187222	-3.035270755341081e-05
573.2755681980001	0.2072844361816692	-3.043209140621804e-05
574.4850103250001	0.2076109837378871	-3.0509267192911638e-05
575.6944524520001	0.20793687064574987	-3.058419282844088e-05
576.903894579	0.2082620988836572	-3.065683035996698e-05
578.113336706	0.20858667046888393	-3.0727145944872e-05
579.322778833	0.2089105874532588	-3.079510981360105e-05
580.53222096	0.2092338519188684	-3.0860696220328526e-05
581.741663087	0.20955646597376618	-3.09238833883195e-05
582.951105214	0.20987843174771675	-3.098465343576509e-05
584.160547341	0.21019975138799007	-3.104299229731919e-05
585.3699894680001	0.2105204270552104	-3.109888964082305e-05
586.5794315950001	0.2108404609192647	-3.115233877485149e-05
587.7888737220001	0.2111598551552946	-3.120333654302483e-05
588.998315849	0.2114786119397703	-3.1251883225951946e-05
590.207757976	0.2117967334466654	-3.129798243461934e-05
591.417200103	0.2121142218437329	-3.134164099669913e-05
592.62664223	0.21243107928889424	-3.138286884974556e-05
593.836084357	0.21274730792674704	-3.142167892059532e-05
595.045526484	0.2130629098852011	-3.145808701911744e-05
596.2549686110001	0.21337788727225718	-3.149211172522558e-05
597.4644107380001	0.21369224217290908	-3.152377427218314e-05
598.6738528650001	0.21400597664620283	-3.155309844151723e-05
599.8832949920001	0.21431909272244845	-3.1580110448674314e-05
601.092737119	0.21463159240057492	-3.160483884039923e-05
602.302179246	0.21494347764564736	-3.1627314384699914e-05
603.511621373	0.21525475038656186	-3.164756997348604e-05
604.7210635	0.21556541251387876	-3.166564051909279e-05
605.930505627	0.21587546587783663	-3.1681562857186624e-05
607.139947754	0.21618491228653694	-3.169537564679664e-05
608.3493898810001	0.21649375350428618	-3.1707119279791515e-05
609.5588320080001	0.21680199125012864	-3.1716835785983166e-05
610.7682741350001	0.21710962719652593	-3.172456874407474e-05
611.9777162620001	0.2174166629682146	-3.173036318547019e-05
613.187158389	0.2177231001412472	-3.173426551188706e-05
614.396600516	0.2180289402421773	-3.173632340136741e-05
615.606042643	0.21833418474743588	-3.1736585719203264e-05
616.81548477	0.21863883508284787	-3.173510243076848e-05
618.024926897	0.21894289262332822	-3.1731924508207957e-05
619.234369024	0.21924635869273387	-3.1727103841467166e-05
620.4438111510001	0.21954923456387165	-3.1720693145984025e-05
621.6532532780001	0.21985152145864575	-3.171274586927404e-05
622.8626954050001	0.22015322054838102	-3.17033160918221e-05
624.072137532	0.22045433295426398	-3.169245843318361e-05
625.281579659	0.22075485974794024	-3.168022794922294e-05
626.491021786	0.22105480195224267	-3.1666680036011516e-05
627.700463913	0.22135416054204685	-3.165187032037019e-05
628.90990604	0.22165293644525436	-3.1635854555801465e-05
630.119348167	0.22195113054389598	-3.1618688514867266e-05
631.328790294	0.2222487436753518	-3.16004278773617e-05
632.5382324210001	0.22254577663366498	-3.1581128121380836e-05
633.7476745480001	0.22284223017097657	-3.1560844407689526e-05
634.9571166750001	0.2231381049990376	-3.153963146609526e-05
636.166558802	0.2234334017908229	-3.151754348041172e-05
637.376000929	0.22372812118221594	-3.149463397126781e-05
638.585443056	0.22402226377377796	-3.1470955680568125e-05
639.794885183	0.2243158301325764	-3.144656045556138e-05
641.00432731	0.22460882079408603	-3.142149913656217e-05
642.213769437	0.22490123626413264	-3.1395821437883026e-05
643.4232115640001	0.22519307702089073	-3.136957584015318e-05
644.6326536910001	0.22548434351692007	-3.134280948084711e-05
645.8420958180001	0.22577503618123723	-3.131556804627372e-05
647.0515379450001	0.2260651554214101	-3.128789566776702e-05
648.260980072	0.22635470162567267	-3.125983482792083e-05
649.470422199	0.22664367516505493	-3.123142625816727e-05
650.679864326	0.22693207639552027	-3.120270885738005e-05
651.889306453	0.2272199056600951	-3.117371960488849e-05
653.09874858	0.22750716329099768	-3.114449348257456e-05
654.308190707	0.22779384961175114	-3.111506340535211e-05
655.5176328340001	0.228079964939274	-3.1085460157464356e-05
656.7270749610001	0.2283655095859552	-3.1055712333704494e-05
657.9365170880001	0.22865048386168366	-3.1025846292363074e-05
659.1459592150001	0.22893488807585327	-3.099588611429893e-05
660.355401342	0.22921872253931452	-3.096585357166906e-05
661.564843469	0.22950198756628956	-3.093576810003773e-05
662.774285596	0.2297846834762235	-3.090564678672261e-05
663.983727723	0.23006681059559045	-3.0875504360677875e-05
665.19316985	0.23034836925963237	-3.0845353197413855e-05
666.402611977	0.23062935981402657	-3.081520332623433e-05
667.6120541040001	0.2309097826164961	-3.078506245318344e-05
668.8214962310001	0.23118963803834258	-3.0754935985168735e-05
670.0309383580001	0.23146892646589978	-3.0724827067257765e-05
671.2403804850001	0.2317476483019111	-3.069473662618491e-05
672.449822612	0.23202580396683334	-3.0664663424186805e-05
673.659264739	0.2323033939000403	-3.063460411640087e-05
674.868706866	0.232580418560963	-3.060455331874157e-05
676.078148993	0.23285687843012032	-3.0574503681709414e-05
677.28759112	0.23313277401008617	-3.054444597049011e-05
678.497033247	0.23340810582634117	-3.051436914938699e-05
679.7064753740001	0.2336828744280565	-3.0484260472911362e-05
680.9159175010001	0.23395708038877744	-3.0454105585910746e-05
682.1253596280001	0.23423072430701858	-3.04238886210291e-05
683.3348017550001	0.2345038068067717	-3.0393592305298645e-05
684.544243882	0.23477632853791458	-3.0363198065604113e-05
685.753686009	0.23504829017654727	-3.0332686142581222e-05
686.963128136	0.235319692425228	-3.0302035703259206e-05
688.172570263	0.2355905360131274	-3.027122495666626e-05
689.38201239	0.23586082169609723	-3.024023126906375e-05
690.5914545170001	0.2361305502566557	-3.0209031279617576e-05
691.8008966440001	0.23639972250389565	-3.017760102443437e-05
693.0103387710001	0.23666833927330794	-3.0145916043292087e-05
694.2197808980001	0.23693640142652922	-3.0113951504040504e-05
695.429223025	0.2372039098510245	-3.0081682314685165e-05
696.638665152	0.2374708654596836	-3.0049083234760104e-05
697.848107279	0.23773726919036559	-3.0016128987404855e-05
699.057549406	0.2380031220053625	-2.9982794369904503e-05
700.266991533	0.23826842489081834	-2.9949054354595078e-05
701.47643366	0.2385331788560699	-2.9914884196721725e-05
702.6858757870001	0.23879738493294778	-2.9880259527999276e-05
703.8953179140001	0.23906104417501872	-2.984515645541863e-05
705.1047600410001	0.23932415765678292	-2.980955165015134e-05
706.3142021680001	0.23958672647282067	-2.977342243289799e-05
707.523644295	0.23984875173690579	-2.973674685978131e-05
708.733086422	0.24011023458107505	-2.9699503796463966e-05
709.942528549	0.24037117615466452	-2.966167299090633e-05
711.151970676	0.2406315776233282	-2.9623235141825605e-05
712.361412803	0.24089144016800723	-2.9584171965239825e-05
713.57085493	0.24115076498390017	-2.9544466244563194e-05
714.7802970570001	0.24140955327939603	-2.9504101890530376e-05
715.9897391840001	0.24166780627500453	-2.946306398601481e-05
717.1991813110001	0.2419255252022678	-2.9421338828748006e-05
718.4086234380001	0.2421827113026691	-2.937891396861611e-05
719.618065565	0.24243936582653225	-2.9335778241459248e-05
720.827507692	0.24269549003191604	-2.929192179911e-05
722.036949819	0.2429510851835248	-2.924733612674757e-05
723.246391946	0.24320615255160835	-2.92020140654492e-05
724.455834073	0.24346069341088297	-2.915594982595346e-05
725.6652762	0.24371470903944403	-2.910913899626527e-05
726.8747183270001	0.24396820071772407	-2.9061578546131506e-05
728.0841604540001	0.24422116972743652	-2.9013266827953438e-05
729.2936025810001	0.24447361735056072	-2.8964203572488106e-05
730.5030447080001	0.2447255448683314	-2.8914389883998026e-05
731.712486835	0.2449769535602667	-2.8863828223278654e-05
732.921928962	0.24522784470321585	-2.8812522396479828e-05
734.131371089	0.24547821957043942	-2.8760477532755596e-05
735.340813216	0.24572807943071556	-2.8707700063711206e-05
736.550255343	0.2459774255474816	-2.8654197694107097e-05
737.7596974700001	0.246226259178011	-2.8599979378155643e-05
738.9691395970001	0.24647458157261906	-2.8545055282082343e-05
740.1785817240001	0.24672239397391807	-2.8489436749507685e-05
741.3880238510001	0.24696969761610243	-2.8433136264372633e-05
742.5974659780001	0.24721649372427335	-2.8376167407216657e-05
743.806908105	0.2474627835138051	-2.831854481813445e-05
745.016350232	0.24770856818975553	-2.8260284141001096e-05
746.225792359	0.24795384894631634	-2.8201401984184055e-05
747.435234486	0.24819862696630784	-2.8141915866124884e-05
748.644676613	0.24844290342071146	-2.8081844162961e-05
749.8541187400001	0.2486866794682528	-2.8021206057545628e-05
751.0635608670001	0.24892995625502995	-2.7960021477979602e-05
752.2730029940001	0.249172734914169	-2.7898311047262758e-05
753.4824451210001	0.2494150165655473	-2.7836096017273826e-05
754.6918872480001	0.24965680231554166	-2.777339821831079e-05
755.901329375	0.24989809325683035	-2.771023999000033e-05
757.110771502	0.25013889046822463	-2.7646644123684172e-05
758.320213629	0.2503791950145605	-2.758263379638512e-05
759.529655756	0.25061900794662506	-2.7518232513464025e-05
760.739097883	0.25085833030111376	-2.7453464042283965e-05
761.9485400100001	0.2510971631006363	-2.7388352347779144e-05
763.1579821370001	0.2513355073537646	-2.732292153003607e-05
764.3674242640001	0.251573364055114	-2.7257195762502712e-05
765.5768663910001	0.25181073418546085	-2.719119922841781e-05
766.786308518	0.2520476187118956	-2.712495605416282e-05
767.995750645	0.25228401858801497	-2.7058490253622364e-05
769.205192772	0.25251993475414364	-2.699182566671607e-05
770.414634899	0.25275536813758603	-2.6924985893347214e-05
771.624077026	0.25299031965290564	-2.6857994245510497e-05
772.833519153	0.25322479020224914	-2.679087368072028e-05
774.0429612800001	0.2534587806756773	-2.672364675243566e-05
775.2524034070001	0.2536922919515272	-2.6656335555170357e-05
776.4618455340001	0.25392532489681047	-2.6588961672138756e-05
777.6712876610001	0.2541578803676151	-2.652154612832469e-05
778.880729788	0.2543899592095396	-2.6454109339747733e-05
780.090171915	0.25462156225814114	-2.6386671073685974e-05
781.299614042	0.25485269033940516	-2.631925040143951e-05
782.509056169	0.2550833442702239	-2.6251865663740048e-05
783.718498296	0.25531352485889064	-2.6184534431684947e-05
784.9279404230001	0.25554323290560543	-2.6117273475241565e-05
786.1373825500001	0.25577246920299324	-2.6050098730856508e-05
787.3468246770001	0.2560012345366226	-2.5983025275962135e-05
788.5562668040001	0.2562295296855376	-2.5916067303143053e-05
789.7657089310001	0.25645735542279563	-2.5849238099080046e-05
790.975151058	0.2566847125159934	-2.5782550034190305e-05
792.184593185	0.25691160172781413	-2.5716014538296195e-05
793.394035312	0.25713802381656037	-2.5649642096683967e-05
794.603477439	0.2573639795366836	-2.5583442239941745e-05
795.812919566	0.25758946963932305	-2.5517423541853573e-05
797.0223616930001	0.25781449487282504	-2.5451593619711665e-05
798.2318038200001	0.25803905598325816	-2.5385959132293717e-05
799.4412459470001	0.2582631537149291	-2.5320525792481285e-05
800.6506880740001	0.2584867888108774	-2.5255298370708418e-05
801.8601302010001	0.2587099620133618	-2.519028071298543e-05
803.069572328	0.25893267406434123	-2.512547575141133e-05
804.279014455	0.25915492570593546	-2.506088552757524e-05
805.488456582	0.25937671768086756	-2.499651120808563e-05
806.697898709	0.2595980507329064	-2.4932353112912253e-05
807.907340836	0.2598189256072723	-2.4868410739078972e-05
809.1167829630001	0.26003934305103804	-2.4804682793432703e-05
810.3262250900001	0.260259303813508	-2.474116721904937e-05
811.5356672170001	0.2604788086465773	-2.4677861232867e-05
812.7451093440001	0.26069785830507264	-2.4614761356615833e-05
813.9545514710001	0.260916453547074	-2.4551863459603557e-05
815.163993598	0.26113459513421133	-2.44891627906689e-05
816.373435725	0.26135228383193954	-2.4426654021973e-05
817.582877852	0.26156952040979836	-2.436433129136481e-05
818.792319979	0.26178630564164296	-2.4302188239937877e-05
820.001762106	0.2620026403058541	-2.4240218060630342e-05
821.2112042330001	0.26221852518553346	-2.417841353707234e-05
822.4206463600001	0.26243396106866324	-2.4116767093299712e-05
823.6300884870001	0.2626489487482564	-2.4055270834207748e-05
824.8395306140001	0.2628634890224707	-2.3993916589193365e-05
826.0489727410001	0.26307758269471343	-2.3932695961983302e-05
827.258414868	0.2632912305737185	-2.3871600369439888e-05
828.467856995	0.2635044334736015	-2.3810621090244316e-05
829.677299122	0.263717192213892	-2.3749749303976497e-05
830.886741249	0.2639295076195546	-2.3688976141023055e-05
832.0961833760001	0.2641413805209709	-2.3628292714870935e-05
833.3056255030001	0.26435281175392367	-2.356769017123478e-05
834.5150676300001	0.2645638021595401	-2.350715972209219e-05
835.7245097570001	0.26477435258423476	-2.344669268787916e-05
836.9339518840001	0.2649844638796233	-2.33862805373887e-05
838.143394011	0.2651941369024196	-2.332591491563049e-05
839.352836138	0.265403372514317	-2.326558768498549e-05
840.562278265	0.26561217158186506	-2.3205290955743973e-05
841.771720392	0.2658205349763034	-2.3145017116366073e-05
842.981162519	0.2660284635734147	-2.308475886381514e-05
844.1906046460001	0.2662359582533387	-2.302450923010249e-05
845.4000467730001	0.26644301990038183	-2.2964261607638647e-05
846.6094889000001	0.2666496494028203	-2.29040097734258e-05
847.8189310270001	0.26685584765268444	-2.2843747911921453e-05
849.0283731540001	0.26706161554554386	-2.278347063177852e-05
850.237815281	0.267266953980264	-2.2723172983185602e-05
851.447257408	0.2674718638587702	-2.266285047579017e-05
852.656699535	0.26767634608580465	-2.260249909235429e-05
853.866141662	0.2678804015686727	-2.2542115298097853e-05
855.075583789	0.2680840312169782	-2.248169605098549e-05
856.2850259160001	0.2682872359423692	-2.2421238809969962e-05
857.4944680430001	0.2684900166582586	-2.23607415380557e-05
858.7039101700001	0.26869237427956555	-2.2300202710552608e-05
859.9133522970001	0.2688943097224394	-2.2239621309979446e-05
861.1227944240001	0.26909582390398396	-2.217899683180577e-05
862.332236551	0.2692969177419886	-2.2118329278890403e-05
863.541678678	0.2694975921546541	-2.205761915928875e-05
864.751120805	0.2696978480603211	-2.1996867478960014e-05
865.960562932	0.2698976863772049	-2.1936075737919586e-05
867.170005059	0.2700971080231265	-2.1875245917141878e-05
868.3794471860001	0.2702961139152509	-2.181438047061876e-05
869.5888893130001	0.2704947049698292	-2.175348230882418e-05
870.7983314400001	0.2706928821019489	-2.16925547954043e-05
872.0077735670001	0.27089064622527986	-2.163160172454978e-05
873.2172156940001	0.27108799825184204	-2.157062730554979e-05
874.426657821	0.27128493909176477	-2.1509636148969724e-05
875.636099948	0.2714814696530638	-2.144863324596985e-05
876.845542075	0.27167759084142706	-2.1387623949334356e-05
878.054984202	0.271873303559993	-2.1326613955631457e-05
879.2644263290001	0.272068608709158	-2.1265609280490122e-05
880.4738684560001	0.27226350718637893	-2.1204616239601376e-05
881.6833105830001	0.27245799988599584	-2.114364142533076e-05
882.8927527100001	0.27265208769905425	-2.1082691683844274e-05
884.1021948370001	0.27284577151314215	-2.1021774090284467e-05
885.3116369640001	0.27303905221224145	-2.0960895926444567e-05
886.521079091	0.27323193067658313	-2.0900064658577883e-05
887.730521218	0.27342440778251603	-2.083928790646422e-05
888.939963345	0.2736164844023876	-2.0778573422041563e-05
890.149405472	0.2738081614044316	-2.071792906782957e-05
891.3588475990001	0.2739994396526746	-2.0657362786110495e-05
892.5682897260001	0.27419032000684646	-2.0596882579430875e-05
893.7777318530001	0.2743808033223015	-2.0536496479324484e-05
894.9871739800001	0.27457089044995936	-2.047621252958265e-05
896.1966161070001	0.2747605822362468	-2.0416038754671878e-05
897.406058234	0.27494987952305544	-2.0355983142553158e-05
898.615500361	0.2751387831477078	-2.0296053618515386e-05
899.824942488	0.2753272939429382	-2.023625802127435e-05
901.034384615	0.2755154127368812	-2.017660408125746e-05
902.243826742	0.2757031403530714	-2.0117099402645888e-05
903.4532688690001	0.2758904776104451	-2.005775143578553e-05
904.6627109960001	0.2760774253233672	-1.9998567465144557e-05
905.8721531230001	0.2762639843016525	-1.9939554581141494e-05
907.0815952500001	0.2764501553506116	-1.9880719672009384e-05
908.2910373770001	0.27663593927108543	-1.9822069399648423e-05
909.500479504	0.2768213368595075	-1.9763610184641428e-05
910.709921631	0.27700634890796316	-1.9705348191598887e-05
911.919363758	0.2771909762042578	-1.964728931687365e-05
913.128805885	0.2773752195319988	-1.9589439168573447e-05
914.338248012	0.2775590796706753	-1.953180306507596e-05
915.5476901390001	0.2777425573957463	-1.947438601716117e-05
916.7571322660001	0.27792565347874487	-1.941719271711037e-05
917.9665743930001	0.27810836868737265	-1.9360227539191865e-05
919.1760165200001	0.27829070378561144	-1.9303494519295333e-05
920.3854586470001	0.2784726595338264	-1.924699736392463e-05
921.594900774	0.2786542366888993	-1.9190739431025616e-05
922.804342901	0.27883543600432426	-1.9134723739530624e-05
924.013785028	0.2790162582303551	-1.9078952957558848e-05
925.223227155	0.2791967041141137	-1.9023429404838033e-05
926.432669282	0.27937677439972214	-1.8968155051382607e-05
927.6421114090001	0.27955646982843496	-1.891313152393298e-05
928.8515535360001	0.27973579113876573	-1.885836010018932e-05
930.0609956630001	0.2799147390666288	-1.8803841719455816e-05
931.2704377900001	0.28009331434546175	-1.874957698196067e-05
932.4798799170001	0.28027151770636616	-1.86955661581438e-05
933.689322044	0.28044934987823406	-1.8641809192646713e-05
934.898764171	0.28062681158788205	-1.858830571620923e-05
936.108206298	0.28080390356018525	-1.8535055047258497e-05
937.317648425	0.2809806265182061	-1.8482056205221253e-05
938.5270905520001	0.2811569811833184	-1.842930792514408e-05
939.7365326790001	0.2813329682753344	-1.837680865979588e-05
940.9459748060001	0.28150858851263266	-1.8324556596258784e-05
942.1554169330001	0.28168384261227053	-1.827254966830366e-05
943.3648590600001	0.2818587312901053	-1.8220785567773373e-05
944.5743011870001	0.2820332552609155	-1.8169261757558508e-05
945.783743314	0.28220741523849635	-1.81179754892985e-05
946.993185441	0.2823812119357711	-1.806692381369629e-05
948.202627568	0.2825546460649054	-1.8016103594604288e-05
949.412069695	0.2827277183373881	-1.796551152889736e-05
950.6215118220001	0.2829004294641329	-1.7915144154768275e-05
951.8309539490001	0.2830727801555694	-1.786499787419238e-05
953.0403960760001	0.28324477112171836	-1.7815068961233443e-05
954.2498382030001	0.28341640307227695	-1.776535358207279e-05
955.4592803300001	0.28358767671669277	-1.7715847812661834e-05
956.6687224570001	0.2837585927642251	-1.766654764423503e-05
957.878164584	0.2839291519240195	-1.7617449010090547e-05
959.087606711	0.2840993549051596	-1.7568547794038353e-05
960.297048838	0.28426920241670955	-1.7519839846220908e-05
961.506490965	0.2844386951677853	-1.7471320997816675e-05
962.7159330920001	0.28460783386756994	-1.7422987074602186e-05
963.9253752190001	0.28477661922536934	-1.7374833914524795e-05
965.1348173460001	0.2849450519506336	-1.7326857375609545e-05
966.3442594730001	0.2851131327529868	-1.7279053351845763e-05
967.5537016000001	0.2852808623422398	-1.7231417785330133e-05
968.763143727	0.28544824142841746	-1.7183946675818074e-05
969.972585854	0.2856152707217668	-1.713663609806057e-05
971.182027981	0.28578195093274517	-1.7089482208774293e-05
972.391470108	0.28594828277204276	-1.7042481252855374e-05
973.600912235	0.286114266950571	-1.6995629578093335e-05
974.8103543620001	0.2862799041794439	-1.6948923644278385e-05
976.0197964890001	0.28644519516997546	-1.6902360029852348e-05
977.2292386160001	0.2866101406336622	-1.685593543871919e-05
978.4386807430001	0.28677474128215324	-1.6809646705119585e-05
979.6481228700001	0.28693899782723054	-1.676349080604808e-05
980.857564997	0.28710291098078106	-1.6717464862960052e-05
982.067007124	0.28726648145475514	-1.667156614519605e-05
983.276449251	0.28742970996113737	-1.662579207474535e-05
984.485891378	0.28759259721190666	-1.6580140231862994e-05
985.6953335050001	0.28775514391899176	-1.6534608354771413e-05
986.9047756320001	0.2879173507942236	-1.6489194344163766e-05
988.1142177590001	0.28807921854929247	-1.6443896262083313e-05
989.3236598860001	0.28824074789568943	-1.639871233572246e-05
990.5331020130001	0.28840193954466575	-1.635364095450495e-05
991.7425441400001	0.2885627942071703	-1.6308680665585995e-05
992.951986267	0.288723312593793	-1.6263830185450634e-05
994.161428394	0.28888349541471076	-1.621908838556757e-05
995.370870521	0.289043343379633	-1.617445429585862e-05
996.580312648	0.28920285719772815	-1.6129927094883645e-05
997.7897547750001	0.2893620375775778	-1.6085506122701793e-05
998.9991969020001	0.28952088522710784	-1.6041190857688653e-05
1000.2086390290001	0.28967940085352745	-1.599698092354107e-05
1001.4180811560001	0.289837585163271	-1.595287607733184e-05
1002.6275232830001	0.2899954388619309	-1.5908876214033862e-05
1003.8369654100001	0.2901529626542009	-1.586498135376993e-05
1005.046407537	0.2903101572438111	-1.5821191636868764e-05
1006.255849664	0.29046702333346713	-1.577750731724531e-05
1007.465291791	0.29062356162479724	-1.5733928755437554e-05
1008.674733918	0.2907797728182841	-1.569045641759345e-05
1009.8841760450001	0.290935657613211	-1.564709086235641e-05
1011.0936181720001	0.2910912167075985	-1.5603832733683543e-05
1012.3030602990001	0.2912464507981647	-1.5560682755964145e-05
1013.5125024260001	0.29140136058025784	-1.5517641726536108e-05
1014.7219445530001	0.2915559467478015	-1.5474710505909012e-05
1015.9313866800001	0.29171020999325603	-1.543189001259465e-05
1017.140828807	0.2918641510075573	-1.5389181214710973e-05
1018.350270934	0.29201777048008065	-1.5346585122085615e-05
1019.559713061	0.29217106909859053	-1.5304102776985545e-05
1020.769155188	0.29232404754919233	-1.526173525010291e-05
1021.9785973150001	0.29247670651630164	-1.521948362951872e-05
1023.1880394420001	0.2926290466826055	-1.5177349017233416e-05
1024.397481569	0.29278106872901266	-1.513533251907423e-05
1025.606923696	0.29293277333463835	-1.5093435234855845e-05
1026.816365823	0.2930841611767644	-1.5051658256194644e-05
1028.0258079500002	0.2932352329308039	-1.5010002659788385e-05
1029.235250077	0.2933859892702889	-1.4968469498936876e-05
1030.4446922040001	0.29353643086683906	-1.4927059796495529e-05
1031.654134331	0.2936865583901357	-1.4885774539764862e-05
1032.8635764580001	0.2938363725079167	-1.4844614675813689e-05
1034.073018585	0.2939858738859452	-1.4803581105751057e-05
1035.282460712	0.2941350631880098	-1.4762674678175935e-05
1036.491902839	0.29428394107589895	-1.4721896181651983e-05
1037.701344966	0.2944325082094082	-1.468124635097684e-05
1038.9107870930002	0.29458076524632104	-1.4640725846479935e-05
1040.12022922	0.29472871284241203	-1.4600335264135927e-05
1041.3296713470002	0.2948763516514432	-1.4560075125725352e-05
1042.539113474	0.29502368232516035	-1.4519945877006224e-05
1043.7485556010001	0.295170705513311	-1.4479947885219502e-05
1044.957997728	0.29531742186362886	-1.4440081432226526e-05
1046.167439855	0.2954638320218622	-1.4400346720476465e-05
1047.376881982	0.29560993663176216	-1.4360743864114123e-05
1048.586324109	0.2957557363351094	-1.432127289105814e-05
1049.795766236	0.2959012317717262	-1.4281933740277475e-05
1051.005208363	0.2960464235794827	-1.424272625975831e-05
1052.2146504900002	0.29619131239431884	-1.4203650207322838e-05
1053.424092617	0.29633589885026573	-1.4164705257668775e-05
1054.6335347440001	0.2964801835794648	-1.4125890986736028e-05
1055.842976871	0.2966241672121795	-1.408720688844331e-05
1057.0524189980001	0.29676785037682873	-1.4048652361986491e-05
1058.261861125	0.29691123370000944	-1.4010226723003283e-05
1059.471303252	0.29705431780651503	-1.397192920185239e-05
1060.680745379	0.2971971033193707	-1.3933758942201446e-05
1061.890187506	0.2973395908598533	-1.3895715003275216e-05
1063.0996296330002	0.29748178104751827	-1.3857796366527342e-05
1064.30907176	0.29762367450023336	-1.3820001935543197e-05
1065.5185138870002	0.29776527183420876	-1.37823305369697e-05
1066.727956014	0.297906573664019	-1.3744780924085376e-05
1067.9373981410001	0.29804758060263964	-1.3707351780092858e-05
1069.146840268	0.2981882932614748	-1.3670041722362025e-05
1070.356282395	0.2983287122503948	-1.3632849303429201e-05
1071.565724522	0.29846883817775544	-1.3595773015070284e-05
1072.775166649	0.29860867165043814	-1.3558811290913242e-05
1073.9846087760002	0.2987482132738738	-1.3521962515569697e-05
1075.194050903	0.29888746365208013	-1.348522501912891e-05
1076.4034930300002	0.2990264233876896	-1.344859708755225e-05
1077.612935157	0.299165093081981	-1.3412076962281139e-05
1078.8223772840001	0.29930347333490426	-1.3375662849285375e-05
1080.031819411	0.29944156474511896	-1.33393529191915e-05
1081.2412615380001	0.29957936791001355	-1.3303145307872605e-05
1082.450703665	0.29971688342574376	-1.3267038129087527e-05
1083.660145792	0.2998541118872532	-1.323102947102528e-05
1084.869587919	0.29999105388830455	-1.319511740340007e-05
1086.079030046	0.3001277100215001	-1.3159299975466776e-05
1087.2884721730002	0.3002640808783119	-1.3123575231539786e-05
1088.4979143	0.30040016704910905	-1.308794119751766e-05
1089.7073564270001	0.30053596912317887	-1.3052395905498865e-05
1090.916798554	0.30067148768874763	-1.3016937378158844e-05
1092.1262406810001	0.30080672333300174	-1.2981563641125543e-05
1093.335682808	0.30094167664211646	-1.2946272725494756e-05
1094.545124935	0.3010763482012671	-1.2911062670033224e-05
1095.754567062	0.30121073859464964	-1.2875931522954992e-05
1096.964009189	0.30134484840550513	-1.2840877346858431e-05
1098.1734513160002	0.3014786782161245	-1.2805898221758538e-05
1099.382893443	0.30161222860787124	-1.2770992243473639e-05
1100.5923355700002	0.3017455001611978	-1.2736157529461e-05
1101.801777697	0.30187849345565404	-1.270139222377814e-05
1103.0112198240001	0.30201120906990214	-1.2666694489106567e-05
1104.220661951	0.3021436475817237	-1.263206252079263e-05
1105.430104078	0.30227580956803035	-1.2597494538219012e-05
1106.639546205	0.3024076956048737	-1.2562988795199181e-05
1107.848988332	0.3025393062674577	-1.252854357385036e-05
1109.058430459	0.30267064213013234	-1.2494157193353866e-05
1110.267872586	0.30280170376640475	-1.2459828002926027e-05
1111.4773147130002	0.30293249174895087	-1.2425554387289484e-05
1112.68675684	0.30306300664960995	-1.2391334765812778e-05
1113.8961989670001	0.3031932490393861	-1.2357167595965918e-05
1115.105641094	0.3033232194884501	-1.2323051370520532e-05
1116.3150832210001	0.3034529185661434	-1.2288984618913368e-05
1117.524525348	0.30358234684096846	-1.2254965904994614e-05
1118.733967475	0.3037115048806023	-1.222099383458089e-05
1119.943409602	0.30384039325187256	-1.2187067044974048e-05
1121.152851729	0.3039690125207674	-1.2153184212767426e-05
1122.3622938560002	0.3040973632524326	-1.2119344050248032e-05
1123.571735983	0.3042254460111538	-1.2085545300858508e-05
1124.7811781100002	0.3043532613603632	-1.2051786749300158e-05
1125.990620237	0.3044808098626264	-1.2018067208973554e-05
1127.2000623640001	0.30460809207963124	-1.1984385526350033e-05
1128.409504491	0.30473510857219294	-1.1950740584597275e-05
1129.618946618	0.3048618599002308	-1.1917131288903537e-05
1130.828388745	0.3049883466227642	-1.1883556585063487e-05
1132.037830872	0.30511456929790703	-1.1850015439875822e-05
1133.2472729990002	0.3052405284828494	-1.1816506850653025e-05
1134.456715126	0.30536622473385433	-1.1783029841287013e-05
1135.6661572530002	0.30549165860624555	-1.1749583460882174e-05
1136.87559938	0.3056168306543916	-1.1716166778062004e-05
1138.0850415070001	0.3057417414317013	-1.1682778887682488e-05
1139.294483634	0.30586639149060557	-1.1649418903893205e-05
1140.5039257610001	0.3059907813825475	-1.161608596119551e-05
1141.713367888	0.3061149116579755	-1.1582779210251443e-05
1142.922810015	0.3062387828663206	-1.1549497820253357e-05
1144.132252142	0.3063623955559995	-1.15162409741916e-05
1145.341694269	0.3064857502743855	-1.1483007868677564e-05
1146.5511363960002	0.3066088475678112	-1.144979771434615e-05
1147.760578523	0.30673168798155065	-1.1416609730832e-05
1148.9700206500002	0.30685427205980503	-1.1383443150801004e-05
1150.179462777	0.3069766003456917	-1.1350297215793892e-05
1151.3889049040001	0.3070986733812372	-1.1317171171330853e-05
1152.598347031	0.30722049170736554	-1.1284064271928351e-05
1153.807789158	0.30734205586388114	-1.1250975774028393e-05
1155.017231285	0.3074633663894653	-1.1217904946514423e-05
1156.226673412	0.30758442382166634	-1.1184851053582662e-05
1157.4361155390002	0.3077052286968805	-1.1151813370073593e-05
1158.645557666	0.307825781550353	-1.1118791168173575e-05
1159.8549997930002	0.3079460829161618	-1.1085783719978759e-05
1161.06444192	0.3080661333272144	-1.1052790303594379e-05
1162.2738840470001	0.30818593331523914	-1.101981019529033e-05
1163.483326174	0.3083054834107725	-1.0986842673824104e-05
1164.6927683010001	0.3084247841431563	-1.0953887015451719e-05
1165.902210428	0.3085438360405326	-1.09209424964396e-05
1167.111652555	0.3086626396298335	-1.0888008393942356e-05
1168.321094682	0.3087811954367755	-1.0855083984240288e-05
1169.530536809	0.3088995039858636	-1.0822168543523497e-05
1170.7399789360002	0.30901756580037354	-1.078926135131969e-05
1171.949421063	0.3091353814023593	-1.0756361684780003e-05
1173.1588631900001	0.3092529513126422	-1.0723468823043564e-05
1174.368305317	0.30937027605081097	-1.0690582044118463e-05
1175.5777474440001	0.30948735613522727	-1.0657700629062433e-05
1176.787189571	0.30960419208300827	-1.0624823865264948e-05
1177.996631698	0.3097207844100442	-1.0591951039612413e-05
1179.206073825	0.3098371336309819	-1.0559081443605595e-05
1180.415515952	0.3099532402592388	-1.052621437396331e-05
1181.6249580790002	0.3100691048069934	-1.0493349131002194e-05
1182.834400206	0.31018472778519124	-1.0460485025388239e-05
1184.0438423330002	0.31030010970355215	-1.0427621371090351e-05
1185.25328446	0.3104152510705652	-1.0394757494459894e-05
1186.4627265870001	0.310530152393493	-1.0361892727135669e-05
1187.672168714	0.3106448141783821	-1.0329026416896342e-05
1188.881610841	0.31075923693006036	-1.0296157920995641e-05
1190.091052968	0.3108734211521443	-1.026328660643644e-05
1191.300495095	0.3109873673470439	-1.023041185671536e-05
1192.5099372220002	0.31110107601597253	-1.0197533068669051e-05
1193.719379349	0.31121454765894646	-1.0164649658882252e-05
1194.9288214760002	0.3113277827747969	-1.0131761053130267e-05
1196.138263603	0.3114407818611726	-1.0098866705662152e-05
1197.3477057300001	0.31155354541455077	-1.006596607945262e-05
1198.557147857	0.3116660739302475	-1.0033058662463346e-05
1199.7665899840001	0.3117783679024151	-1.000014396171367e-05
1200.976032111	0.31189042782406573	-9.967221507162921e-06
1202.185474238	0.31200225418706984	-9.93429084887587e-06
1203.394916365	0.31211384748216303	-9.901351561446281e-06
1204.604358492	0.3122252081989636	-9.868403240770318e-06
1205.8138006190002	0.3123363368259853	-9.835445507710289e-06
1207.023242746	0.3124472338506251	-9.80247800890302e-06
1208.2326848730002	0.31255789975919784	-9.769500414313903e-06
1209.442127	0.3126683350369316	-9.736512414319082e-06
