0.0	0.0	0.0
1.209442127	4.6989952435631536e-05	9.332827003357964e-08
2.418884254	0.00018765849668428544	9.285259358500148e-08
3.6283263810000004	0.0004211147962279332	9.242511138023932e-08
4.837768508	0.0007459292093060318	9.198083777240762e-08
6.047210635000001	0.0011601579493946985	9.133790529274226e-08
7.256652762000001	0.001661375089717075	9.084584904844586e-08
8.466094889	0.002246706763284204	9.041915012733385e-08
9.675537016	0.00291286848319233	9.002659042271527e-08
10.884979143	0.0036562057601006726	8.964368432252349e-08
12.094421270000002	0.004472736748231235	8.929086694575532e-08
13.303863397	0.005358196324037868	8.896771258484586e-08
14.513305524000002	0.006308081436926758	8.867527733239997e-08
15.722747651	0.007317697028255862	8.842188112408687e-08
16.932189778	0.00838220199559451	8.821580918766218e-08
18.141631905	0.00949665463921361	8.806279366314895e-08
19.351074032	0.010656057076079422	8.796805630890275e-08
20.560516159000002	0.011855398147885823	8.793833892453348e-08
21.769958286	0.013089694382545446	8.79831438434231e-08
22.979400413	0.014354028612615697	8.811437050143534e-08
24.188842540000003	0.01564358590297637	8.834539073302589e-08
25.398284667000002	0.016953686498029304	8.868772747618048e-08
26.607726794	0.018279815554822748	8.914049142751124e-08
27.817168921	0.019617649454202225	8.969003332907899e-08
29.026611048000003	0.02096307855395411	9.034496559201521e-08
30.236053175000002	0.022312226425289704	9.120492048403372e-08
31.445495302	0.02366146549328505	9.240575300252518e-08
32.654937429	0.02500742904001952	9.405100048764936e-08
33.864379556	0.026347019707511854	9.622377315082753e-08
35.073821683000006	0.027677414634879098	9.899734352766809e-08
36.28326381	0.028996067392109783	1.024315442119117e-07
37.492705937000004	0.03030070689056339	1.0655721136010321e-07
38.702148064	0.031589333485162296	1.1134266991036368e-07
39.911590191	0.03286021252631664	1.1665684611361637e-07
41.121032318000005	0.03411186563068471	1.22251213534319e-07
42.330474445	0.0353430599380736	1.277847219878503e-07
43.539916572	0.036552795613767765	1.3290874430541e-07
44.749358699000005	0.03774029185644716	1.3736874818898182e-07
45.958800826	0.03890497173902289	1.410768453238842e-07
47.168242953000004	0.04004644625194205	1.4421503637465638e-07
48.377685080000006	0.041164497662281946	1.4733619591034142e-07
49.587127207	0.04225906218914763	1.5127176270987586e-07
50.796569334000004	0.043330212427904774	1.5684265834009503e-07
52.00601146100001	0.04437814021310327	1.645785537504607e-07
53.215453588	0.04540314031438884	1.7465085920542744e-07
54.424895715000005	0.046405594852767115	1.8699473592134752e-07
55.634337842	0.04738595820189457	2.0144476565314706e-07
56.843779969	0.04834474242937463	2.1780771494034346e-07
58.053222096000006	0.049282503580126584	2.3589083924385745e-07
59.262664223	0.0501998290464596	2.555060995071412e-07
60.472106350000004	0.051097326111575025	2.7646402340347764e-07
61.68154847700001	0.051975611685691	2.98567306798031e-07
62.890990604	0.052835303241908826	3.2160912018935894e-07
64.100432731	0.053677010949383264	3.4537866603831513e-07
65.309874858	0.05450133098800605	3.696757576582277e-07
66.519316985	0.055308840018727885	3.943350091357989e-07
67.728759112	0.056100090780845005	4.1925786769397844e-07
68.93820123900001	0.05687560879100033	4.4444704097937326e-07
70.14764336600001	0.05763589011939883	4.700343375456384e-07
71.357085493	0.05838140020380782	4.962927263908734e-07
72.56652762	0.059112573624819066	5.23628482143601e-07
73.775969747	0.05982981471966998	5.525572967825243e-07
74.98541187400001	0.060533498884271605	5.836721112158216e-07
76.19485400100001	0.06122397441976202	6.17608022859123e-07
77.404296128	0.06190156480779556	6.550058463637709e-07
78.613738255	0.06256657132668317	6.964713234677844e-07
79.823180382	0.06321927593692514	7.425250702873532e-07
81.032622509	0.06385994436405348	7.935470074174611e-07
82.24206463600001	0.06448882930096014	8.497267059946745e-07
83.45150676300001	0.0651061736564751	9.110293312554474e-07
84.66094889	0.0657122137909967	9.771825313122096e-07
85.870391017	0.06630718269323661	1.0476831456204816e-06
87.079833144	0.06689131305354212	1.1218136918983435e-06
88.28927527100001	0.06746484018201614	1.1986553965573354e-06
89.49871739800001	0.06802800471753451	1.2770793670902059e-06
90.708159525	0.06858105508955051	1.3556869219236156e-06
91.917601652	0.06912424973315866	1.432669863028757e-06
93.127043779	0.06965785909772726	1.5055997475213467e-06
94.33648590600001	0.07018216747474378	1.5712377680401901e-06
95.54592803300001	0.07069747457324115	1.6255193127021061e-06
96.75537016000001	0.07120409666879517	1.663828605655282e-06
97.964812287	0.0717023671553858	1.6815577028803097e-06
99.174254414	0.07219263643614353	1.6748241073380465e-06
100.383696541	0.07267527120949313	1.6411462893453632e-06
101.59313866800001	0.07315065327926898	1.5798766706057177e-06
102.80258079500001	0.07361917805165313	1.4922719007159913e-06
104.01202292200001	0.07408125291615719	1.3811893058157665e-06
105.221465049	0.07453729571169548	1.2505025602793651e-06
106.430907176	0.074987733401749	1.1044109639729571e-06
107.64034930300001	0.07543300093988142	9.468413114457896e-07
108.84979143000001	0.07587354017973169	7.810912994940522e-07
110.05923355700001	0.07630979865129724	6.097685374822914e-07
111.268675684	0.07674222809065338	4.349875926193403e-07
112.478117811	0.07717128270442868	2.587229804978941e-07
113.687559938	0.0775974172045111	8.317870156537843e-08
114.89700206500001	0.07802108464917618	-8.897230008991786e-08
116.10644419200001	0.07844273411216143	-2.545843195145281e-07
117.31588631900001	0.0788628082182599	-4.102766428884519e-07
118.525328446	0.07928174064493576	-5.52799173346441e-07
119.734770573	0.07969995374845296	-6.793577052230382e-07
120.94421270000001	0.08011785646123255	-7.877861293303923e-07
122.15365482700001	0.0805358425180438	-8.765584434342055e-07
123.36309695400001	0.0809542889753812	-9.447004384322e-07
124.572539081	0.08137355495029515	-9.916670521623039e-07
125.781981208	0.08179398051735143	-1.0172265102678657e-06
126.99142333500001	0.08221588573254253	-1.02136637410849e-06
128.200865462	0.08263956977826903	-1.0042217372732698e-06
129.410307589	0.08306531023724635	-9.6602115776806e-07
130.619749716	0.08349336250718724	-9.070465383856363e-07
131.82919184300002	0.08392395936635372	-8.276049160010901e-07
133.03863397	0.08435731069578531	-7.280108740917446e-07
134.24807609700002	0.0847936033589974	-6.085778644568385e-07
135.457518224	0.08523300123521553	-4.6961575047438364e-07
136.666960351	0.08567564539818066	-3.114312812774189e-07
137.87640247800002	0.08612165442953268	-1.3432847783406698e-07
139.085844605	0.0865711248541701	6.139286234246866e-08
140.29528673200002	0.08702413168529616	2.754405253324599e-07
141.504728859	0.08748072906824896	5.075332999981974e-07
142.714170986	0.08794095101261502	7.574023842826794e-07
143.92361311300002	0.08840481220105084	1.0247902798507513e-06
145.13305524	0.08887230886302085	1.3094482544870334e-06
146.34249736700002	0.08934341970306195	1.6111330824394865e-06
147.551939494	0.08981810687424227	1.929602511760442e-06
148.761381621	0.0902963169876507	2.2646086194205717e-06
149.97082374800002	0.09077798214895236	2.6158890065325346e-06
151.180265875	0.09126302101371385	2.983156802693898e-06
152.38970800200002	0.09175133985417472	3.3660910613020345e-06
153.599150129	0.0922428336309967	3.7643292333106038e-06
154.808592256	0.09273738706411326	4.177463036506013e-06
156.018034383	0.09323487569712917	4.605038292353203e-06
157.22747651	0.09373516694980774	5.046558407648116e-06
158.43691863700002	0.09423812115318249	5.501490244592955e-06
159.646360764	0.09474359256200292	5.969270482859834e-06
160.85580289100002	0.09525143033953935	6.449310262342245e-06
162.065245018	0.09576147951036279	6.940996070410599e-06
163.274687145	0.0962735818773384	7.443685426079816e-06
164.48412927200002	0.09678757689965771	7.956696978457523e-06
165.693571399	0.0973033025292716	8.47929596464736e-06
166.90301352600002	0.0978205960035222	9.010677241079457e-06
168.112455653	0.0983392945917759	9.54994892520683e-06
169.32189778	0.09885923629345841	1.009611981145353e-05
170.53133990700002	0.09938026048436	1.0648093117307522e-05
171.740782034	0.0999022085082365	1.120466785919233e-05
172.95022416100002	0.10042492421208768	1.1764547555796756e-05
174.159666288	0.1009482544257731	1.2326354402583672e-05
175.369108415	0.10147204938917667	1.2888645983477609e-05
176.57855054200002	0.10199616313221349	1.3449931270496929e-05
177.787992669	0.10252045381416884	1.4008683180945225e-05
178.99743479600002	0.10304478402898971	1.4563346356473439e-05
180.206876923	0.10356902108211699	1.511234087424318e-05
181.41631905	0.1040930372421955	1.565406460916907e-05
182.62576117700002	0.10461670996780356	1.618689795749445e-05
183.835203304	0.10513992210633025	1.6709213953844393e-05
185.04464543100002	0.10566256206056332	1.7219394592857262e-05
186.254087558	0.1061845239192595	1.771585162560485e-05
187.46352968500003	0.10670570755046867	1.8197048496981783e-05
188.67297181200001	0.10722601865937327	1.8661520156351696e-05
189.882413939	0.10774536881429658	1.9107888921801597e-05
191.09185606600002	0.10826367544450055	1.9534876222485065e-05
192.301298193	0.10878086181199145	1.9941310456517147e-05
193.51074032000002	0.10929685695936116	2.0326130734903136e-05
194.720182447	0.10981159563788538	2.06883867362867e-05
195.929624574	0.110325018221462	2.1027235916244724e-05
197.13906670100002	0.11083707060871553	2.1341939257693565e-05
198.348508828	0.11134770411255823	2.163185556086633e-05
199.55795095500002	0.11185687533738295	2.1896434411694532e-05
200.767393082	0.11236454604541005	2.213520884698089e-05
201.976835209	0.11287068301408365	2.234778871595261e-05
203.18627733600002	0.11337525788616752	2.2533855077631892e-05
204.395719463	0.11387824701359206	2.269315546880174e-05
205.60516159000002	0.11437963129562187	2.2825499746984e-05
206.814603717	0.1148793960117454	2.2930756392369744e-05
208.02404584400003	0.11537753064985828	2.3008849284390787e-05
209.23348797100002	0.11587402873046412	2.305975504550417e-05
210.442930098	0.1163688876277258	2.3083500985100758e-05
211.65237222500002	0.11686210838811578	2.3080163632116513e-05
212.861814352	0.11735369554734373	2.304986781737073e-05
214.07125647900003	0.11784365694607303	2.299278626921586e-05
215.28069860600002	0.11833200354485354	2.290913974076214e-05
216.490140733	0.1188187492386341	2.2799197671570515e-05
217.69958286000002	0.11930391067116845	2.2663279373322243e-05
218.909024987	0.11978750704961821	2.2501755683294877e-05
220.11846711400003	0.12026955995964657	2.2315050948441828e-05
221.32790924100001	0.12075009318126485	2.2103645177726228e-05
222.537351368	0.12122913250571557	2.1868076154972493e-05
223.74679349500002	0.12170670555367966	2.1608941332101894e-05
224.956235622	0.12218284159516474	2.1326899352885897e-05
226.16567774900003	0.12265757137149488	2.102267112336076e-05
227.375119876	0.1231309269199113	2.0697040423636737e-05
228.584562003	0.12360294140134152	2.0350854151772457e-05
229.79400413000002	0.12407364893192985	1.9985022361924953e-05
231.003446257	0.1245430844189245	1.9600518315170123e-05
232.21288838400002	0.12501128340151196	1.9198378729892718e-05
233.422330511	0.12547828189710244	1.8779704338486858e-05
234.63177263800003	0.1259441162534751	1.8345660763322003e-05
235.84121476500002	0.12640882300707673	1.789747964330013e-05
237.050656892	0.1268724387476958	1.743645980321895e-05
238.26009901900002	0.1273349999895455	1.696396812662232e-05
239.469541146	0.12779654304872026	1.6481439758728178e-05
240.67898327300003	0.12825710392682393	1.5990377275169887e-05
241.88842540000002	0.1287167182005851	1.549234856090126e-05
243.097867527	0.12917542091727557	1.498898320528158e-05
244.30730965400002	0.12963324649579663	1.4481967313254018e-05
245.516751781	0.1300902286333572	1.397303665799654e-05
246.72619390800003	0.13054640021774425	1.3463968199706189e-05
247.93563603500002	0.13100179324524808	1.2956570014835411e-05
249.145078162	0.13145643874437266	1.2452669743999445e-05
250.35452028900002	0.13191036670548867	1.1954101716629695e-05
251.563962416	0.13236360601658578	1.1462692909879058e-05
252.77340454300003	0.13281618440526968	1.0980247931606513e-05
253.98284667000001	0.13326812838705407	1.0508533228356653e-05
255.192288797	0.13371946321993067	1.0049260717966135e-05
256.401730924	0.1341702128650663	9.604071071048215e-06
257.61117305100004	0.13462039995333094	9.174516883599104e-06
258.820615178	0.13507004575720416	8.762046040840243e-06
260.030057305	0.1355191701674595	8.36798567890873e-06
261.239499432	0.13596779167397294	7.99352726456315e-06
262.448941559	0.13641592735020847	7.639713400883763e-06
263.65838368600004	0.13686359284110677	7.3074266541267585e-06
264.867825813	0.13731080235422222	6.997380128895281e-06
266.07726794	0.13775756865381894	6.710109092165906e-06
267.286710067	0.1382039030578417	6.445963218922046e-06
268.49615219400005	0.1386498154380379	6.2050997264653796e-06
269.70559432100004	0.13909531422346205	5.9874779100715925e-06
270.915036448	0.1395404064072388	5.792855490745208e-06
272.124478575	0.13998509755622326	5.620786982671322e-06
273.333920702	0.14042939182321323	5.470624317847894e-06
274.54336282900005	0.14087329196168347	5.341520011983847e-06
275.75280495600003	0.14131679934316294	5.232433219613808e-06
276.962247083	0.14175991397763216	5.1421388149244796e-06
278.17168921	0.1422026345373114	5.069239295496519e-06
279.381131337	0.14264495838404712	5.012178816009294e-06
280.59057346400004	0.14308688160022998	4.9692584066160506e-06
281.80001559100003	0.14352839902283787	4.938651617977796e-06
283.009457718	0.14396950428021915	4.918420392713285e-06
284.218899845	0.1444101898314028	4.906531467521735e-06
285.428341972	0.1448504470080419	4.900873751503831e-06
286.63778409900004	0.1452902660592108	4.899276929634655e-06
287.84722622600003	0.14572963619926585	4.8995312454391815e-06
289.056668353	0.1461685456588803	4.8994082432890496e-06
290.26611048	0.1466069817392178	4.896682173939626e-06
291.475552607	0.14704493086919657	4.889151784072399e-06
292.68499473400004	0.1474823786657144	4.874662235573868e-06
293.89443686100003	0.14791930999673095	4.85112687393513e-06
295.103878988	0.14835570904706308	4.816548575939383e-06
296.313321115	0.14879155938672353	4.769040374094646e-06
297.522763242	0.14922684404161393	4.70684503833807e-06
298.73220536900004	0.14966154556632408	4.628353288009535e-06
299.94164749600003	0.15009564611875062	4.532120321892874e-06
301.151089623	0.15052912753620445	4.416880358966424e-06
302.36053175	0.15096197141260753	4.281558923138751e-06
303.569973877	0.15139415917635804	4.125282648544115e-06
304.77941600400004	0.15182567216839404	3.947386406459585e-06
305.98885813100003	0.1522564917199608	3.7474176355564714e-06
307.198300258	0.15268659922957362	3.5251377969169884e-06
308.407742385	0.1531159762386476	3.280520926803032e-06
309.617184512	0.15354460450527324	3.013749332363147e-06
310.82662663900004	0.1539724660756529	2.7252065225441546e-06
312.036068766	0.15439954335270348	2.4154675248300173e-06
313.245510893	0.15482581916137567	2.08528678669051e-06
314.45495302	0.15525127681030443	1.7355839085839153e-06
315.664395147	0.15567590014941096	1.3674274979835754e-06
316.87383727400004	0.1560996736231723	9.82017459037754e-07
318.083279401	0.15652258231929922	5.80666067041824e-07
319.292721528	0.15694461201264642	1.6477818501337005e-07
320.502163655	0.15736574920422164	-2.6416900202747007e-07
321.71160578200005	0.15778598115523668	-7.046463667628733e-07
322.92104790900004	0.15820529591619187	-1.1550929787038089e-06
324.130490036	0.15862368235103638	-1.6139356497080204e-06
325.339932163	0.15904113015652588	-2.0796075703988226e-06
326.54937429	0.15945762987692635	-2.5505657606506027e-06
327.75881641700005	0.1598731729142724	-3.0253070631494627e-06
328.96825854400004	0.16028775153442185	-3.5023824664984216e-06
330.177700671	0.1607013588691945	-3.980409569885601e-06
331.387142798	0.16111398891486112	-4.45808303679851e-06
332.596584925	0.16152563652727453	-4.934182958618583e-06
333.80602705200005	0.16193629741384186	-5.4075811796588935e-06
335.01546917900004	0.16234596812262858	-5.8772457456196525e-06
336.224911306	0.16275464602891024	-6.342243709281381e-06
337.434353433	0.163162329319603	-6.8017424573740826e-06
338.64379556	0.16356901697600967	-7.2550095597742614e-06
339.85323768700005	0.163974708755191	-7.701411080834886e-06
341.06267981400003	0.16437940517015082	-8.140408394079202e-06
342.272121941	0.16478310746894387	-8.57155367176704e-06
343.481564068	0.165185817612863	-8.994484339164277e-06
344.691006195	0.16558753825381978	-9.408916747687124e-06
345.90044832200005	0.16598827271111447	-9.81463933359683e-06
347.10989044900003	0.1663880249476819	-1.0211505427376588e-05
348.319332576	0.16678679954591513	-1.0599425897359072e-05
349.528774703	0.1671846016831097	-1.0978361787955526e-05
350.73821683	0.16758143710658316	-1.1348317108500483e-05
351.94765895700004	0.1679773121084792	-1.1709331905668252e-05
353.15710108400003	0.16837223350028824	-1.2061475744035155e-05
354.366543211	0.168766208587064	-1.2404841671712075e-05
355.575985338	0.16915924514132077	-1.2739540765333013e-05
356.785427465	0.16955135137660116	-1.3065697293798695e-05
357.99486959200004	0.16994253592066194	-1.3383444532957811e-05
359.20431171900003	0.17033280778826904	-1.3692921265962e-05
360.413753846	0.1707221763535705	-1.399426896249445e-05
361.623195973	0.17111065132203246	-1.4287629612710906e-05
362.8326381	0.1714982427019383	-1.4573144196894372e-05
364.04208022700004	0.17188496077545679	-1.48509517175488e-05
365.25152235400003	0.17227081606928468	-1.5121188746441971e-05
366.460964481	0.1726558193249164	-1.5383989398459752e-05
367.670406608	0.17303998146854077	-1.5639485677995668e-05
368.87984873500005	0.1734233135806273	-1.588780812548929e-05
370.08929086200004	0.17380582686525675	-1.6129086702079687e-05
371.29873298900003	0.17418753261926204	-1.636345183980703e-05
372.508175116	0.17456844220127254	-1.659103560039399e-05
373.717617243	0.17494856700074163	-1.6811972867972202e-05
374.92705937000005	0.17532791840708886	-1.7026402530942453e-05
376.13650149700004	0.175706507779028	-1.7234468595805907e-05
377.34594362400003	0.1760843464142332	-1.7436321186545256e-05
378.555385751	0.17646144551944504	-1.763211740520021e-05
379.764827878	0.17683781618112468	-1.782202202404992e-05
380.97427000500005	0.17721346933680476	-1.800620798145247e-05
382.18371213200004	0.17758841574723017	-1.818485669055625e-05
383.393154259	0.17796266596941895	-1.835815814214825e-05
384.602596386	0.1783362303307478	-1.8526310812103097e-05
385.812038513	0.17870911890417332	-1.868952138144031e-05
387.02148064000005	0.17908134148468882	-1.8848004281896147e-05
388.23092276700004	0.17945290756710078	-1.900198108582829e-05
389.440364894	0.17982382632522723	-1.915167976854204e-05
390.649807021	0.18019410659257884	-1.9297333865284094e-05
391.859249148	0.18056375684460638	-1.943918155167257e-05
393.06869127500005	0.18093278518254527	-1.9577464695164082e-05
394.27813340200004	0.18130119931890903	-1.9712427896376172e-05
395.487575529	0.18166900656464513	-1.984431756243965e-05
396.697017656	0.18203621381794632	-1.9973381014767866e-05
397.906459783	0.182402827554693	-2.0099865659164995e-05
399.11590191000005	0.1827688538205066	-2.0224018180761694e-05
400.32534403700004	0.18313429822436678	-2.034608378423397e-05
401.534786164	0.18349916593377952	-2.0466305457683687e-05
402.744228291	0.1838634616714613	-2.058492328776973e-05
403.953670418	0.18422718971353935	-2.0702173864087237e-05
405.16311254500005	0.18459035388923395	-2.0818289769727882e-05
406.37255467200004	0.1849529575820087	-2.0933499188677263e-05
407.581996799	0.18531500373214427	-2.104802561055108e-05
408.791438926	0.18567649484068996	-2.1162087621262593e-05
410.000881053	0.18603743297472575	-2.1275898755487854e-05
411.21032318000005	0.186397819773862	-2.138966740790338e-05
412.41976530700003	0.18675765645791936	-2.1503596787250667e-05
413.629207434	0.18711694383570068	-2.161788489811467e-05
414.838649561	0.18747568231479822	-2.173272454925046e-05
416.04809168800006	0.18783387191236606	-2.1848303349794596e-05
417.25753381500004	0.18819151226679828	-2.1964803705171176e-05
418.46697594200003	0.1885486026502339	-2.2082402793013878e-05
419.676418069	0.18890514198184952	-2.2201272492680668e-05
420.885860196	0.18926112884187068	-2.2321579276118886e-05
422.09530232300006	0.1896165614862287	-2.2443484053752405e-05
423.30474445000004	0.18997143786182524	-2.2567141955615044e-05
424.51418657700003	0.19032575562233217	-2.269270206189944e-05
425.723628704	0.1906795121444841	-2.282030706640681e-05
426.933070831	0.19103270454478333	-2.295009289805805e-05
428.14251295800005	0.19138532969659122	-2.3082188272696702e-05
429.35195508500004	0.1917373842475285	-2.3216714209489675e-05
430.56139721200003	0.19208886463714772	-2.3353783499963088e-05
431.770839339	0.1924397671148085	-2.3493500147298008e-05
432.980281466	0.19279008775771156	-2.363595878680791e-05
434.18972359300005	0.193139822489043	-2.3781244087903164e-05
435.39916572000004	0.19348896709616453	-2.3929430160538057e-05
436.60860784700003	0.19383751724881687	-2.4080579978796868e-05
437.818049974	0.1941854685172587	-2.423474482032839e-05
439.027492101	0.19453281639032063	-2.4391963746914214e-05
440.23693422800005	0.19487955629330903	-2.4552263137314623e-05
441.44637635500004	0.1952256836057078	-2.4715656268201047e-05
442.65581848200003	0.19557119367864217	-2.488214297677316e-05
443.865260609	0.1959160818520442	-2.5051709390169763e-05
445.074702736	0.1962603434714982	-2.5224327741088515e-05
446.28414486300005	0.1966039739046903	-2.5399956280813818e-05
447.49358699000004	0.19694696855744473	-2.5578539278911516e-05
448.703029117	0.19728932288930015	-2.5760007124481232e-05
449.912471244	0.19763103242858607	-2.5944276525732834e-05
451.121913371	0.1979720927869614	-2.613125080838663e-05
452.33135549800005	0.19831249967338432	-2.632082031242544e-05
453.54079762500004	0.19865224890748528	-2.651286288264665e-05
454.750239752	0.1989913364323067	-2.6707244444007516e-05
455.959681879	0.19932975832638689	-2.6903819670368034e-05
457.169124006	0.19966751081517473	-2.710243272660562e-05
458.37856613300005	0.20000459028173068	-2.7302918074845195e-05
459.58800826000004	0.20034099327672292	-2.7505101348870853e-05
460.797450387	0.20067671652768307	-2.7708800278650192e-05
462.006892514	0.20101175694752937	-2.7913825664693803e-05
463.216334641	0.20134611164232288	-2.8119982371579977e-05
464.42577676800005	0.20167977791826833	-2.8327070357811457e-05
465.63521889500004	0.20201275328796453	-2.8534885714096014e-05
466.844661022	0.2023450354758719	-2.874322171066146e-05
468.054103149	0.2026766224230292	-2.8951869833607202e-05
469.26354527600006	0.20300751229100622	-2.9160620814594473e-05
470.47298740300005	0.20333770346510993	-2.9369265630116437e-05
471.68242953000004	0.203667194556841	-2.9577596482588397e-05
472.891871657	0.20399598440561745	-2.978540773665439e-05
474.101313784	0.20432407207978942	-2.9992496815872682e-05
475.31075591100006	0.2046514568769343	-3.01986650518421e-05
476.52019803800005	0.20497813832347636	-3.040371847874701e-05
477.72964016500003	0.2053041161736236	-3.060746857219687e-05
478.939082292	0.20562939040767003	-3.080973292725331e-05
480.148524419	0.20595396122965354	-3.101033587339652e-05
481.35796654600006	0.20627782906441947	-3.12091090203942e-05
482.56740867300005	0.20660099455409328	-3.1405891739569314e-05
483.77685080000003	0.20692345855400257	-3.160053158290932e-05
484.986292927	0.20724522212806223	-3.179288462232255e-05
486.195735054	0.207566286543659	-3.198281573522921e-05
487.40517718100006	0.2078866532660543	-3.217019881454619e-05
488.61461930800004	0.2082063239523431	-3.2354916928684085e-05
489.82406143500003	0.2085253004449861	-3.253686240360654e-05
491.033503562	0.20884358476495846	-3.271593686518526e-05
492.242945689	0.20916117910452947	-3.289205121852212e-05
493.45238781600005	0.20947808581972036	-3.3065125571482556e-05
494.66182994300004	0.20979430742245522	-3.323508912160544e-05
495.87127207000003	0.21010984657244108	-3.340187999247013e-05
497.080714197	0.2104247060688101	-3.356544503639591e-05
498.290156324	0.2107388888415575	-3.372573959159464e-05
499.49959845100005	0.21105239794279046	-3.388272722160135e-05
500.70904057800004	0.21136523653783035	-3.4036379415625095e-05
501.91848270500003	0.21167740789620135	-3.4186675278491396e-05
503.127924832	0.21198891538252124	-3.43336011904144e-05
504.337366959	0.21229976244732932	-3.4477150463618766e-05
505.54680908600005	0.21260995261789106	-3.4617322984473176e-05
506.75625121300004	0.2129194894889847	-3.475412484642282e-05
507.96569334000003	0.21322837671371517	-3.4887567987654244e-05
509.175135467	0.21353661799437895	-3.50176698288851e-05
510.384577594	0.21384421707339019	-3.5144452906657464e-05
511.59401972100005	0.2141511777243201	-3.526794452912707e-05
512.803461848	0.2144575037430495	-3.538817642839698e-05
514.0129039750001	0.21476319893906304	-3.5505184433265446e-05
515.2223461020001	0.21506826712691485	-3.561900815426955e-05
516.4317882290001	0.21537271211788372	-3.5729690681898796e-05
517.641230356	0.21567653771182954	-3.583727830751282e-05
518.850672483	0.2159797476892777	-3.5941820260218527e-05
520.06011461	0.21628234580375233	-3.604336846248224e-05
521.269556737	0.21658433577435882	-3.61419773040883e-05
522.478998864	0.21688572127865158	-3.6237703439134794e-05
523.688440991	0.21718650594578462	-3.633060559848911e-05
524.897883118	0.21748669334996024	-3.642074442632148e-05
526.1073252450001	0.2177862870042067	-3.6508182327588123e-05
527.3167673720001	0.2180852903544565	-3.659298333787142e-05
528.5262094990001	0.21838370677397803	-3.6675213002199114e-05
529.735651626	0.2186815395581344	-3.6754938280259e-05
530.945093753	0.21897879191949088	-3.683222744335635e-05
532.15453588	0.21927546698328843	-3.690715000045919e-05
533.363978007	0.21957156778325287	-3.6979776620787996e-05
534.573420134	0.2198670972577843	-3.7050179068146005e-05
535.782862261	0.22016205824650148	-3.711843013237681e-05
536.9923043880001	0.22045645348715392	-3.7184603569592745e-05
538.2017465150001	0.22075028561290402	-3.724877403558924e-05
539.4111886420001	0.2210435571499625	-3.731101702199313e-05
540.6206307690001	0.2213362705156049	-3.737140878370959e-05
541.830072896	0.22162842801653898	-3.743002626788172e-05
543.039515023	0.22192003184762726	-3.748694702178368e-05
544.24895715	0.22221108409098175	-3.754224910559878e-05
545.458399277	0.22250158671538173	-3.759601098959897e-05
546.667841404	0.22279154157606001	-3.764831143771019e-05
547.877283531	0.22308095041480747	-3.7699229386761735e-05
549.0867256580001	0.22336981486041574	-3.774884380390586e-05
550.2961677850001	0.22365813642943588	-3.779723354022102e-05
551.5056099120001	0.22394591652724583	-3.784447716642658e-05
552.715052039	0.22423315644943076	-3.789065280319914e-05
553.924494166	0.22451985738344382	-3.793583792917332e-05
555.133936293	0.22480602041054595	-3.798010919067729e-05
556.34337842	0.22509164650802416	-3.802354219033244e-05
557.552820547	0.22537673655165968	-3.806621127806775e-05
558.762262674	0.2256612913184486	-3.810818932439841e-05
559.971704801	0.22594531148953922	-3.814954749475907e-05
561.1811469280001	0.22622879765339973	-3.819035502053425e-05
562.3905890550001	0.22651175030918969	-3.823067896591148e-05
563.6000311820001	0.22679416987031642	-3.827058399237526e-05
564.809473309	0.22707605666817066	-3.8310132130653374e-05
566.018915436	0.2273574109560273	-3.834938255521669e-05
567.228357563	0.22763823291308066	-3.838839136251215e-05
568.43779969	0.22791852264862272	-3.8427211362768166e-05
569.647241817	0.2281982802063352	-3.8465891875852365e-05
570.856683944	0.2284775055686745	-3.850447854410188e-05
572.066126071	0.2287561986613529	-3.854301315521502e-05
573.2755681980001	0.2290343593578793	-3.858153348799964e-05
574.4850103250001	0.22931198748416515	-3.8620073170000935e-05
575.6944524520001	0.22958908282316287	-3.865866155378095e-05
576.903894579	0.2298656451195293	-3.869732361751199e-05
578.113336706	0.23014167408429953	-3.873607988386096e-05
579.322778833	0.23041716939955778	-3.877494635959322e-05
580.53222096	0.23069213072308087	-3.881393450862192e-05
581.741663087	0.23096655769296276	-3.885305122795779e-05
582.951105214	0.23124044993216902	-3.8892298869872e-05
584.160547341	0.2315138070530612	-3.893167527342645e-05
585.3699894680001	0.2317866286618162	-3.897117382166415e-05
586.5794315950001	0.2320589143627815	-3.901078352719356e-05
587.7888737220001	0.232330663762719	-3.9050489133662936e-05
588.998315849	0.23260187647495253	-3.9090271241784547e-05
590.207757976	0.2328725521233891	-3.9130106458770686e-05
591.417200103	0.23314269034640991	-3.9169967556595964e-05
592.62664223	0.23341229080062323	-3.920982366488468e-05
593.836084357	0.2336813531644728	-3.92496404686693e-05
595.045526484	0.23394987714168414	-3.928938042117858e-05
596.2549686110001	0.23421786246456056	-3.932900297583253e-05
597.4644107380001	0.2344853088970914	-3.936846482810452e-05
598.6738528650001	0.23475221623790365	-3.9407720168790905e-05
599.8832949920001	0.23501858432302009	-3.944672094094437e-05
601.092737119	0.23528441302844108	-3.948541710765974e-05
602.302179246	0.23554970227253064	-3.952375692507781e-05
603.511621373	0.23581445201821982	-3.956168721129527e-05
604.7210635	0.23607866227500773	-3.9599153627542516e-05
605.930505627	0.23634233310077402	-3.9636100950118935e-05
607.139947754	0.23660546460338658	-3.967247334339674e-05
608.3493898810001	0.23686805694212967	-3.970821462476182e-05
609.5588320080001	0.23713011032892017	-3.974326853586896e-05
610.7682741350001	0.23739162502933359	-3.977757899049916e-05
611.9777162620001	0.23765260136344246	-3.9811090327399046e-05
613.187158389	0.23791303970646244	-3.9843747550213915e-05
614.396600516	0.2381729404892045	-3.987549655043443e-05
615.606042643	0.23843230419835032	-3.990628433502008e-05
616.81548477	0.23869113137654685	-3.993605922304744e-05
618.024926897	0.2389494226223195	-3.996477104201146e-05
619.234369024	0.23920717858982038	-3.999237130794531e-05
620.4438111510001	0.23946439998840408	-4.0018813390593766e-05
621.6532532780001	0.23972108758205288	-4.004405266373745e-05
622.8626954050001	0.23997724218863847	-4.006804664628827e-05
624.072137532	0.2402328646790447	-4.009075512331761e-05
625.281579659	0.24048795597613404	-4.0112140253692474e-05
626.491021786	0.24074251705359706	-4.013216666859387e-05
627.700463913	0.24099654893466818	-4.015080154766426e-05
628.90990604	0.2412500526907148	-4.016801468979814e-05
630.119348167	0.24150302943971685	-4.0183778565128225e-05
631.328790294	0.24175548034464878	-4.019806835720008e-05
632.5382324210001	0.24200740661175507	-4.0210861990144786e-05
633.7476745480001	0.24225880948873826	-4.0222140147982977e-05
634.9571166750001	0.24250969026286576	-4.023188627580443e-05
636.166558802	0.24276005025900177	-4.0240086581017076e-05
637.376000929	0.24300989083757152	-4.0246730013612786e-05
638.585443056	0.24325921339247172	-4.0251808248154e-05
639.794885183	0.24350801934892155	-4.0255315643014655e-05
641.00432731	0.24375631016127325	-4.0257249207295565e-05
642.213769437	0.2440040873107956	-4.0257608553057045e-05
643.4232115640001	0.2442513523034167	-4.0256395837448555e-05
644.6326536910001	0.24449810666744848	-4.02536157064759e-05
645.8420958180001	0.2447443519513055	-4.024927523238464e-05
647.0515379450001	0.24499008972120342	-4.0243383842258895e-05
648.260980072	0.24523532155887134	-4.023595324295637e-05
649.470422199	0.24548004905926105	-4.022699735203861e-05
650.679864326	0.2457242738282718	-4.021653221075727e-05
651.889306453	0.24596799748049514	-4.0204575908975304e-05
653.09874858	0.246211221636988	-4.019114849854177e-05
654.308190707	0.24645394792307138	-4.0176271908998196e-05
655.5176328340001	0.2466961779661676	-4.015996986120318e-05
656.7270749610001	0.24693791339368154	-4.0142267783163654e-05
657.9365170880001	0.2471791558309287	-4.012319271803899e-05
659.1459592150001	0.24741990689911414	-4.010277323968081e-05
660.355401342	0.2476601682133648	-4.008103936430085e-05
661.564843469	0.24789994138082994	-4.005802245932166e-05
662.774285596	0.24813922799884341	-4.003375515644614e-05
663.983727723	0.24837802965314848	-4.000827126522666e-05
665.19316985	0.24861634791620452	-3.998160568398357e-05
666.402611977	0.24885418434555612	-3.995379430943302e-05
667.6120541040001	0.2490915404822992	-3.992487395523825e-05
668.8214962310001	0.24932841784960835	-3.989488225818183e-05
670.0309383580001	0.24956481795135804	-3.986385759700839e-05
671.2403804850001	0.2498007422708272	-3.983183900187204e-05
672.449822612	0.25003619226948937	-3.979886606635119e-05
673.659264739	0.2502711693858928	-3.9764978868442324e-05
674.868706866	0.2505056750346282	-3.973021787526121e-05
676.078148993	0.2507397106053887	-3.969462386353706e-05
677.28759112	0.2509732774621207	-3.965823783194655e-05
678.497033247	0.25120637694226905	-3.962110091466908e-05
679.7064753740001	0.251439010356106	-3.9583254295649795e-05
680.9159175010001	0.2516711789861645	-3.954473912400058e-05
682.1253596280001	0.2519028840867511	-3.95055964304003e-05
683.3348017550001	0.2521341268835574	-3.946586704167698e-05
684.544243882	0.2523649085733601	-3.942559149339164e-05
685.753686009	0.25259523032380554	-3.938480995084592e-05
686.963128136	0.2528250932732907	-3.93435621234145e-05
688.172570263	0.2530544985309202	-3.930188718580252e-05
689.38201239	0.25328344717655327	-3.925982369117065e-05
690.5914545170001	0.2535119402609361	-3.92174094972636e-05
691.8008966440001	0.2537399788059088	-3.917468168419813e-05
693.0103387710001	0.2539675638046935	-3.9131676478051935e-05
694.2197808980001	0.2541946962222493	-3.9088429180156314e-05
695.429223025	0.25442137699572587	-3.904497408681318e-05
696.638665152	0.2546476070349499	-3.90013444274695e-05
697.848107279	0.2548733872230054	-3.8957572291456466e-05
699.057549406	0.2550987184168667	-3.8913688565442306e-05
700.266991533	0.25532360144809735	-3.8869722869233625e-05
701.47643366	0.25554803712359797	-3.8825703503761466e-05
702.6858757870001	0.25577202622641804	-3.8781657390629665e-05
703.8953179140001	0.2559955695166084	-3.8737610025527114e-05
705.1047600410001	0.25621866773212465	-3.8693585432306166e-05
706.3142021680001	0.2564413215897682	-3.86496061192676e-05
707.523644295	0.2566635317861762	-3.860569304516004e-05
708.733086422	0.25688529899882767	-3.856186558712227e-05
709.942528549	0.2571066238871048	-3.8518141510318626e-05
711.151970676	0.257327507093352	-3.847453695202119e-05
712.361412803	0.25754794924399055	-3.843106640347149e-05
713.57085493	0.2577679509506205	-3.8387742698528515e-05
714.7802970570001	0.25798751281116106	-3.8344577009671865e-05
715.9897391840001	0.2582066354109902	-3.830157884682217e-05
717.1991813110001	0.25842531932409635	-3.82587560657649e-05
718.4086234380001	0.2586435651142263	-3.8216114881556296e-05
719.618065565	0.25886137333604675	-3.817365988212362e-05
720.827507692	0.2590787445362883	-3.813139405224597e-05
722.036949819	0.2592956792548885	-3.808931880655564e-05
723.246391946	0.2595121780261281	-3.804743401385202e-05
724.455834073	0.2597282413797438	-3.800573804564611e-05
725.6652762	0.2599438698420308	-3.796422781439379e-05
726.8747183270001	0.2601590639369267	-3.792289882331712e-05
728.0841604540001	0.26037382418706695	-3.788174521547616e-05
729.2936025810001	0.2605881511148102	-3.7840759836496596e-05
730.5030447080001	0.2608020452432565	-3.779993429008088e-05
731.712486835	0.2610155070972049	-3.775925900552368e-05
732.921928962	0.26122853720410005	-3.77187233062265e-05
734.131371089	0.26144113609493663	-3.767831547520084e-05
735.340813216	0.2616533043051245	-3.7638022832339746e-05
736.550255343	0.2618650423753138	-3.759783180679044e-05
737.7596974700001	0.26207635085218367	-3.755772801677937e-05
738.9691395970001	0.26228723028918743	-3.75176963484658e-05
740.1785817240001	0.2624976812472556	-3.7477721032061484e-05
741.3880238510001	0.26270770429544543	-3.743778572486145e-05
742.5974659780001	0.2629173000115582	-3.739787359276214e-05
743.806908105	0.26312646898270253	-3.73579673886848e-05
745.016350232	0.26333521180581015	-3.731804953790996e-05
746.225792359	0.2635435290881111	-3.727810221137995e-05
747.435234486	0.2637514214475485	-3.7238107414544475e-05
748.644676613	0.2639588895131628	-3.719804705888674e-05
749.8541187400001	0.26416593392541315	-3.715790303852884e-05
751.0635608670001	0.26437255533645904	-3.711765730370076e-05
752.2730029940001	0.2645787544104017	-3.7077291940385004e-05
753.4824451210001	0.2647845318234568	-3.703678923606957e-05
754.6918872480001	0.26498988826410624	-3.699613174806826e-05
755.901329375	0.26519482443319115	-3.6955302366303844e-05
757.110771502	0.26539934104396196	-3.691428438061528e-05
758.320213629	0.26560343882208637	-3.6873061538711394e-05
759.529655756	0.265807118505616	-3.683161810298652e-05
760.739097883	0.2660103808449139	-3.6789938899411956e-05
761.9485400100001	0.2662132266025347	-3.6748009370812795e-05
763.1579821370001	0.26641565655307586	-3.6705815622109506e-05
764.3674242640001	0.26661767148298693	-3.666334446351949e-05
765.5768663910001	0.26681927219033846	-3.662058344920671e-05
766.786308518	0.26702045948457404	-3.657752091061617e-05
767.995750645	0.26722123418621135	-3.653414599086302e-05
769.205192772	0.2674215971265205	-3.649044866987916e-05
770.414634899	0.26762154914717623	-3.644641979091978e-05
771.624077026	0.2678210910998808	-3.6402051082851106e-05
772.833519153	0.26802022384596247	-3.6357335171863236e-05
774.0429612800001	0.26821894825594433	-3.631226560298073e-05
775.2524034070001	0.2684172652091065	-3.626683684444798e-05
776.4618455340001	0.26861517559301573	-3.622104429594486e-05
777.6712876610001	0.26881268030303956	-3.617488429498439e-05
778.880729788	0.2690097802418538	-3.6128354114373096e-05
780.090171915	0.26920647631892414	-3.608145196164203e-05
781.299614042	0.2694027694499814	-3.603417697417566e-05
782.509056169	0.2695986605564933	-3.598652920873413e-05
783.718498296	0.2697941505651119	-3.593850963234946e-05
784.9279404230001	0.2699892404071315	-3.5890120107281986e-05
786.1373825500001	0.2701839310179326	-3.58413633768373e-05
787.3468246770001	0.27037822333642514	-3.579224304423034e-05
788.5562668040001	0.27057211830448974	-3.574276355437778e-05
789.7657089310001	0.2707656168664246	-3.5692930169611836e-05
790.975151058	0.2709587199683887	-3.564274894576891e-05
792.184593185	0.2711514285578486	-3.5592226702893526e-05
793.394035312	0.27134374358303437	-3.5541370999023214e-05
794.603477439	0.271535665992404	-3.5490190098880214e-05
795.812919566	0.2717271967341093	-3.543869294472812e-05
797.0223616930001	0.27191833675547705	-3.538688911734755e-05
798.2318038200001	0.2721090870024969	-3.5334788807170336e-05
799.4412459470001	0.27229944841933085	-3.528240277840544e-05
800.6506880740001	0.2724894219478212	-3.5229742327433367e-05
801.8601302010001	0.27267900852702565	-3.517681925112315e-05
803.069572328	0.2728682090927632	-3.5123645804976955e-05
804.279014455	0.2730570245771746	-3.507023466414738e-05
805.488456582	0.27324545590830707	-3.5016598885870276e-05
806.697898709	0.2734335040097125	-3.4962751868289343e-05
807.907340836	0.27362116980005613	-3.490870731008566e-05
809.1167829630001	0.2738084541927689	-3.48544791699823e-05
810.3262250900001	0.27399535809569087	-3.48000816270122e-05
811.5356672170001	0.27418188241076197	-3.474552903938444e-05
812.7451093440001	0.27436802803371335	-3.4690835900269557e-05
813.9545514710001	0.27455379585379547	-3.463601680399331e-05
815.163993598	0.274739186753516	-3.4581086403320804e-05
816.373435725	0.2749242016084132	-3.4526059367712136e-05
817.582877852	0.27510884128684077	-3.4470950348378104e-05
818.792319979	0.2752931066497793	-3.441577393527295e-05
820.001762106	0.27547699855067503	-3.4360544624134626e-05
821.2112042330001	0.27566051783528783	-3.430527677641959e-05
822.4206463600001	0.2758436653415803	-3.424998459057582e-05
823.6300884870001	0.276026441899614	-3.419468205337339e-05
824.8395306140001	0.2762088483314783	-3.413938292318175e-05
826.0489727410001	0.2763908854512291	-3.40841006827991e-05
827.258414868	0.2765725540648599	-3.402884851974597e-05
828.467856995	0.27675385497029426	-3.3973639292375624e-05
829.677299122	0.27693478895739004	-3.3918485497136386e-05
830.886741249	0.2771153568079703	-3.386339925035009e-05
832.0961833760001	0.27729555929587246	-3.380839225880505e-05
833.3056255030001	0.2774753971870122	-3.3753475796219345e-05
834.5150676300001	0.27765487123948	-3.369866068465843e-05
835.7245097570001	0.2778339822036313	-3.364395727072089e-05
836.9339518840001	0.27801273082221856	-3.3589375411355316e-05
838.143394011	0.2781911178305223	-3.3534924452419124e-05
839.352836138	0.2783691439565045	-3.348061322319684e-05
840.562278265	0.27854680992097414	-3.342645001760958e-05
841.771720392	0.2787241164377679	-3.337244258241889e-05
842.981162519	0.27890106421394867	-3.3318598115408826e-05
844.1906046460001	0.27907765394999773	-3.3264923254269774e-05
845.4000467730001	0.2792538863400444	-3.321142407386457e-05
846.6094889000001	0.2794297620720815	-3.3158106082120664e-05
847.8189310270001	0.2796052818282073	-3.310497421948888e-05
849.0283731540001	0.2797804462848684	-3.305203286178837e-05
850.237815281	0.27995525611309724	-3.2999285824217295e-05
851.447257408	0.2801297119787867	-3.294673636219936e-05
852.656699535	0.2803038145429436	-3.289438718211135e-05
853.866141662	0.28047756446195393	-3.284224044414197e-05
855.075583789	0.2806509623878501	-3.2790297780443955e-05
856.2850259160001	0.28082400896859194	-3.2738560299255814e-05
857.4944680430001	0.2809967048483327	-3.268702860302619e-05
858.7039101700001	0.2811690506676965	-3.263570280018224e-05
859.9133522970001	0.2813410470640545	-3.2584582521116845e-05
861.1227944240001	0.2815126946717975	-3.2533666938977523e-05
862.332236551	0.28168399412260053	-3.248295478346097e-05
863.541678678	0.28185494604570893	-3.243244436081094e-05
864.751120805	0.28202555106819105	-3.2382133577812944e-05
865.960562932	0.28219580981519926	-3.233201995818391e-05
867.170005059	0.2823657229102339	-3.228210067179882e-05
868.3794471860001	0.2825352909753942	-3.2232372550206057e-05
869.5888893130001	0.2827045146316236	-3.218283211560424e-05
870.7983314400001	0.282873394498947	-3.213347560084012e-05
872.0077735670001	0.28304193119670257	-3.2084298977053116e-05
873.2172156940001	0.2832101253437722	-3.2035297974991606e-05
874.426657821	0.28337797755879046	-3.198646811351791e-05
875.636099948	0.2835454884603519	-3.193780472308949e-05
876.845542075	0.28371265866721646	-3.1889302970433686e-05
878.054984202	0.28387948879848984	-3.184095788180685e-05
879.2644263290001	0.2840459794738118	-3.179276437363654e-05
880.4738684560001	0.2842121313135162	-3.174471726853645e-05
881.6833105830001	0.2843779449387972	-3.1696811327627805e-05
882.8927527100001	0.2845434209718509	-3.1649041269621314e-05
884.1021948370001	0.28470856003602174	-3.160140179246651e-05
885.3116369640001	0.28487336275591624	-3.1553887598595454e-05
886.521079091	0.2850378297575268	-3.1506493417654546e-05
887.730521218	0.28520196166833967	-3.1459214027071414e-05
888.939963345	0.28536575911742396	-3.1412044270054396e-05
890.149405472	0.2855292227355086	-3.136497907536839e-05
891.3588475990001	0.2856923531550638	-3.131801347978913e-05
892.5682897260001	0.2858551510103552	-3.1271142643340966e-05
893.7777318530001	0.28601761693749717	-3.1224361861870165e-05
894.9871739800001	0.28617975157448894	-3.117766658983223e-05
896.1966161070001	0.2863415555612433	-3.113105245187986e-05
897.406058234	0.2865030295396057	-3.1084515253118616e-05
898.615500361	0.2866641741533611	-3.1038050996731736e-05
899.824942488	0.28682499004823003	-3.0991655893403136e-05
901.034384615	0.2869854778718618	-3.0945326369727355e-05
902.243826742	0.28714563827380757	-3.0899059079811386e-05
903.4532688690001	0.28730547190549416	-3.0852850910922935e-05
904.6627109960001	0.28746497942018145	-3.080669899245547e-05
905.8721531230001	0.28762416147292247	-3.076060070071607e-05
907.0815952500001	0.28778301872049605	-3.071455366029929e-05
908.2910373770001	0.2879415518213546	-3.0668555754606586e-05
909.500479504	0.2880997614355474	-3.062260512293191e-05
910.709921631	0.28825764822464295	-3.057670016282099e-05
911.919363758	0.2884152128516527	-3.05308395313203e-05
913.128805885	0.2885724559809325	-3.0485022141993334e-05
914.338248012	0.2887293782780922	-3.043924716858437e-05
915.5476901390001	0.28888598040989455	-3.0393514035040314e-05
916.7571322660001	0.28904226304414643	-3.034782241879974e-05
917.9665743930001	0.28919822684959356	-3.0302172241050696e-05
919.1760165200001	0.28935387249580696	-3.0256563665329028e-05
920.3854586470001	0.28950920065306157	-3.0210997091412173e-05
921.594900774	0.2896642119922226	-3.0165473145174482e-05
922.804342901	0.2898189071846136	-3.0119992676908014e-05
924.013785028	0.28997328690190594	-3.0074556747153314e-05
925.223227155	0.29012735181598004	-3.002916662275812e-05
926.432669282	0.29028110259880574	-2.9983823765733497e-05
927.6421114090001	0.2904345399223084	-2.993852982338674e-05
928.8515535360001	0.2905876644582443	-2.989328661714974e-05
930.0609956630001	0.2907404768780704	-2.98480961360148e-05
931.2704377900001	0.2908929778528144	-2.9802960522185007e-05
932.4798799170001	0.291045168052952	-2.9757882059583407e-05
933.689322044	0.2911970481482773	-2.9712863164402248e-05
934.898764171	0.29134861880777463	-2.966790637269623e-05
936.108206298	0.2914998806995041	-2.9623014328683528e-05
937.317648425	0.29165083449047197	-2.957818977245008e-05
938.5270905520001	0.29180148084651514	-2.953343552571097e-05
939.7365326790001	0.29195182043218537	-2.9488754483691926e-05
940.9459748060001	0.2921018539106369	-2.9444149600418856e-05
942.1554169330001	0.2922515819435203	-2.9399623876671943e-05
943.3648590600001	0.29240100519087314	-2.9355180351020582e-05
944.5743011870001	0.2925501243110171	-2.931082208192104e-05
945.783743314	0.2926989399604624	-2.9266552141346547e-05
946.993185441	0.2928474527938102	-2.9222373600631957e-05
948.202627568	0.29299566346367034	-2.917828951995438e-05
949.412069695	0.2931435726205709	-2.9134302939756718e-05
950.6215118220001	0.2932911809128788	-2.9090416864718804e-05
951.8309539490001	0.29343848898672675	-2.9046634258067527e-05
953.0403960760001	0.29358549748594476	-2.9002958028948034e-05
954.2498382030001	0.2937322070519891	-2.8959391025498715e-05
955.4592803300001	0.2938786183238862	-2.8915936020626476e-05
956.6687224570001	0.2940247319381778	-2.8872595710410787e-05
957.878164584	0.29417054852887226	-2.8829372700156508e-05
959.087606711	0.29431606872739624	-2.8786269497288464e-05
960.297048838	0.2944612931625601	-2.8743288506966058e-05
961.506490965	0.2946062224605208	-2.8700432021994127e-05
962.7159330920001	0.2947508572447598	-2.8657702218673475e-05
963.9253752190001	0.2948951981360515	-2.8615101149293e-05
965.1348173460001	0.2950392457524493	-2.8572630739895355e-05
966.3442594730001	0.29518300070927295	-2.8530292782075195e-05
967.5537016000001	0.295326463619097	-2.8488088931813427e-05
968.763143727	0.29546963509174884	-2.8446020701344832e-05
969.972585854	0.29561251573431757	-2.840408946146178e-05
971.182027981	0.2957551061511513	-2.8362296434991663e-05
972.391470108	0.29589740694387356	-2.832064269896184e-05
973.600912235	0.29603941871138906	-2.8279129182337548e-05
974.8103543620001	0.2961811420499204	-2.8237756657986668e-05
976.0197964890001	0.29632257755301633	-2.8196525752574586e-05
977.2292386160001	0.2964637258115837	-2.8155436939292233e-05
978.4386807430001	0.2966045874139239	-2.8114490543809656e-05
979.6481228700001	0.2967451629457609	-2.807368674268007e-05
980.857564997	0.29688545299027974	-2.803302556442233e-05
982.067007124	0.29702545812817777	-2.7992506892310365e-05
983.276449251	0.29716517893769806	-2.7952130468411607e-05
984.485891378	0.2973046159946813	-2.7911895893878436e-05
985.6953335050001	0.2974437698726176	-2.7871802637288723e-05
986.9047756320001	0.29758264114269106	-2.783185002756816e-05
988.1142177590001	0.2977212303738449	-2.779203727215629e-05
989.3236598860001	0.29785953813282906	-2.7752363451025164e-05
990.5331020130001	0.29799756498426155	-2.771282752510318e-05
991.7425441400001	0.2981353114906896	-2.7673428341784545e-05
992.951986267	0.29827277821264964	-2.7634164641077152e-05
994.161428394	0.29840996570872536	-2.7595035053312733e-05
995.370870521	0.298546874535621	-2.755603811704921e-05
996.580312648	0.2986835052482099	-2.751717227655881e-05
997.7897547750001	0.29881985839961067	-2.7478435890265773e-05
998.9991969020001	0.2989559345412498	-2.743982723543703e-05
1000.2086390290001	0.29909173422292135	-2.7401344516883586e-05
1001.4180811560001	0.29922725799285	-2.7362985874315737e-05
1002.6275232830001	0.29936250639776774	-2.7324749380053248e-05
1003.8369654100001	0.2994974799829653	-2.728663305837098e-05
1005.046407537	0.29963217929235786	-2.7248634882307e-05
1006.255849664	0.29976660486855	-2.7210752784237457e-05
1007.465291791	0.2999007572528912	-2.7172984660359112e-05
1008.674733918	0.3000346369855459	-2.7135328375699208e-05
1009.8841760450001	0.30016824460554464	-2.70977817767859e-05
1011.0936181720001	0.3003015806508395	-2.7060342690635175e-05
1012.3030602990001	0.30043464565837297	-2.702300893332732e-05
1013.5125024260001	0.3005674401641116	-2.698577831732052e-05
1014.7219445530001	0.30069996470312077	-2.6948648655045204e-05
1015.9313866800001	0.3008322198096004	-2.691161776478823e-05
1017.140828807	0.3009642060169378	-2.687468347743749e-05
1018.350270934	0.3010959238577573	-2.6837843636676184e-05
1019.559713061	0.30122737386396026	-2.6801096111292444e-05
1020.769155188	0.3013585565667696	-2.6764438797052814e-05
1021.9785973150001	0.30148947249677444	-2.6727869618103917e-05
1023.1880394420001	0.3016201221839529	-2.6691386531815797e-05
1024.397481569	0.301750506157731	-2.665498753916251e-05
1025.606923696	0.30188062494699497	-2.6618670678171807e-05
1026.816365823	0.3020104790801262	-2.6582434036179214e-05
1028.0258079500002	0.30214006908504143	-2.654627574619206e-05
1029.235250077	0.3022693954892003	-2.6510193996090448e-05
1030.4446922040001	0.30239845881964367	-2.6474187026531704e-05
1031.654134331	0.30252725960300286	-2.6438253135169232e-05
1032.8635764580001	0.3026557983655281	-2.640239067538963e-05
1034.073018585	0.3027840756330933	-2.6366598065208358e-05
1035.282460712	0.30291209193122215	-2.6330873779942254e-05
1036.491902839	0.30303984778508153	-2.629521636236809e-05
1037.701344966	0.30316734371950904	-2.62596244169494e-05
1038.9107870930002	0.30329458025900813	-2.622409660958669e-05
1040.12022922	0.3034215579277474	-2.6188631675638785e-05
1041.3296713470002	0.3035482772495769	-2.6153228413330898e-05
1042.539113474	0.30367473874801443	-2.611788568511464e-05
1043.7485556010001	0.3038009429462495	-2.6082602420221535e-05
1044.957997728	0.30392689036713577	-2.60473776113046e-05
1046.167439855	0.3040525815331827	-2.601221031320322e-05
1047.376881982	0.30417801696655167	-2.5977099642568446e-05
1048.586324109	0.30430319718904497	-2.5942044778862194e-05
1049.795766236	0.30442812272208286	-2.5907044959139203e-05
1051.005208363	0.3045527940867112	-2.5872099478629895e-05
1052.2146504900002	0.30467721180355956	-2.5837207691170594e-05
1053.424092617	0.30480137639284977	-2.5802369003263825e-05
1054.6335347440001	0.30492528837435606	-2.576758287564651e-05
1055.842976871	0.30504894826740236	-2.573284881542126e-05
1057.0524189980001	0.30517235659083086	-2.5698166382329135e-05
1058.261861125	0.30529551386298204	-2.566353518060338e-05
1059.471303252	0.3054184206016748	-2.562895485547223e-05
1060.680745379	0.305541077324179	-2.5594425095837314e-05
1061.890187506	0.30566348454719705	-2.5559945624975544e-05
1063.0996296330002	0.30578564278683595	-2.552551620463306e-05
1064.30907176	0.30590755255856983	-2.5491136627045496e-05
1065.5185138870002	0.3060292143772346	-2.5456806714757585e-05
1066.727956014	0.3061506287569844	-2.542252631848596e-05
1067.9373981410001	0.30627179621127504	-2.5388295309222708e-05
1069.146840268	0.30639271725282496	-2.5354113584175053e-05
1070.356282395	0.3065133923936024	-2.531998105655131e-05
1071.565724522	0.3066338221447882	-2.5285897653604117e-05
1072.775166649	0.30675400701675415	-2.525186331549245e-05
1073.9846087760002	0.30687394751902386	-2.521787799625308e-05
1075.194050903	0.3069936441602633	-2.518394165104687e-05
1076.4034930300002	0.307113097448241	-2.515005424069683e-05
1077.612935157	0.30723230788981115	-2.511621573172973e-05
1078.8223772840001	0.307351275990877	-2.508242608527389e-05
1080.031819411	0.3074700022563749	-2.5048685260833925e-05
1081.2412615380001	0.30758848719024456	-2.5014993209976355e-05
1082.450703665	0.30770673129540743	-2.498134988138112e-05
1083.660145792	0.3078247350737452	-2.4947755205451116e-05
1084.869587919	0.30794249902606896	-2.491420910101516e-05
1086.079030046	0.3080600236521129	-2.48807114754529e-05
1087.2884721730002	0.3081773094504956	-2.4847262214869326e-05
1088.4979143	0.3082943569187172	-2.4813861186800956e-05
1089.7073564270001	0.3084111665531277	-2.4780508237953747e-05
1090.916798554	0.30852773884891416	-2.474720319008139e-05
1092.1262406810001	0.3086440743000888	-2.4713945840124096e-05
1093.335682808	0.308760173399463	-2.468073595962572e-05
1094.545124935	0.3088760366386436	-2.46475732871565e-05
1095.754567062	0.3089916645080094	-2.4614457535057643e-05
1096.964009189	0.3091070574967148	-2.4581388382460823e-05
1098.1734513160002	0.30922221609265654	-2.4548365474247325e-05
1099.382893443	0.3093371407824833	-2.451538841895251e-05
1100.5923355700002	0.30945183205157745	-2.4482456793040175e-05
1101.801777697	0.3095662903840536	-2.4449570131174214e-05
1103.0112198240001	0.30968051626274384	-2.44167279307983e-05
1104.220661951	0.3097945101692025	-2.4383929648486014e-05
1105.430104078	0.30990827258369613	-2.4351174698900024e-05
1106.639546205	0.31002180398520285	-2.4318462453418177e-05
1107.848988332	0.3101351048514127	-2.4285792240716364e-05
1109.058430459	0.31024817565872254	-2.4253163342230488e-05
1110.267872586	0.3103610168822385	-2.4220574989186616e-05
1111.4773147130002	0.31047362899578695	-2.4188026372162774e-05
1112.68675684	0.31058601247190426	-2.4155516624421725e-05
1113.8961989670001	0.3106981677818428	-2.4123044827753515e-05
1115.105641094	0.31081009539558513	-2.4090610013433045e-05
1116.3150832210001	0.31092179578184337	-2.405821115618323e-05
1117.524525348	0.31103326940805753	-2.402584717459133e-05
1118.733967475	0.31114451674042265	-2.39935169243366e-05
1119.943409602	0.31125553824388263	-2.396121920349159e-05
1121.152851729	0.311366334382137	-2.3928952743820786e-05
1122.3622938560002	0.31147690561766106	-2.3896716211571634e-05
1123.571735983	0.3115872524117105	-2.386450820454633e-05
1124.7811781100002	0.31169737522433416	-2.383232724730011e-05
1125.990620237	0.31180727451437884	-2.38001717919184e-05
1127.2000623640001	0.3119169507395057	-2.3768040209329322e-05
1128.409504491	0.3120264043562093	-2.373593079089964e-05
1129.618946618	0.3121356358198104	-2.3703841742023224e-05
1130.828388745	0.3122446455844873	-2.367177117904018e-05
1132.037830872	0.31235343410327476	-2.3639717127141302e-05
1133.2472729990002	0.31246200182808137	-2.3607677510889546e-05
1134.456715126	0.31257034920970533	-2.357565015734253e-05
1135.6661572530002	0.3126784766978365	-2.3543632786088287e-05
1136.87559938	0.31278638474107423	-2.3511623008246052e-05
1138.0850415070001	0.31289407378693845	-2.3479618317459594e-05
1139.294483634	0.3130015442818771	-2.3447616091798462e-05
1140.5039257610001	0.3131087966712766	-2.3415613586000306e-05
1141.713367888	0.3132158313994703	-2.3383607923935235e-05
1142.922810015	0.3133226489097508	-2.3351596099382976e-05
1144.132252142	0.3134292496443706	-2.3319574972466284e-05
1145.341694269	0.31353563404455337	-2.3287541260325062e-05
1146.5511363960002	0.313641802550501	-2.3255491537310657e-05
1147.760578523	0.31374775560139534	-2.3223422233820123e-05
1148.9700206500002	0.31385349363540066	-2.3191329631258584e-05
1150.179462777	0.3139590170896709	-2.3159209860276753e-05
1151.3889049040001	0.31406432640034887	-2.3127058897773334e-05
1152.598347031	0.3141694220025649	-2.309487257254328e-05
1153.807789158	0.3142743043304371	-2.3062646560240152e-05
1155.017231285	0.3143789738170705	-2.30303763898293e-05
1156.226673412	0.31448343089455333	-2.2998057439924113e-05
1157.4361155390002	0.3145876759939541	-2.296568494811191e-05
1158.645557666	0.31469170954531167	-2.2933254015755633e-05
1159.8549997930002	0.31479553197763943	-2.290075960961757e-05
1161.06444192	0.31489914371891176	-2.2868196577707778e-05
1162.2738840470001	0.31500254519604975	-2.2835559652309434e-05
1163.483326174	0.31510573683492893	-2.2802843465327682e-05
1164.6927683010001	0.31520871906035947	-2.2770042559169812e-05
1165.902210428	0.31531149229608035	-2.2737151400553657e-05
1167.111652555	0.3154140569647489	-2.2704164402018168e-05
1168.321094682	0.3155164134879332	-2.2671075934010965e-05
1169.530536809	0.3156185622861016	-2.2637880351755735e-05
1170.7399789360002	0.31572050377861843	-2.2604572008852464e-05
1171.949421063	0.3158222383837249	-2.257114529150006e-05
1173.1588631900001	0.3159237665185477	-2.2537594635010927e-05
1174.368305317	0.31602508859907297	-2.2503914554897197e-05
1175.5777474440001	0.31612620504016037	-2.247009967355773e-05
1176.787189571	0.3162271162555237	-2.2436144757664866e-05
1177.996631698	0.31632782265774195	-2.2402044739577853e-05
1179.206073825	0.3164283246582422	-2.2367794753869186e-05
1180.415515952	0.3165286226673172	-2.2333390175224843e-05
1181.6249580790002	0.31662871709411583	-2.2298826648448067e-05
1182.834400206	0.31672860834665634	-2.2264100125637953e-05
1184.0438423330002	0.31682829683183356	-2.2229206897067533e-05
1185.25328446	0.3169277829554251	-2.2194143637147e-05
1186.4627265870001	0.3170270671221096	-2.215890742726656e-05
1187.672168714	0.3171261497354778	-2.2123495798345716e-05
1188.881610841	0.31722503119805956	-2.2087906765777543e-05
1190.091052968	0.31732371191133724	-2.205213886118107e-05
1191.300495095	0.3174221922757735	-2.2016191163945487e-05
1192.5099372220002	0.3175204726908435	-2.1980063328527755e-05
1193.719379349	0.31761855355505925	-2.194375561698214e-05
1194.9288214760002	0.31771643526600524	-2.190726892656314e-05
1196.138263603	0.3178141182203802	-2.187060481184666e-05
1197.3477057300001	0.3179116028140248	-2.1833765501563795e-05
1198.557147857	0.31800888944197414	-2.1796753925662493e-05
1199.7665899840001	0.3181059784984977	-2.175957372112236e-05
1200.976032111	0.3182028703771372	-2.172222924863576e-05
1202.185474238	0.3182995654707672	-2.168472559670176e-05
1203.394916365	0.3183960641716359	-2.1647068588231955e-05
1204.604358492	0.3184923668714189	-2.1609264778676973e-05
1205.8138006190002	0.3185884739612581	-2.1571321449864733e-05
1207.023242746	0.318684385831833	-2.1533246603672174e-05
1208.2326848730002	0.31878010287340014	-2.149504894598253e-05
1209.442127	0.3188756254758437	-2.1456737869823828e-05
