0.0	1.0	0.0
1.209442127	0.9997660374267007	3.361366740506355e-12
2.418884254	0.9990653627122448	4.8412385211804576e-11
3.6283263810000004	0.9979014221751787	1.608557176346892e-10
4.837768508	0.9962797722848687	3.5290931288400884e-10
6.047210635000001	0.9942079986733195	6.330433954815362e-10
7.256652762000001	0.9916956254670467	1.007333189084747e-09
8.466094889	0.9887540138299359	1.486508305337253e-09
9.675537016	0.9853962497168164	2.0827766733511055e-09
10.884979143	0.9816370211797708	2.8067834584311058e-09
12.094421270000002	0.9774924865805376	3.6717498069771537e-09
13.303863397	0.9729801348438759	4.691800975509253e-09
14.513305524000002	0.9681186393123974	5.880574083239054e-09
15.722747651	0.9629277068404319	7.251866926405448e-09
16.932189778	0.9574279237949165	8.817929594839846e-09
18.141631905	0.9516406006500628	1.0589894176848968e-08
19.351074032	0.9455876167956366	1.2578325436773952e-08
20.560516159000002	0.939291267148606	1.4791205600606094e-08
21.769958286	0.9327741120638469	1.722978500151573e-08
22.979400413	0.9260588318975409	1.988710401912286e-08
24.188842540000003	0.9191680874509064	2.27537439896619e-08
25.398284667000002	0.9121243874142745	2.581608264315416e-08
26.607726794	0.90494996377061	2.905459264498922e-08
27.817168921	0.8976666559522207	3.244423757084447e-08
29.026611048000003	0.8902958043848315	3.595525100916208e-08
30.236053175000002	0.8828581539142097	3.955291314264309e-08
31.445495302	0.8753737674512001	4.319878938504468e-08
32.654937429	0.8678619500071117	4.685321700363329e-08
33.864379556	0.860341183178358	5.0480287012663085e-08
35.073821683000006	0.8528290700452095	5.4046586800589325e-08
36.28326381	0.8453422902673372	5.751054892120383e-08
37.492705937000004	0.8378965650490718	6.081882287720108e-08
38.702148064	0.8305066315969523	6.390864071108282e-08
39.911590191	0.8231862266035134	6.670999313021508e-08
41.121032318000005	0.815948078213334	6.91468495170322e-08
42.330474445	0.8088039058733955	7.113796216678958e-08
43.539916572	0.8017644274294977	7.259751343829945e-08
44.749358699000005	0.7948393728005119	7.343573270313097e-08
45.958800826	0.7880375035445192	7.356016660381437e-08
47.168242953000004	0.7813666376239057	7.28777924639823e-08
48.377685080000006	0.7748336786794994	7.129789020288158e-08
49.587127207	0.7684446491362422	6.873518643146781e-08
50.796569334000004	0.7622047264826831	6.511303517198197e-08
52.00601146100001	0.756118282094016	6.036666630460097e-08
53.215453588	0.7501889220008967	5.444634015167038e-08
54.424895715000005	0.7444195290442723	4.732038717120135e-08
55.634337842	0.7388123058981593	3.897788036083538e-08
56.843779969	0.7333688184865752	2.9430589285062148e-08
58.053222096000006	0.72809003936743	1.8713928164049154e-08
59.262664223	0.7229763907032153	6.886551009999131e-09
60.472106350000004	0.718027786486015	-5.971587252462385e-09
61.68154847700001	0.7132436737307242	-1.9762829171765528e-08
62.890990604	0.7086230723957792	-3.4376794744162e-08
64.100432731	0.7041646138339558	-4.9696761872386475e-08
65.309874858	0.6998665776169152	-6.560717444314967e-08
66.519316985	0.6957269266155769	-8.200211639580735e-08
67.728759112	0.6917433402536869	-9.879457749106813e-08
68.93820123900001	0.6879132458843138	-1.1592622816553044e-07
70.14764336600001	0.6842338482678528	-1.3337743452745965e-07
71.357085493	0.6807021571555028	-1.511773445317388e-07
72.56652762	0.6773150130041958	-1.6941397479319775e-07
73.775969747	0.6740691108675141	-1.8824438430264934e-07
74.98541187400001	0.6709610225221961	-2.0790503435508256e-07
76.19485400100001	0.6679872169019733	-2.287222777286324e-07
77.404296128	0.6651440789194982	-2.5112258855708447e-07
78.613738255	0.662427926763545	-2.7564192128792797e-07
79.823180382	0.659835027763105	-3.02933455764709e-07
81.032622509	0.657361612912195	-3.3377333398532105e-07
82.24206463600001	0.6550038901495826	-3.6906432365757524e-07
83.45150676300001	0.6527580564865232	-4.098378272587855e-07
84.66094889	0.6506203090729678	-4.5725488631576106e-07
85.870391017	0.6485868552887515	-5.126064759053417e-07
87.079833144	0.6466539219407114	-5.773125862224004e-07
88.28927527100001	0.6448177636402668	-6.529182435127678e-07
89.49871739800001	0.6430746704284743	-7.410839871352382e-07
90.708159525	0.6414209747085304	-8.435687455787821e-07
91.917601652	0.639853057539568	-9.62205214588563e-07
93.127043779	0.6383673543403953	-1.0988698448816114e-06
94.33648590600001	0.6369603600467193	-1.2554505426920493e-06
95.54592803300001	0.6356286337603827	-1.4338146571146737e-06
96.75537016000001	0.6343688029236967	-1.6357787264859036e-06
97.964812287	0.633177567046902	-1.8630804107938603e-06
99.174254414	0.6320517010123663	-2.117352608493883e-06
100.383696541	0.6309880579751396	-2.400099612206996e-06
101.59313866800001	0.6299835718762408	-2.712675117519381e-06
102.80258079500001	0.6290352595825354	-3.0562619124235857e-06
104.01202292200001	0.6281402226651542	-3.431853152421893e-06
105.221465049	0.6272956488271214	-3.840235204791154e-06
106.430907176	0.6264988129903135	-4.281972183522997e-06
107.64034930300001	0.6257470780514655	-4.757392412249595e-06
108.84979143000001	0.6250378953171846	-5.266577113222093e-06
110.05923355700001	0.6243688046282009	-5.809351617022673e-06
111.268675684	0.623737434183763	-6.385279192153148e-06
112.478117811	0.6231415000780437	-6.9936577217349916e-06
113.687559938	0.6225788055614335	-7.633519141986289e-06
114.89700206500001	0.6220472400408205	-8.303631615219631e-06
116.10644419200001	0.6215447778342958	-9.00250430353744e-06
117.31588631900001	0.6210694766969587	-9.728394563437992e-06
118.525328446	0.6206194761357754	-1.0479317368999874e-05
119.734770573	0.6201929955326382	-1.1253056758933622e-05
120.94421270000001	0.6197883320956505	-1.2047179220278648e-05
122.15365482700001	0.6194038586596761	-1.2859048967639453e-05
123.36309695400001	0.6190380213576083	-1.3685845331137814e-05
124.572539081	0.6186893371842355	-1.4524582595834556e-05
125.781981208	0.6183563914745768	-1.53721328603057e-05
126.99142333500001	0.6180378353183655	-1.6225252475882135e-05
128.200865462	0.6177323829320137	-1.7080612416064955e-05
129.410307589	0.6174388090086352	-1.7934832515414945e-05
130.619749716	0.6171559460660218	-1.8784518894088276e-05
131.82919184300002	0.6168826818114324	-1.962630338946114e-05
133.03863397	0.6166179565408486	-2.045688339512297e-05
134.24807609700002	0.6163607605890912	-2.1273060551468825e-05
135.457518224	0.6161101318459129	-2.207177693194784e-05
136.666960351	0.6158651533515995	-2.285014771560845e-05
137.87640247800002	0.6156249509845582	-2.360548985784472e-05
139.085844605	0.6153886912516566	-2.433534643858648e-05
140.29528673200002	0.6151555791907967	-2.5037506736602655e-05
141.504728859	0.6149248563935003	-2.5710022121414045e-05
142.714170986	0.6146957991536668	-2.6351217854686526e-05
143.92361311300002	0.6144677167469517	-2.6959701110523815e-05
145.13305524	0.6142399498433919	-2.753436524098596e-05
146.34249736700002	0.6140118690543039	-2.8074390605606347e-05
147.551939494	0.6137828736127606	-2.8579242074625033e-05
148.761381621	0.6135523901854237	-2.904866347663848e-05
149.97082374800002	0.6133198718121204	-2.9482669212752e-05
151.180265875	0.613084796968132	-2.9881533333053767e-05
152.38970800200002	0.6128466687430577	-3.0245776320200757e-05
153.599150129	0.6126050141291968	-3.0576149904745775e-05
154.808592256	0.6123593834112109	-3.087362017477335e-05
156.018034383	0.6121093496485305	-3.113934928118678e-05
157.22747651	0.6118545082410579	-3.137467598676724e-05
158.43691863700002	0.6115944765686175	-3.158109529155517e-05
159.646360764	0.6113288936941801	-3.1760237428318794e-05
160.85580289100002	0.6110574201209418	-3.1913846365513865e-05
162.065245018	0.6107797375934138	-3.2043758126709676e-05
163.274687145	0.6104955489327593	-3.2151879022696006e-05
164.48412927200002	0.6102045778970678	-3.224016411876307e-05
165.693571399	0.6099065690576507	-3.231059601370434e-05
166.90301352600002	0.6096012876828112	-3.236516422316926e-05
168.112455653	0.6092885196213624	-3.240584524971668e-05
169.32189778	0.6089680711786007	-3.2434583583845766e-05
170.53133990700002	0.608639768978276	-3.24532737583233e-05
171.740782034	0.6083034598047653	-3.246374360535431e-05
172.95022416100002	0.6079590104204492	-3.246773883182341e-05
174.159666288	0.607606307354041	-3.2466909039977065e-05
175.369108415	0.6072452566563771	-3.2462795259702304e-05
176.57855054200002	0.6068757836209796	-3.245681909053166e-05
177.787992669	0.6064978324673762	-3.245027347713314e-05
178.99743479600002	0.6061113659858847	-3.244431521765012e-05
180.206876923	0.6057163651433329	-3.2439959182076206e-05
181.41631905	0.605312828649708	-3.243807430687584e-05
182.62576117700002	0.6049007724864276	-3.243938130237378e-05
183.835203304	0.6044802293974595	-3.244445204515778e-05
185.04464543100002	0.6040512483449774	-3.245371062635116e-05
186.254087558	0.6036138939318055	-3.246743595712587e-05
187.46352968500003	0.6031682457930879	-3.248576587622232e-05
188.67297181200001	0.602714397960235	-3.2508702614147955e-05
189.882413939	0.6022524582002524	-3.253611961542835e-05
191.09185606600002	0.6017825473337968	-3.256776947684059e-05
192.301298193	0.6013047985355658	-3.260329297588571e-05
193.51074032000002	0.6008193566205359	-3.264222899525271e-05
194.720182447	0.6003263773197519	-3.268402520552327e-05
195.929624574	0.5998260265492499	-3.272804936313434e-05
197.13906670100002	0.5993184796756327	-3.277360103337568e-05
198.348508828	0.598803920781713	-3.2819923604279766e-05
199.55795095500002	0.5982825419355473	-3.286621643154575e-05
200.767393082	0.5977545424658656	-3.291164696107851e-05
201.976835209	0.5972201282468502	-3.295536263417387e-05
203.18627733600002	0.5966795109949722	-3.299650252658326e-05
204.395719463	0.5961329075802022	-3.3034208509655216e-05
205.60516159000002	0.5955805393539144	-3.306763584215444e-05
206.814603717	0.595022631495442	-3.309596310427376e-05
208.02404584400003	0.5944594123788323	-3.3118401351311944e-05
209.23348797100002	0.593891112961459	-3.3134202426343684e-05
210.442930098	0.5933179661955564	-3.314266635408292e-05
211.65237222500002	0.5927402064636982	-3.3143147777955906e-05
212.861814352	0.5921580690388767	-3.313506137631039e-05
214.07125647900003	0.5915717895698026	-3.311788626265966e-05
215.28069860600002	0.5909816035915861	-3.3091169317628344e-05
216.490140733	0.5903877460619698	-3.305452748485205e-05
217.69958286000002	0.5897904509229905	-3.3007649028568564e-05
218.909024987	0.5891899506878634	-3.295029381361614e-05
220.11846711400003	0.5885864760526205	-3.288229260643705e-05
221.32790924100001	0.5879802555320811	-3.280354553232556e-05
222.537351368	0.5873715151195039	-3.271401969588694e-05
223.74679349500002	0.5867604779691261	-3.2613746140774946e-05
224.956235622	0.5861473641010139	-3.2502816172896853e-05
226.16567774900003	0.5855323901272406	-3.238137722262613e-05
227.375119876	0.5849157689986728	-3.2249628330885405e-05
228.584562003	0.5842977097714589	-3.21078153938531e-05
229.79400413000002	0.583678417392399	-3.19562263082912e-05
231.003446257	0.5830580925023762	-3.17951860702298e-05
232.21288838400002	0.5824369312570631	-3.162505199912069e-05
233.422330511	0.5818151251641243	-3.1446209124305624e-05
234.63177263800003	0.5811928609361677	-3.12590658136519e-05
235.84121476500002	0.5805703203588476	-3.1064049712536956e-05
237.050656892	0.5799476801733187	-3.086160399844162e-05
238.26009901900002	0.5793251119725732	-3.0652183994478444e-05
239.469541146	0.5787027821110227	-3.0436254116653072e-05
240.67898327300003	0.5780808516267137	-3.021428515548319e-05
241.88842540000002	0.577459476175833	-2.9986751922062016e-05
243.097867527	0.5768388059788769	-2.975413117893566e-05
244.30730965400002	0.5762189857780686	-2.951689986935291e-05
245.516751781	0.5756001548057099	-2.9275533649369967e-05
246.72619390800003	0.5749824467629518	-2.9030505683050323e-05
247.93563603500002	0.5743659898087443	-2.8782285693265686e-05
249.145078162	0.5737509065585784	-2.853133923222395e-05
250.35452028900002	0.5731373140927423	-2.8278127194691915e-05
251.563962416	0.5725253239737994	-2.8023105470398324e-05
252.77340454300003	0.5719150422729966	-2.7766724762651185e-05
253.98284667000001	0.5713065696053522	-2.7509430510830324e-05
255.192288797	0.5707000011730606	-2.7251662836735857e-05
256.401730924	0.5700954268170675	-2.6993856505855285e-05
257.61117305100004	0.5694929310763658	-2.6736440853936116e-05
258.820615178	0.5688925932547715	-2.647983962099365e-05
260.030057305	0.5682944874949165	-2.6224470696487034e-05
261.239499432	0.5676986828590617	-2.597074574602065e-05
262.448941559	0.5671052434164868	-2.5719069737598077e-05
263.65838368600004	0.566514228337087	-2.5469840338909755e-05
264.867825813	0.5659256919909033	-2.5223447237557317e-05
266.07726794	0.5653396840532143	-2.4980271375152352e-05
267.286710067	0.5647562496148935	-2.474068408790664e-05
268.49615219400005	0.5641754292976294	-2.4505046209016834e-05
269.70559432100004	0.563597259373701	-2.4273707118577237e-05
270.915036448	0.5630217718899116	-2.4047003738147943e-05
272.124478575	0.5624489947953037	-2.3825259528528764e-05
273.333920702	0.5618789520722477	-2.360878342710926e-05
274.54336282900005	0.5613116638705427	-2.3397868815666634e-05
275.75280495600003	0.5607471466440939	-2.3192792458187617e-05
276.962247083	0.5601854132897359	-2.2993813485416847e-05
278.17168921	0.5596264732878642	-2.280117237604684e-05
279.381131337	0.5590703328443446	-2.261508998345485e-05
280.59057346400004	0.5585169950334203	-2.2435766624806508e-05
281.80001559100003	0.5579664599410775	-2.2263381224088552e-05
283.009457718	0.5574187248085941	-2.2098090549413363e-05
284.218899845	0.5568737841757521	-2.1940028521502675e-05
285.428341972	0.556331630023446	-2.1789305634595246e-05
286.63778409900004	0.5557922519152093	-2.164600850859677e-05
287.84722622600003	0.5552556371374018	-2.1510199551544318e-05
289.056668353	0.5547217708376458	-2.138191677164558e-05
290.26611048	0.554190636161198	-2.1261173713302273e-05
291.475552607	0.5536622143850121	-2.1147959571810038e-05
292.68499473400004	0.5531364850491386	-2.1042239449250988e-05
293.89443686100003	0.5526134260852142	-2.0943954753049887e-05
295.103878988	0.5520930139418606	-2.0853023765490808e-05
296.313321115	0.5515752237067039	-2.0769342374271638e-05
297.522763242	0.5510600292248816	-2.0692784936118813e-05
298.73220536900004	0.5505474032138399	-2.0623205271574907e-05
299.94164749600003	0.5500373173742824	-2.0560437821379174e-05
301.151089623	0.549529742497186	-2.0504298889112427e-05
302.36053175	0.5490246485667297	-2.045458803053013e-05
303.569973877	0.5485220048591436	-2.0411089505165125e-05
304.77941600400004	0.5480217800373594	-2.037357382066174e-05
305.98885813100003	0.5475239422414844	-2.0341799348316814e-05
307.198300258	0.547028459175066	-2.031551396210196e-05
308.407742385	0.5465352981871777	-2.0294456741398736e-05
309.617184512	0.5460444263503308	-2.0278359641356936e-05
310.82662663900004	0.545555810534317	-2.026694921056227e-05
312.036068766	0.5450694174759626	-2.025994823520727e-05
313.245510893	0.5445852138449322	-2.025707737694782e-05
314.45495302	0.5441031663056449	-2.0258056743743813e-05
315.664395147	0.5436232415754221	-2.0262607404356037e-05
316.87383727400004	0.5431454064789252	-2.0270452806364636e-05
318.083279401	0.5426696279990518	-2.0281320095683064e-05
319.292721528	0.542195873324372	-2.0294941376883258e-05
320.502163655	0.5417241098932337	-2.031105480190809e-05
321.71160578200005	0.5412543054347032	-2.032940558950591e-05
322.92104790900004	0.540786428006411	-2.034974688229496e-05
324.130490036	0.540320446029439	-2.037184051596752e-05
325.339932163	0.5398563283204433	-2.0395457643776482e-05
326.54937429	0.5393940441210552	-2.0420379228766605e-05
327.75881641700005	0.5389335631247462	-2.0446396426884728e-05
328.96825854400004	0.5384748555012455	-2.0473310839236314e-05
330.177700671	0.5380178919186409	-2.0500934661216164e-05
331.387142798	0.5375626435632672	-2.0529090711027265e-05
332.596584925	0.5371090821575508	-2.05576123621376e-05
333.80602705200005	0.536657179975808	-2.0586343392248185e-05
335.01546917900004	0.5362069098582098	-2.061513773853052e-05
336.224911306	0.5357582452229526	-2.0643859188984592e-05
337.434353433	0.5353111600767277	-2.0672380999786633e-05
338.64379556	0.5348656290236088	-2.070058548089837e-05
339.85323768700005	0.5344216272724095	-2.0728363516728243e-05
341.06267981400003	0.5339791306426148	-2.075561407015314e-05
342.272121941	0.5335381155689471	-2.078224367478565e-05
343.481564068	0.5330985591046451	-2.0808165897986952e-05
344.691006195	0.532660438923514	-2.0833300808723032e-05
345.90044832200005	0.532223733320842	-2.08575744586742e-05
347.10989044900003	0.5317884212132009	-2.0880918371615764e-05
348.319332576	0.5313544821372205	-2.0903269063940466e-05
349.528774703	0.5309218962473883	-2.0924567573424313e-05
350.73821683	0.5304906443129088	-2.094475904995674e-05
351.94765895700004	0.5300607077137307	-2.0963792351266775e-05
353.15710108400003	0.5296320684356983	-2.098161969676937e-05
354.366543211	0.5292047090649703	-2.099819638017031e-05
355.575985338	0.528778612781705	-2.101348048932916e-05
356.785427465	0.5283537633530453	-2.1027432692333203e-05
357.99486959200004	0.5279301451254985	-2.1040016072074175e-05
359.20431171900003	0.5275077430167144	-2.1051195979615578e-05
360.413753846	0.5270865425067065	-2.106093996070979e-05
361.623195973	0.526666529628578	-2.1069217690378172e-05
362.8326381	0.526247690958791	-2.1076000962461094e-05
364.04208022700004	0.5258300136069924	-2.10812637040092e-05
365.25152235400003	0.5254134852054625	-2.108498201136566e-05
366.460964481	0.5249980938982431	-2.108713421913877e-05
367.670406608	0.524583828329908	-2.108770099018553e-05
368.87984873500005	0.5241706776341012	-2.108666540953652e-05
370.08929086200004	0.5237586314218289	-2.1084013085578834e-05
371.29873298900003	0.523347679769547	-2.107973228641924e-05
372.508175116	0.5229378132070673	-2.1073814039790362e-05
373.717617243	0.5225290227053487	-2.1066252256451978e-05
374.92705937000005	0.5221212996641521	-2.1057043842670486e-05
376.13650149700004	0.5217146358996672	-2.1046188794296428e-05
377.34594362400003	0.5213090236320366	-2.1033690284805173e-05
378.555385751	0.5209044554728789	-2.101955474205497e-05
379.764827878	0.5205009244128115	-2.100379189844126e-05
380.97427000500005	0.5200984238089921	-2.0986414836859923e-05
382.18371213200004	0.5196969473727181	-2.0967439992108927e-05
383.393154259	0.5192964891570746	-2.094688714811277e-05
384.602596386	0.5188970435446877	-2.092477941345594e-05
385.812038513	0.5184986052355351	-2.0901143161139446e-05
387.02148064000005	0.5181011692349311	-2.0876007962508658e-05
388.23092276700004	0.5177047308416038	-2.084940647827105e-05
389.440364894	0.5173092856359366	-2.0821374350984967e-05
390.649807021	0.5169148294683299	-2.0791950065060516e-05
391.859249148	0.5165213584477604	-2.076117478813644e-05
393.06869127500005	0.5161288689305303	-2.0729092192292575e-05
394.27813340200004	0.5157373575091148	-2.069574828528209e-05
395.487575529	0.5153468210013227	-2.0661191194912276e-05
396.697017656	0.5149572564395476	-2.0625470962001846e-05
397.906459783	0.5145686610602536	-2.0588639324387037e-05
399.11590191000005	0.5141810322936903	-2.0550749493683518e-05
400.32534403700004	0.5137943677537621	-2.051185592774618e-05
401.534786164	0.5134086652281805	-2.04720141032122e-05
402.744228291	0.5130239226687588	-2.0431280284838316e-05
403.953670418	0.5126401381819563	-2.0389711307300384e-05
405.16311254500005	0.5122573100196478	-2.0347364360323583e-05
406.37255467200004	0.5118754365701003	-2.0304296771481156e-05
407.581996799	0.5114945163491611	-2.0260565803606467e-05
408.791438926	0.5111145479916862	-2.021622847557525e-05
410.000881053	0.5107355302431786	-2.0171341372873797e-05
411.21032318000005	0.5103574619516573	-2.0125960488476258e-05
412.41976530700003	0.5099803420597302	-2.008014106186229e-05
413.629207434	0.5096041695969307	-2.003393745629578e-05
414.838649561	0.509228943672222	-1.9987403021379246e-05
416.04809168800006	0.5088546634667821	-1.9940590003500458e-05
417.25753381500004	0.5084813282269738	-1.989354943897348e-05
418.46697594200003	0.5081089372575596	-1.984633108212397e-05
419.676418069	0.5077374899151352	-1.979898335574548e-05
420.885860196	0.5073669856017965	-1.975155328969025e-05
422.09530232300006	0.5069974237590184	-1.9704086492239314e-05
423.30474445000004	0.5066288038617478	-1.9656627141581562e-05
424.51418657700003	0.5062611254127684	-1.9609217961125136e-05
425.723628704	0.5058943879372534	-1.9561900229558837e-05
426.933070831	0.5055285909775199	-1.951471380357006e-05
428.14251295800005	0.505163734088085	-1.946769712822538e-05
429.35195508500004	0.5047998168308583	-1.942088726734903e-05
430.56139721200003	0.5044368387706001	-1.9374319943629703e-05
431.770839339	0.5040747994705953	-1.9328029576923256e-05
432.980281466	0.5037136984885486	-1.928204933826505e-05
434.18972359300005	0.503353535372691	-1.9236411178985557e-05
435.39916572000004	0.5029943096580902	-1.9191145904401408e-05
436.60860784700003	0.5026360208632001	-1.9146283204152237e-05
437.818049974	0.5022786684865993	-1.9101851711486595e-05
439.027492101	0.5019222520039284	-1.905787905129297e-05
440.23693422800005	0.5015667708650796	-1.9014391881816417e-05
441.44637635500004	0.5012122244915124	-1.8971415942439784e-05
442.65581848200003	0.500858612273838	-1.8928976091556193e-05
443.865260609	0.5005059335695461	-1.8887096348133015e-05
445.074702736	0.50015418770096	-1.8845799912736716e-05
446.28414486300005	0.49980337395332514	-1.8805109205266568e-05
447.49358699000004	0.499453491573146	-1.876504588059491e-05
448.703029117	0.4991045397666167	-1.8725630851257336e-05
449.912471244	0.498756517698303	-1.8686884289784156e-05
451.121913371	0.4984094244899176	-1.864882564572845e-05
452.33135549800005	0.4980632592192949	-1.8611473644042364e-05
453.54079762500004	0.497718020919516	-1.857484628148276e-05
454.750239752	0.4973737085781726	-1.853896082980311e-05
455.959681879	0.49703032113675427	-1.850383381010734e-05
457.169124006	0.49668785749022115	-1.8469480999677712e-05
458.37856613300005	0.4963463164866493	-1.8435917394712953e-05
459.58800826000004	0.4960056969270301	-1.8403157211105414e-05
460.797450387	0.495665997565193	-1.8371213857268365e-05
462.006892514	0.49532721710782146	-1.8340099908517593e-05
463.216334641	0.49498935421457113	-1.8309827089890707e-05
464.42577676800005	0.4946524074983283	-1.8280406252582648e-05
465.63521889500004	0.49431637552550217	-1.8251847356626216e-05
466.844661022	0.4939812568164543	-1.8224159434324094e-05
468.054103149	0.4936470498459702	-1.819735059527261e-05
469.26354527600006	0.49331375304385755	-1.8171427985713695e-05
470.47298740300005	0.49298136479557503	-1.8146397782900503e-05
471.68242953000004	0.4926498834429332	-1.8122265172101915e-05
472.891871657	0.4923193072848739	-1.809903434867033e-05
474.101313784	0.4919896345782981	-1.8076708494629834e-05
475.31075591100006	0.4916608635389248	-1.805528978902904e-05
476.52019803800005	0.49133299234224087	-1.8034779390968536e-05
477.72964016500003	0.4910060191244408	-1.8015177445443453e-05
478.939082292	0.49067994198346815	-1.7996483090323978e-05
480.148524419	0.4903547589800093	-1.797869447053846e-05
481.35796654600006	0.4900304681386066	-1.7961808724320516e-05
482.56740867300005	0.4897070674487256	-1.7945822029297176e-05
483.77685080000003	0.48938455486587606	-1.7930729595480588e-05
484.986292927	0.4890629283127673	-1.7916525701655583e-05
486.195735054	0.4887421856804459	-1.7903203711588933e-05
487.40517718100006	0.4884223248294671	-1.7890756101215932e-05
488.61461930800004	0.4881033435910751	-1.7879174491045036e-05
489.82406143500003	0.48778523976839133	-1.786844967041623e-05
491.033503562	0.4874680111375967	-1.7858571636289455e-05
492.242945689	0.48715165544914135	-1.7849529628771732e-05
493.45238781600005	0.4868361704289095	-1.7841312167088397e-05
494.66182994300004	0.48652155377942663	-1.783390707936483e-05
495.87127207000003	0.48620780318104867	-1.782730155268364e-05
497.080714197	0.4858949162931293	-1.7821482167473812e-05
498.290156324	0.4855828907551957	-1.7816434939740833e-05
499.49959845100005	0.48527172418811704	-1.7812145360396325e-05
500.70904057800004	0.48496141419524846	-1.7808598431451328e-05
501.91848270500003	0.48465195836354685	-1.7805778716059595e-05
503.127924832	0.48434335426473135	-1.7803670373836566e-05
504.337366959	0.4840355994563569	-1.7802257200980054e-05
505.54680908600005	0.4837286914829181	-1.780152266413204e-05
506.75625121300004	0.483422627876903	-1.7801449961149518e-05
507.96569334000003	0.4831174061598645	-1.7802022030277698e-05
509.175135467	0.48281302384342845	-1.7803221601525587e-05
510.384577594	0.48250947843031083	-1.780503123718913e-05
511.59401972100005	0.4822067674153028	-1.7807433358343894e-05
512.803461848	0.48190488828623573	-1.781041028554864e-05
514.0129039750001	0.481603838524908	-1.7813944261979575e-05
515.2223461020001	0.48130361560801194	-1.7818017500892402e-05
516.4317882290001	0.48100421700800866	-1.782261220319159e-05
517.641230356	0.48070564019400236	-1.782771058769783e-05
518.850672483	0.48040788263258494	-1.783329492285879e-05
520.06011461	0.4801109417886117	-1.7839347557419005e-05
521.269556737	0.4798148151260303	-1.7845850933478902e-05
522.478998864	0.47951950010861344	-1.785278762518605e-05
523.688440991	0.47922499420069403	-1.7860140341802166e-05
524.897883118	0.47893129486787667	-1.7867891965908655e-05
526.1073252450001	0.47863839957770654	-1.7876025569393827e-05
527.3167673720001	0.4783463058003256	-1.7884524425706982e-05
528.5262094990001	0.47805501100909825	-1.789337203318697e-05
529.735651626	0.47776451268120906	-1.7902552122098236e-05
530.945093753	0.4774748082982236	-1.791204868742402e-05
532.15453588	0.47718589534665	-1.7921845971186068e-05
533.363978007	0.4768977713184501	-1.7931928504855144e-05
534.573420134	0.47661043371152567	-1.7942281098484725e-05
535.782862261	0.4763238800302069	-1.7952888866579197e-05
536.9923043880001	0.476038107785676	-1.7963737218754106e-05
538.2017465150001	0.4757531144963885	-1.797481187942873e-05
539.4111886420001	0.47546889768848266	-1.798609888968572e-05
540.6206307690001	0.4751854548961414	-1.7997584605217165e-05
541.830072896	0.4749027836619368	-1.8009255717946204e-05
543.039515023	0.4746208815371735	-1.8021099233905824e-05
544.24895715	0.4743397460821712	-1.8033102498288267e-05
545.458399277	0.4740593748665589	-1.8045253180068443e-05
546.667841404	0.47377976546953027	-1.805753928449394e-05
547.877283531	0.4735009154801101	-1.806994914034521e-05
549.0867256580001	0.4732228224973312	-1.8082471408512046e-05
550.2961677850001	0.4729454841304765	-1.8095095077400036e-05
551.5056099120001	0.47266889799924977	-1.810780945595003e-05
552.715052039	0.4723930617339517	-1.8120604175886346e-05
553.924494166	0.47211797297561736	-1.813346918391745e-05
555.133936293	0.4718436293761509	-1.8146394741958005e-05
556.34337842	0.4715700285984611	-1.8159371419884662e-05
557.552820547	0.4712971683165411	-1.81723900847669e-05
558.762262674	0.4710250462155689	-1.818544189977067e-05
559.971704801	0.47075365999199337	-1.8198518326378865e-05
561.1811469280001	0.4704830073535683	-1.8211611100715785e-05
562.3905890550001	0.4702130860194287	-1.8224712233519402e-05
563.6000311820001	0.4699438937201071	-1.823781400400737e-05
564.809473309	0.4696754281975722	-1.825090895757331e-05
566.018915436	0.4694076872052366	-1.8263989879266362e-05
567.228357563	0.4691406685079635	-1.827704980583711e-05
568.43779969	0.46887436988206604	-1.8290081998148522e-05
569.647241817	0.46860878911528	-1.8303079944742562e-05
570.856683944	0.46834392400674635	-1.8316037358523385e-05
572.066126071	0.46807977236699677	-1.8328948138413015e-05
573.2755681980001	0.46781633201788775	-1.8341806386962256e-05
574.4850103250001	0.46755360079257335	-1.8354606394585526e-05
575.6944524520001	0.46729157653544423	-1.8367342621256055e-05
576.903894579	0.46703025710207546	-1.8380009693313992e-05
578.113336706	0.46676964035916463	-1.8392602391628654e-05
579.322778833	0.46650972418444403	-1.840511564385472e-05
580.53222096	0.4662505064666447	-1.8417544512580597e-05
581.741663087	0.4659919851053682	-1.8429884183934764e-05
582.951105214	0.46573415801104634	-1.8442129960355436e-05
584.160547341	0.46547702310484046	-1.8454277257551333e-05
585.3699894680001	0.4652205783185465	-1.84663215868075e-05
586.5794315950001	0.46496482159451274	-1.847825855055829e-05
587.7888737220001	0.4647097508855425	-1.849008383557338e-05
588.998315849	0.4644553641547953	-1.8501793202438388e-05
590.207757976	0.4642016593756916	-1.851338248748391e-05
591.417200103	0.4639486345318011	-1.8524847584161508e-05
592.62664223	0.463696287616752	-1.8536184449746695e-05
593.836084357	0.4634446166341367	-1.854738908928233e-05
595.045526484	0.4631936195973864	-1.8558457559963992e-05
596.2549686110001	0.4629432945296712	-1.8569385960745532e-05
597.4644107380001	0.46269363946380565	-1.858017043246396e-05
598.6738528650001	0.46244465244212996	-1.859080715847783e-05
599.8832949920001	0.4621963315164045	-1.8601292353356835e-05
601.092737119	0.4619486747477097	-1.8611622276357154e-05
602.302179246	0.46170168020634195	-1.8621793213977056e-05
603.511621373	0.46145534597167115	-1.8631801495749833e-05
604.7210635	0.46120967013208314	-1.8641643484113013e-05
605.930505627	0.46096465078484244	-1.865131558115296e-05
607.139947754	0.4607202860359877	-1.8660814227591804e-05
608.3493898810001	0.4604765740002388	-1.8670135907297714e-05
609.5588320080001	0.4602335128008707	-1.8679277155861373e-05
610.7682741350001	0.4599911005696177	-1.868823455247748e-05
611.9777162620001	0.45974933544657276	-1.8697004733017608e-05
613.187158389	0.459508215580072	-1.870558439641401e-05
614.396600516	0.4592677391266019	-1.8713970298470106e-05
615.606042643	0.4590279042506904	-1.87221592759107e-05
616.81548477	0.45878870912479286	-1.873014823253194e-05
618.024926897	0.4585501519292088	-1.8737934164084202e-05
619.234369024	0.45831223085196826	-1.874551415081971e-05
620.4438111510001	0.4580749440887392	-1.8752885372105843e-05
621.6532532780001	0.4578382898427142	-1.8760045117763302e-05
622.8626954050001	0.45760226632452694	-1.8766990781557413e-05
624.072137532	0.45736687175213986	-1.8773719889300655e-05
625.281579659	0.45713210435076734	-1.8780230090040262e-05
626.491021786	0.4568979623527492	-1.8786519174057714e-05
627.700463913	0.4566644439974742	-1.879258507807291e-05
628.90990604	0.4564315475312856	-1.879842589266878e-05
630.119348167	0.4561992712073929	-1.8804039872602485e-05
631.328790294	0.4559676132857565	-1.8809425445839856e-05
632.5382324210001	0.45573657203301254	-1.8814581220119586e-05
633.7476745480001	0.45550614572239095	-1.8819505999259634e-05
634.9571166750001	0.4552763326335968	-1.8824198780353907e-05
636.166558802	0.4550471310527622	-1.882865876447204e-05
637.376000929	0.4548185392723087	-1.8832885371106167e-05
638.585443056	0.45459055559091	-1.8836878243583266e-05
639.794885183	0.45436317831337736	-1.8840637249217806e-05
641.00432731	0.4541364057505968	-1.8844162499323525e-05
642.213769437	0.45391023621941534	-1.884745433906876e-05
643.4232115640001	0.453684668042593	-1.8850513375787137e-05
644.6326536910001	0.45345969954869997	-1.8853340461227885e-05
645.8420958180001	0.4532353290720631	-1.885593671595298e-05
647.0515379450001	0.45301155495265505	-1.8858303524618703e-05
648.260980072	0.45278837553605245	-1.886044254174879e-05
649.470422199	0.4525657891733337	-1.8862355697563116e-05
650.679864326	0.4523437942210249	-1.8864045197117263e-05
651.889306453	0.4521223890410249	-1.886551352817123e-05
653.09874858	0.4519015720005287	-1.886676345728977e-05
654.308190707	0.4516813414719638	-1.8867798039473582e-05
655.5176328340001	0.4514616958329317	-1.8868620607792597e-05
656.7270749610001	0.4512426334661333	-1.8869234775356625e-05
657.9365170880001	0.45102415275930013	-1.8869644442476297e-05
659.1459592150001	0.4508062521051493	-1.8869853788294755e-05
660.355401342	0.45058892990130917	-1.886986726844231e-05
661.564843469	0.45037218455027717	-1.8869689604489315e-05
662.774285596	0.45015601445934067	-1.886932579391043e-05
663.983727723	0.4499404180405352	-1.8868781098052567e-05
665.19316985	0.44972539371059944	-1.886806103340577e-05
666.402611977	0.44951093989090934	-1.8867171367606406e-05
667.6120541040001	0.4492970550074401	-1.886611811108274e-05
668.8214962310001	0.44908373749069735	-1.886490750563352e-05
670.0309383580001	0.4488709857756927	-1.8863546024136535e-05
671.2403804850001	0.44865879830189204	-1.886204035038419e-05
672.449822612	0.4484471735131707	-1.8860397373490767e-05
673.659264739	0.4482361098577779	-1.885862417617956e-05
674.868706866	0.44802560578828654	-1.8856728023555758e-05
676.078148993	0.44781565976155774	-1.8854716349145373e-05
677.28759112	0.44760627023871924	-1.8852596737839455e-05
678.497033247	0.44739743568511353	-1.88503769170123e-05
679.7064753740001	0.44718915457026154	-1.8848064736814996e-05
680.9159175010001	0.4469814253678533	-1.884566816497124e-05
682.1253596280001	0.4467742465557019	-1.8843195258397283e-05
683.3348017550001	0.44656761661570876	-1.8840654157775694e-05
684.544243882	0.44636153403386175	-1.883805306035491e-05
685.753686009	0.44615599730018013	-1.8835400211622555e-05
686.963128136	0.44595100490871353	-1.8832703882754043e-05
688.172570263	0.4457465553575076	-1.8829972359080127e-05
689.38201239	0.44554264714859315	-1.8827213912664398e-05
690.5914545170001	0.44533927878795815	-1.8824436792172494e-05
691.8008966440001	0.44513644878552905	-1.882164920546936e-05
693.0103387710001	0.44493415565516486	-1.8818859288366463e-05
694.2197808980001	0.444732397914634	-1.8816075103567087e-05
695.429223025	0.44453117408560683	-1.8813304613729542e-05
696.638665152	0.4443304826936295	-1.881055566042844e-05
697.848107279	0.444130322268137	-1.8807835949236074e-05
699.057549406	0.44393069134242236	-1.880515303687158e-05
700.266991533	0.443731588453636	-1.8802514300780837e-05
701.47643366	0.44353301214278507	-1.8799926937346223e-05
702.6858757870001	0.44333496095471214	-1.8797397928912996e-05
703.8953179140001	0.44313743343811257	-1.87949340392235e-05
705.1047600410001	0.44294042814551116	-1.879254179473766e-05
706.3142021680001	0.4427439436332743	-1.8790227468493126e-05
707.523644295	0.4425479784616032	-1.878799705612444e-05
708.733086422	0.44235253119453394	-1.878585628084517e-05
709.942528549	0.4421576003999378	-1.8783810563471892e-05
711.151970676	0.44196318464952683	-1.8781865018760446e-05
712.361412803	0.4417692825188514	-1.8780024438183607e-05
713.57085493	0.4415758925873054	-1.8778293285559577e-05
714.7802970570001	0.4413830134381462	-1.877667568683794e-05
715.9897391840001	0.4411906436584773	-1.877517540617435e-05
717.1991813110001	0.4409987818392695	-1.8773795857129905e-05
718.4086234380001	0.44080742657535416	-1.877254009347018e-05
719.618065565	0.44061657646545493	-1.877141079632827e-05
720.827507692	0.4404262301121647	-1.877041027223414e-05
722.036949819	0.44023638612197635	-1.876954045255952e-05
723.246391946	0.44004704310528997	-1.8768802891117042e-05
724.455834073	0.43985819967640977	-1.876819876277247e-05
725.6652762	0.4396698544535705	-1.8767728859461763e-05
726.8747183270001	0.43948200605892207	-1.8767393601362703e-05
728.0841604540001	0.4392946531185736	-1.8767193032911966e-05
729.2936025810001	0.4391077942625698	-1.8767126832408554e-05
730.5030447080001	0.43892142812492	-1.8767194311236635e-05
731.712486835	0.43873555334360403	-1.8767394415947214e-05
732.921928962	0.4385501685605715	-1.876772575500063e-05
734.131371089	0.4383652724217716	-1.8768186587164726e-05
735.340813216	0.43818086357714153	-1.876877484091599e-05
736.550255343	0.43799694068061723	-1.8769488127137746e-05
737.7596974700001	0.4378135023901517	-1.8770323737260508e-05
738.9691395970001	0.43763054736771473	-1.87712786727523e-05
740.1785817240001	0.4374480742792971	-1.8772349646381525e-05
741.3880238510001	0.43726608179492077	-1.877353310313079e-05
742.5974659780001	0.43708456858864736	-1.8774825226511305e-05
743.806908105	0.43690353333856463	-1.877622196143347e-05
745.016350232	0.4367229747268115	-1.8777719031595752e-05
746.225792359	0.4365428914395622	-1.877931193827731e-05
747.435234486	0.43636328216704673	-1.8780995999057026e-05
748.644676613	0.436184145603532	-1.8782766349770275e-05
749.8541187400001	0.43600548044732906	-1.8784617965159067e-05
751.0635608670001	0.43582728540080007	-1.8786545680327116e-05
752.2730029940001	0.4356495591703326	-1.8788544196735035e-05
753.4824451210001	0.43547230046636687	-1.879060810781874e-05
754.6918872480001	0.43529550800336597	-1.8792731914615834e-05
755.901329375	0.43511918049981857	-1.87949100417667e-05
757.110771502	0.43494331667823455	-1.8797136845119522e-05
758.320213629	0.4347679152651365	-1.8799406644676164e-05
759.529655756	0.43459297499104343	-1.8801713724744817e-05
760.739097883	0.4344184945904696	-1.8804052360030243e-05
761.9485400100001	0.4342444728019136	-1.8806416818589744e-05
763.1579821370001	0.4340709083678399	-1.8808801386632767e-05
764.3674242640001	0.4338978000346732	-1.881120037164341e-05
765.5768663910001	0.4337251465527765	-1.8813608131648674e-05
766.786308518	0.43355294667644245	-1.8816019067974254e-05
767.995750645	0.43338119916387907	-1.8818427648975566e-05
769.205192772	0.43320990277719185	-1.8820828417531743e-05
770.414634899	0.433039056282365	-1.8823216000551923e-05
771.624077026	0.4328686584492458	-1.882558511864807e-05
772.833519153	0.4326987080515253	-1.8827930598333542e-05
774.0429612800001	0.43252920386672083	-1.8830247374687636e-05
775.2524034070001	0.43236014467615835	-1.883253050020961e-05
776.4618455340001	0.43219152926494353	-1.8834775147205662e-05
777.6712876610001	0.43202335642195283	-1.8836976624525548e-05
778.880729788	0.43185562493981383	-1.883913036893059e-05
780.090171915	0.43168833361487124	-1.884123196299603e-05
781.299614042	0.4315214812471728	-1.88432771291297e-05
782.509056169	0.431355066640452	-1.8845261735705998e-05
783.718498296	0.43118908860210037	-1.8847181794665047e-05
784.9279404230001	0.4310235459431433	-1.8849033471546317e-05
786.1373825500001	0.43085843747822833	-1.88508130783277e-05
787.3468246770001	0.4306937620255908	-1.885251708103053e-05
788.5562668040001	0.4305295184070377	-1.8854142091198622e-05
789.7657089310001	0.4303657054479281	-1.885568487626499e-05
790.975151058	0.43020232197714114	-1.885714234824143e-05
792.184593185	0.43003936682706595	-1.885851156409324e-05
793.394035312	0.42987683883357336	-1.885978973187319e-05
794.603477439	0.42971473683599204	-1.886097419998012e-05
795.812919566	0.4295530596770887	-1.8862062453703365e-05
797.0223616930001	0.4293918062030434	-1.8863052122689017e-05
798.2318038200001	0.42923097526343956	-1.886394096706212e-05
799.4412459470001	0.429070565711226	-1.8864726875303384e-05
800.6506880740001	0.42891057640271135	-1.886540786652513e-05
801.8601302010001	0.4287510061975343	-1.886598208471202e-05
803.069572328	0.4285918539586442	-1.8866447789298024e-05
804.279014455	0.42843311855228006	-1.886680336044e-05
805.488456582	0.42827479884795533	-1.8867047283488425e-05
806.697898709	0.4281168937184406	-1.886717815768879e-05
807.907340836	0.42795940203973415	-1.8867194679889066e-05
809.1167829630001	0.42780232269104723	-1.8867095650854093e-05
810.3262250900001	0.4276456545548013	-1.8866879962886607e-05
811.5356672170001	0.42748939651658535	-1.886654660175624e-05
812.7451093440001	0.4273335474651535	-1.8866094635611175e-05
813.9545514710001	0.42717810629239844	-1.8865523222180713e-05
815.163993598	0.42702307189334726	-1.8864831591247633e-05
816.373435725	0.42686844316614186	-1.8864019055542247e-05
817.582877852	0.4267142190120097	-1.8863084997544632e-05
818.792319979	0.4265603983352757	-1.886202886551558e-05
820.001762106	0.4264069800433113	-1.886085017488437e-05
821.2112042330001	0.42625396304654795	-1.885954850210092e-05
822.4206463600001	0.4261013462584565	-1.885812348696725e-05
823.6300884870001	0.42594912859552825	-1.8856574817691096e-05
824.8395306140001	0.4257973089772634	-1.8854902248677252e-05
826.0489727410001	0.425645886326165	-1.8853105576505103e-05
827.258414868	0.42549485956771393	-1.8851184649629205e-05
828.467856995	0.4253442276303711	-1.8849139365423317e-05
829.677299122	0.42519398944554787	-1.8846969667210556e-05
830.886741249	0.42504414394762235	-1.8844675543652767e-05
832.0961833760001	0.4248946900738998	-1.8842257026030484e-05
833.3056255030001	0.42474562676462396	-1.8839714185189815e-05
834.5150676300001	0.4245969529629495	-1.8837047139314e-05
835.7245097570001	0.42444866761494754	-1.8834256039448882e-05
836.9339518840001	0.4243007696695872	-1.8831341084046826e-05
838.143394011	0.42415325807872967	-1.8828302506823658e-05
839.352836138	0.42400613179712676	-1.8825140582365285e-05
840.562278265	0.42385938978240334	-1.8821855620923533e-05
841.771720392	0.42371303099504515	-1.8818447978255493e-05
842.981162519	0.423567054398409	-1.881491804853197e-05
844.1906046460001	0.42342145895870004	-1.88112662650175e-05
845.4000467730001	0.42327624364497674	-1.880749310206875e-05
846.6094889000001	0.42313140742913435	-1.880359907548146e-05
847.8189310270001	0.4229869492859083	-1.8799584743836584e-05
849.0283731540001	0.42284286819285694	-1.8795450705863526e-05
850.237815281	0.42269916313037315	-1.879119761319381e-05
851.447257408	0.4225558330816545	-1.878682615424898e-05
852.656699535	0.4224128770327242	-1.8782337069686572e-05
853.866141662	0.4222702939724104	-1.877773114596082e-05
855.075583789	0.42212808289234066	-1.877300922220604e-05
856.2850259160001	0.42198624278695185	-1.8768172173583286e-05
857.4944680430001	0.42184477265347287	-1.876322094837568e-05
858.7039101700001	0.4217036714919227	-1.875815653502866e-05
859.9133522970001	0.4215629383051076	-1.875297998224501e-05
861.1227944240001	0.4214225720986186	-1.8747692391310466e-05
862.332236551	0.42128257188082846	-1.874229492163093e-05
863.541678678	0.4211429366628804	-1.873678879589502e-05
864.751120805	0.42100366545869394	-1.8731175293232316e-05
865.960562932	0.42086475728495554	-1.8725455757970244e-05
867.170005059	0.42072621116111614	-1.8719631594124597e-05
868.3794471860001	0.4205880261093899	-1.8713704278305876e-05
869.5888893130001	0.420450201154741	-1.8707675349005637e-05
870.7983314400001	0.4203127353248943	-1.870154641377131e-05
872.0077735670001	0.4201756276503184	-1.869531914783229e-05
873.2172156940001	0.4200388771642253	-1.868899530541035e-05
874.426657821	0.4199024829025802	-1.8682576706480214e-05
875.636099948	0.41976644390406953	-1.8676065249634277e-05
876.845542075	0.41963075921012405	-1.8669462909862156e-05
878.054984202	0.41949542786489924	-1.866277173903641e-05
879.2644263290001	0.41936044891527224	-1.8655993867675025e-05
880.4738684560001	0.4192258214108393	-1.8649131512865624e-05
881.6833105830001	0.4190915444039215	-1.8642186970466157e-05
882.8927527100001	0.41895761694953876	-1.8635162623570345e-05
884.1021948370001	0.41882403810541885	-1.8628060941203173e-05
885.3116369640001	0.4186908069319994	-1.8620884483233624e-05
886.521079091	0.41855792249240675	-1.8613635900291414e-05
887.730521218	0.4184253838524648	-1.8606317937278072e-05
888.939963345	0.4182931900806872	-1.8598933430452602e-05
890.149405472	0.4181613402482803	-1.859148531518917e-05
891.3588475990001	0.41802983342911926	-1.8583976624519938e-05
892.5682897260001	0.41789866869977554	-1.85764104897318e-05
893.7777318530001	0.4177678451394882	-1.8568790141865188e-05
894.9871739800001	0.41763736183017447	-1.8561118915905173e-05
896.1966161070001	0.4175072178564311	-1.855340024550789e-05
897.406058234	0.4173774123055293	-1.8545637658448633e-05
898.615500361	0.4172479442674176	-1.8537834785947727e-05
899.824942488	0.41711881283472135	-1.8529995357355333e-05
901.034384615	0.4169900171027299	-1.852212318673163e-05
902.243826742	0.4168615561694319	-1.8514222176940764e-05
903.4532688690001	0.4167334291354876	-1.850629631393319e-05
904.6627109960001	0.41660563510423965	-1.8498349659820668e-05
905.8721531230001	0.41647817318171043	-1.8490386339761744e-05
907.0815952500001	0.4163510424766101	-1.8482410533190996e-05
908.2910373770001	0.41622424210032255	-1.847442647300024e-05
909.500479504	0.4160977711669131	-1.846643842429163e-05
910.709921631	0.41597162879312893	-1.845845068432217e-05
911.919363758	0.41584581409837945	-1.8450467567918127e-05
913.128805885	0.415720326204727	-1.8442493395387505e-05
914.338248012	0.4155951642368968	-1.8434532496738876e-05
915.5476901390001	0.4154703273222464	-1.8426589194556198e-05
916.7571322660001	0.41534581459075653	-1.8418667819292134e-05
917.9665743930001	0.41522162517502575	-1.8410772698887468e-05
919.1760165200001	0.4150977582102504	-1.8402908169429244e-05
920.3854586470001	0.41497421283421665	-1.8395078591859626e-05
921.594900774	0.4148509881872986	-1.8387288364687948e-05
922.804342901	0.41472808341243655	-1.8379541955299006e-05
924.013785028	0.4146054976551563	-1.8371843915954145e-05
925.223227155	0.4144832300635633	-1.8364198929379794e-05
926.432669282	0.4143612797883444	-1.8356611845848914e-05
927.6421114090001	0.414239645982787	-1.83490877182918e-05
928.8515535360001	0.41411832780280133	-1.8341631860457897e-05
930.0609956630001	0.4139973244069344	-1.8334249894197407e-05
931.2704377900001	0.4138766349564044	-1.8326947795035964e-05
932.4798799170001	0.413756258615114	-1.8319731939039907e-05
933.689322044	0.41363619454969675	-1.831260915456656e-05
934.898764171	0.4135164419295438	-1.8305586755362757e-05
936.108206298	0.41339699992684964	-1.829867256868123e-05
937.317648425	0.41327786771663155	-1.8291874951920084e-05
938.5270905520001	0.41315904447677193	-1.8285202800047418e-05
939.7365326790001	0.41304052938806757	-1.82786655254924e-05
940.9459748060001	0.41292232163425646	-1.827227302503287e-05
942.1554169330001	0.41280442040204324	-1.8266035636316236e-05
943.3648590600001	0.4126868248811407	-1.825996405846464e-05
944.5743011870001	0.41256953426429477	-1.8254069252071625e-05
945.783743314	0.41245254774730017	-1.82483623394486e-05
946.993185441	0.4123358645290215	-1.8242854464431413e-05
948.202627568	0.4122194838114058	-1.8237556636976904e-05
949.412069695	0.41210340479947655	-1.823247956959928e-05
950.6215118220001	0.41198762670134664	-1.8227633502537754e-05
951.8309539490001	0.41187214872818684	-1.8223028007552378e-05
953.0403960760001	0.4117569700942154	-1.8218671794995034e-05
954.2498382030001	0.41164209001667673	-1.821457251890979e-05
955.4592803300001	0.4115275077157793	-1.8210736578372355e-05
956.6687224570001	0.41141322241468176	-1.8207168930431394e-05
957.878164584	0.41129923333941065	-1.8203872917413322e-05
959.087606711	0.4111855397187949	-1.8200850090355214e-05
960.297048838	0.4110721407843965	-1.8198100069310996e-05
961.506490965	0.4109590357704279	-1.8195620427957637e-05
962.7159330920001	0.41084622391363856	-1.8193406568958737e-05
963.9253752190001	0.41073370445321106	-1.8191451678806203e-05
965.1348173460001	0.41062147663065823	-1.8189746656169237e-05
966.3442594730001	0.41050953968968684	-1.8188280124717404e-05
967.5537016000001	0.41039789287605416	-1.818703842972058e-05
968.763143727	0.41028653543744154	-1.8186005695003393e-05
969.972585854	0.4101754666232944	-1.818516389656688e-05
971.182027981	0.4100646856846651	-1.8184492982784017e-05
972.391470108	0.4099541918740626	-1.8183971004614996e-05
973.600912235	0.4098439844452818	-1.8183574277672032e-05
974.8103543620001	0.4097340626532449	-1.8183277566599654e-05
976.0197964890001	0.4096244257538229	-1.818305430495437e-05
977.2292386160001	0.4095150730036871	-1.818287680885322e-05
978.4386807430001	0.40940600366015134	-1.8182716511466746e-05
979.6481228700001	0.4092972169810157	-1.818254422288057e-05
980.857564997	0.40918871222441733	-1.818233037044481e-05
982.067007124	0.40908048864870844	-1.8182045262424285e-05
983.276449251	0.4089725455123212	-1.8181659332913713e-05
984.485891378	0.40886488207367	-1.8181143396356347e-05
985.6953335050001	0.40875749759106106	-1.8180468876596856e-05
986.9047756320001	0.4086503913226118	-1.8179608036433814e-05
988.1142177590001	0.4085435625261912	-1.8178534188714734e-05
989.3236598860001	0.4084370104593994	-1.817722188438009e-05
990.5331020130001	0.4083307343795257	-1.8175647088558566e-05
991.7425441400001	0.4082247335435867	-1.8173787328934488e-05
992.951986267	0.4081190072083363	-1.81716218244643e-05
994.161428394	0.4080135546303148	-1.8169131590403675e-05
995.370870521	0.4079083750659211	-1.8166299516619855e-05
996.580312648	0.40780346777150944	-1.8163110428376372e-05
997.7897547750001	0.40769883200350343	-1.8159551113561267e-05
998.9991969020001	0.4075944670185133	-1.8155610340228612e-05
1000.2086390290001	0.4074903720734969	-1.815127884378931e-05
1001.4180811560001	0.4073865464259257	-1.814654930221149e-05
1002.6275232830001	0.4072829893339445	-1.8141416276817868e-05
1003.8369654100001	0.40717970005657456	-1.8135876159799946e-05
1005.046407537	0.40707667785390933	-1.8129927087467967e-05
1006.255849664	0.40697392198732185	-1.812356885594335e-05
1007.465291791	0.4068714317196684	-1.8116802818185507e-05
1008.674733918	0.40676920631549973	-1.810963177614755e-05
1009.8841760450001	0.40666724504127405	-1.8102059870683807e-05
1011.0936181720001	0.40656554716556864	-1.8094092456635846e-05
1012.3030602990001	0.4064641119592794	-1.8085735993086938e-05
1013.5125024260001	0.40636293869580814	-1.807699791907258e-05
1014.7219445530001	0.4062620266512619	-1.8067886542058598e-05
1015.9313866800001	0.4061613751046168	-1.8058410919119527e-05
1017.140828807	0.4060609833378794	-1.804858075538096e-05
1018.350270934	0.4059608506362376	-1.8038406297132825e-05
1019.559713061	0.4058609762881794	-1.8027898236835926e-05
1020.769155188	0.4057613595856165	-1.801706762767641e-05
1021.9785973150001	0.40566199982398154	-1.800592579564997e-05
1023.1880394420001	0.4055628963022818	-1.799448427812489e-05
1024.397481569	0.4054640483231842	-1.7982754745959895e-05
1025.606923696	0.4053654551930472	-1.7970748959567073e-05
1026.816365823	0.40526711622193073	-1.7958478711485593e-05
1028.0258079500002	0.405169030723611	-1.7945955785123036e-05
1029.235250077	0.4050711980155655	-1.7933191926930436e-05
1030.4446922040001	0.40497361741894666	-1.7920198811666177e-05
1031.654134331	0.40487628825852745	-1.7906988024146697e-05
1032.8635764580001	0.40477920986264987	-1.7893571038984923e-05
1034.073018585	0.40468238156315695	-1.7879959213831786e-05
1035.282460712	0.404585802695312	-1.78661637732086e-05
1036.491902839	0.4044894725976931	-1.7852195801082438e-05
1037.701344966	0.40439339061210794	-1.7838066250358553e-05
1038.9107870930002	0.40429755608348905	-1.7823785924991897e-05
1040.12022922	0.4042019683597737	-1.7809365488549722e-05
1041.3296713470002	0.4041066267917932	-1.7794815461089075e-05
1042.539113474	0.4040115307331556	-1.778014621282853e-05
1043.7485556010001	0.40391667954012556	-1.776536797683248e-05
1044.957997728	0.40382207257151914	-1.7750490830512056e-05
1046.167439855	0.40372770918857115	-1.7735524708795136e-05
1047.376881982	0.40363358875483973	-1.7720479385946453e-05
1048.586324109	0.40353971063608124	-1.7705364481729324e-05
1049.795766236	0.4034460742001722	-1.7690189445765392e-05
1051.005208363	0.4033526788169802	-1.767496355237208e-05
1052.2146504900002	0.4032595238582994	-1.7659695889168936e-05
1053.424092617	0.4031666086977454	-1.7644395352803266e-05
1054.6335347440001	0.40307393271069386	-1.7629070631866584e-05
1055.842976871	0.4029814952741926	-1.761373018624446e-05
1057.0524189980001	0.4028892957669132	-1.759838224008048e-05
1058.261861125	0.4027973335690841	-1.7583034774670825e-05
1059.471303252	0.40270560806244676	-1.756769549657311e-05
1060.680745379	0.4026141186302117	-1.755237183927172e-05
1061.890187506	0.4025228646570266	-1.753707093378465e-05
1063.0996296330002	0.40243184552894024	-1.752179960899658e-05
1064.30907176	0.4023410606333904	-1.7506564368496846e-05
1065.5185138870002	0.40225050935917755	-1.7491371378991483e-05
1066.727956014	0.4021601910964537	-1.747622646149083e-05
1067.9373981410001	0.40207010523672154	-1.7461135080179546e-05
1069.146840268	0.40198025117282427	-1.7446102340654135e-05
1070.356282395	0.4018906282989552	-1.7431132968606655e-05
1071.565724522	0.4018012360106454	-1.7416231320441233e-05
1072.775166649	0.4017120737047947	-1.7401401374086967e-05
1073.9846087760002	0.40162314077965394	-1.738664672619461e-05
1075.194050903	0.40153443663485155	-1.7371970596841146e-05
1076.4034930300002	0.40144596067140015	-1.735737583276331e-05
1077.612935157	0.40135771229171113	-1.7342864908953537e-05
1078.8223772840001	0.4012696908995997	-1.7328439942787544e-05
1080.031819411	0.40118189590030945	-1.7314102696411315e-05
1081.2412615380001	0.4010943267005117	-1.729985458352734e-05
1082.450703665	0.4010069827083224	-1.728569669513791e-05
1083.660145792	0.4009198633333221	-1.7271629802806387e-05
1084.869587919	0.4008329679865466	-1.7257654375490983e-05
1086.079030046	0.40074629608052037	-1.7243770597308306e-05
1087.2884721730002	0.400659847029246	-1.7229978379634803e-05
1088.4979143	0.4005736202482188	-1.7216277389542345e-05
1089.7073564270001	0.40048761515443304	-1.7202667056029353e-05
1090.916798554	0.40040183116638056	-1.7189146593113436e-05
1092.1262406810001	0.4003162677040632	-1.7175715024742022e-05
1093.335682808	0.40023092418899353	-1.7162371192605552e-05
1094.545124935	0.4001458000441811	-1.714911378618289e-05
1095.754567062	0.40006089469415806	-1.713594135205332e-05
1096.964009189	0.3999762075649617	-1.712285231779409e-05
1098.1734513160002	0.39989173808412526	-1.7109845006926805e-05
1099.382893443	0.39980748568070584	-1.7096917660441857e-05
1100.5923355700002	0.39972344978524604	-1.7084068442571598e-05
1101.801777697	0.3996396298297958	-1.7071295469225922e-05
1103.0112198240001	0.3995560252478988	-1.7058596814265026e-05
1104.220661951	0.3994726354745903	-1.704597052505641e-05
1105.430104078	0.3993894599463919	-1.7033414632050548e-05
1106.639546205	0.39930649810130875	-1.7020927163199917e-05
1107.848988332	0.39922374937882915	-1.7008506153715075e-05
1109.058430459	0.39914121321990986	-1.69961496523513e-05
1110.267872586	0.3990588890669904	-1.6983855734689635e-05
1111.4773147130002	0.39897677636396733	-1.6971622501554817e-05
1112.68675684	0.3988948745562078	-1.6959448094600038e-05
1113.8961989670001	0.3988131830905381	-1.6947330693434237e-05
1115.105641094	0.3987317014152411	-1.6935268521187097e-05
1116.3150832210001	0.39865042898006064	-1.692325984885279e-05
1117.524525348	0.3985693652361924	-1.6911302996483468e-05
1118.733967475	0.3984885096362822	-1.6899396338157513e-05
1119.943409602	0.3984078616344302	-1.688753829384715e-05
1121.152851729	0.39832742068617755	-1.6875727341769675e-05
1122.3622938560002	0.3982471862485201	-1.6863962002025557e-05
1123.571735983	0.3981671577798963	-1.685224085240522e-05
1124.7811781100002	0.39808733474018376	-1.6840562514164326e-05
1125.990620237	0.3980077165907113	-1.6828925656894866e-05
1127.2000623640001	0.39792830279424535	-1.681732899821986e-05
1128.409504491	0.39784909281499325	-1.6805771297728755e-05
1129.618946618	0.3977700861186057	-1.679425135209245e-05
1130.828388745	0.39769128217216665	-1.6782768006373683e-05
1132.037830872	0.39761268044419756	-1.67713201342512e-05
1133.2472729990002	0.39753428040465627	-1.6759906648580736e-05
1134.456715126	0.397456081524929	-1.6748526493803872e-05
1135.6661572530002	0.39737808327783974	-1.6737178648862372e-05
1136.87559938	0.397300285137632	-1.672586211934335e-05
1138.0850415070001	0.3972226865799791	-1.6714575944237753e-05
1139.294483634	0.3971452870819734	-1.6703319185490395e-05
1140.5039257610001	0.39706808612212297	-1.669209093425883e-05
1141.713367888	0.39699108318034754	-1.668089030743003e-05
1142.922810015	0.39691427773798404	-1.666971644459503e-05
1144.132252142	0.39683766927776315	-1.6658568512836758e-05
1145.341694269	0.396761257283824	-1.6647445704606745e-05
1146.5511363960002	0.39668504124169246	-1.6636347235921e-05
1147.760578523	0.3966090206382774	-1.662527234617961e-05
1148.9700206500002	0.3965331949618827	-1.661422030239945e-05
1150.179462777	0.39645756370217794	-1.660319039788194e-05
1151.3889049040001	0.39638212635020614	-1.659218194929868e-05
1152.598347031	0.39630688239836925	-1.658119429945315e-05
1153.807789158	0.39623183134042433	-1.6570226820181166e-05
1155.017231285	0.39615697267148425	-1.655927891180964e-05
1156.226673412	0.3960823058879939	-1.6548349999409573e-05
1157.4361155390002	0.3960078304877383	-1.6537439539984766e-05
1158.645557666	0.39593354596982644	-1.652654701496392e-05
1159.8549997930002	0.3958594518346909	-1.6515671940886545e-05
1161.06444192	0.3957855475840793	-1.6504813859979928e-05
1162.2738840470001	0.39571183272103705	-1.6493972343045726e-05
1163.483326174	0.3956383067499193	-1.648314699286002e-05
1164.6927683010001	0.3955649691763726	-1.6472337441009177e-05
1165.902210428	0.39549181950732115	-1.6461543348805785e-05
1167.111652555	0.3954188572509823	-1.6450764405068208e-05
1168.321094682	0.39534608191683673	-1.6440000330061877e-05
1169.530536809	0.39527349301564174	-1.6429250865354628e-05
1170.7399789360002	0.39520109005941684	-1.6418515784821786e-05
1171.949421063	0.39512887256143747	-1.6407794885681115e-05
1173.1588631900001	0.39505684003623065	-1.6397087987854442e-05
1174.368305317	0.39498499199957493	-1.638639493974081e-05
1175.5777474440001	0.3949133279684895	-1.6375715606531394e-05
1176.787189571	0.39484184746123496	-1.6365049874497717e-05
1177.996631698	0.39477054999730593	-1.6354397650589214e-05
1179.206073825	0.39469943509742533	-1.6343758859144186e-05
1180.415515952	0.394628502283553	-1.633313344145959e-05
1181.6249580790002	0.39455775107886387	-1.6322521347408858e-05
1182.834400206	0.39448718100775826	-1.6311922551290325e-05
1184.0438423330002	0.3944167915958526	-1.630133702740233e-05
1185.25328446	0.39434658236998166	-1.6290764762977306e-05
1186.4627265870001	0.39427655285819685	-1.6280205752505772e-05
1187.672168714	0.39420670258975504	-1.6269660002177222e-05
1188.881610841	0.39413703109512577	-1.6259127518916672e-05
1190.091052968	0.39406753790597704	-1.624860831257735e-05
1191.300495095	0.3939982225551913	-1.6238102395912946e-05
1192.5099372220002	0.3939290845768461	-1.622760978439719e-05
1193.719379349	0.39386012350622357	-1.6217130496667953e-05
1194.9288214760002	0.3937913388798039	-1.6206664544965443e-05
1196.138263603	0.39372273023526694	-1.6196211943264593e-05
1197.3477057300001	0.3936542971114867	-1.6185772701349244e-05
1198.557147857	0.39358603904853234	-1.61753468264636e-05
1199.7665899840001	0.39351795558765995	-1.61649343281417e-05
1200.976032111	0.39345004627132396	-1.6154535202081433e-05
1202.185474238	0.39338231064316576	-1.614414944851872e-05
1203.394916365	0.3933147482480072	-1.613377705872443e-05
1204.604358492	0.39324735863186655	-1.6123418021929403e-05
1205.8138006190002	0.3931801413419358	-1.611307232356196e-05
1207.023242746	0.393113095926599	-1.6102739942527866e-05
1208.2326848730002	0.39304622193542293	-1.6092420851238076e-05
1209.442127	0.39297951891914135	-1.6082115025212174e-05
