0.0	0.0	0.0
1.209442127	0.00017929238691674366	-6.505793870764448e-08
2.418884254	0.0007161821310244986	-6.513146110862108e-08
3.6283263810000004	0.0016074350947451084	-6.513551483453613e-08
4.837768508	0.0028479114278537193	-6.504500212718093e-08
6.047210635000001	0.004430617213074089	-6.484627812188481e-08
7.256652762000001	0.00634681020701847	-6.453474767084493e-08
8.466094889	0.008586116387321437	-6.411212503585045e-08
9.675537016	0.011136656818306511	-6.354426569546261e-08
10.884979143	0.01398518370834561	-6.278506988160841e-08
12.094421270000002	0.017117224097772374	-6.18581464514531e-08
13.303863397	0.020517229866869942	-6.075677282764078e-08
14.513305524000002	0.02416873195906378	-5.9463549610325184e-08
15.722747651	0.02805449710215947	-5.7953047410443104e-08
16.932189778	0.03215668515744993	-5.622694573565595e-08
18.141631905	0.0364570052739612	-5.432118820557219e-08
19.351074032	0.040936869208122985	-5.227026324793049e-08
20.560516159000002	0.04557754003326203	-5.010714983905151e-08
21.769958286	0.050360274615750884	-4.7848639363190504e-08
22.979400413	0.055266458642097144	-4.549851538582228e-08
24.188842540000003	0.06027773308481743	-4.308342516773367e-08
25.398284667000002	0.06537611113142643	-4.068255954337019e-08
26.607726794	0.07054408478427136	-3.84036575352964e-08
27.817168921	0.0757647203873927	-3.6334504866647466e-08
29.026611048000003	0.0810217425466215	-3.4523784726847584e-08
30.236053175000002	0.08629960620919555	-3.298991980635324e-08
31.445495302	0.09158355687822214	-3.17343948237625e-08
32.654937429	0.09685967908104895	-3.075221464629574e-08
33.864379556	0.10211493334564029	-3.0046283069212754e-08
35.073821683000006	0.10733718207778847	-2.965028118862012e-08
36.28326381	0.11251520485464302	-2.9664163573445146e-08
37.492705937000004	0.11763870375196517	-3.030962483080435e-08
38.702148064	0.12269829940977078	-3.197680404493086e-08
39.911590191	0.12768551878992374	-3.519610192875833e-08
41.121032318000005	0.13259277542903158	-4.0733983630580894e-08
42.330474445	0.13741334281797996	-4.953521042308506e-08
43.539916572	0.14214132201730195	-6.257519758953722e-08
44.749358699000005	0.14677160454179766	-8.074827736320733e-08
45.958800826	0.15129983148241066	-1.0490023271206295e-07
47.168242953000004	0.15572234965501733	-1.358780430359141e-07
48.377685080000006	0.16003616562549627	-1.7451228367590388e-07
49.587127207	0.16423889847935927	-2.2156007238940956e-07
50.796569334000004	0.16832873213977437	-2.7760582586508487e-07
52.00601146100001	0.1723043679599157	-3.428793371486327e-07
53.215453588	0.17616497814160031	-4.1695190762525147e-07
54.424895715000005	0.17991016017925826	-4.984093312267179e-07
55.634337842	0.1835398922243381	-5.849665797516557e-07
56.843779969	0.18705448973966998	-6.744071337511787e-07
58.053222096000006	0.19045456501700556	-7.65560923313667e-07
59.262664223	0.19374099089814806	-8.582936981792861e-07
60.472106350000004	0.19691486820458148	-9.528519832168597e-07
61.68154847700001	0.19997749597975822	-1.0493499710915316e-06
62.890990604	0.20293034440874108	-1.147587007038417e-06
64.100432731	0.20577503057119706	-1.2470478115596262e-06
65.309874858	0.2085132970876893	-1.3469612173272472e-06
66.519316985	0.21114699359815398	-1.446371841896249e-06
67.728759112	0.21367806093303793	-1.5442166162449311e-06
68.93820123900001	0.21610851778657802	-1.6394064875566161e-06
70.14764336600001	0.2184404496666528	-1.7309115074755355e-06
71.357085493	0.22067599987329448	-1.8178438041006884e-06
72.56652762	0.22281736224721477	-1.8995304342794839e-06
73.775969747	0.22486677542992856	-1.9755677161253926e-06
74.98541187400001	0.22682651838534962	-2.045850028720153e-06
76.19485400100001	0.22869890694538972	-2.110568540880653e-06
77.404296128	0.2304862911555944	-2.1701782836267003e-06
78.613738255	0.23219105320903788	-2.225335953363883e-06
79.823180382	0.2338156057665769	-2.276816742384502e-06
81.032622509	0.23536239046936186	-2.325425575405715e-06
82.24206463600001	0.23683387645782425	-2.3719228235477563e-06
83.45150676300001	0.23823255872572247	-2.4169824147657337e-06
84.66094889	0.2395609561642462	-2.4611909760566264e-06
85.870391017	0.240821609188981	-2.5050846514176883e-06
87.079833144	0.24201707688321822	-2.549211085549341e-06
88.28927527100001	0.2431499336248692	-2.594200269864788e-06
89.49871739800001	0.24422276518750125	-2.640828775407611e-06
90.708159525	0.24523816432223827	-2.6900654960665404e-06
91.917601652	0.24619872584057167	-2.743091945686671e-06
93.127043779	0.24710704123124183	-2.801295270984938e-06
94.33648590600001	0.2479656928572873	-2.8662370572807294e-06
95.54592803300001	0.24877724779180704	-2.939604845209054e-06
96.75537016000001	0.2495442513623254	-3.023155422041124e-06
97.964812287	0.2502692204837327	-3.1186588403120385e-06
99.174254414	0.25095463686803265	-3.2278502016813704e-06
100.383696541	0.2516029402048829	-3.3523932114198907e-06
101.59313866800001	0.25221652140919226	-3.493856901098935e-06
102.80258079500001	0.2527977160302054	-3.6537051805729526e-06
104.01202292200001	0.253348797910636	-3.8332982506411595e-06
105.221465049	0.2538719731751911	-4.033904346154027e-06
106.430907176	0.2543693746173758	-4.256718519599079e-06
107.64034930300001	0.2548430565443945	-4.502881275555981e-06
108.84979143000001	0.25529499013541856	-4.773485264689126e-06
110.05923355700001	0.2557270593692125	-5.069556489212257e-06
111.268675684	0.2561410575809568	-5.3920017595993075e-06
112.478117811	0.2565386847096277	-5.741529225528064e-06
113.687559938	0.25692154528887595	-6.1185722706191825e-06
114.89700206500001	0.257291147204579	-6.5232668461229215e-06
116.10644419200001	0.2576489011858718	-6.955519057910697e-06
117.31588631900001	0.2579961209457541	-7.415130092544575e-06
118.525328446	0.25833402391079135	-7.901869442689113e-06
119.734770573	0.25866373257287784	-8.415418545917874e-06
120.94421270000001	0.258986276521759	-8.955239036656515e-06
122.15365482700001	0.2593025951217748	-9.520479579167018e-06
123.36309695400001	0.2596135407206385	-1.0109963152205026e-05
124.572539081	0.2599198822961468	-1.0722221059952797e-05
125.781981208	0.2602223094872474	-1.1355533128462603e-05
126.99142333500001	0.260521436967744	-1.2007957554932558e-05
128.200865462	0.26081780911398444	-1.267735126349312e-05
129.410307589	0.2611119049091084	-1.3361387306176642e-05
130.619749716	0.26140414302182885	-1.4057575353887408e-05
131.82919184300002	0.2616948869967552	-1.4763288855010326e-05
133.03863397	0.26198445049450525	-1.5475799686484604e-05
134.24807609700002	0.262273102522389	-1.6192318892341295e-05
135.457518224	0.26256107259958483	-1.691004081799674e-05
136.666960351	0.2628485558044295	-1.7626187603175802e-05
137.87640247800002	0.26313571765552174	-1.833805178108605e-05
139.085844605	0.2634226987829094	-1.9043036302152094e-05
140.29528673200002	0.26370961935090087	-1.9738693075851965e-05
141.504728859	0.26399658320005537	-2.042276203964577e-05
142.714170986	0.2642836816822383	-2.1093211943976065e-05
143.92361311300002	0.26457099716879495	-2.1748281497230293e-05
145.13305524	0.26485860621731483	-2.2386516615069407e-05
146.34249736700002	0.2651465823870289	-2.3006798124197703e-05
147.551939494	0.2654349986968254	-2.360835528750216e-05
148.761381621	0.2657239297238345	-2.419076324321201e-05
149.97082374800002	0.2660134533448703	-2.475392537799881e-05
151.180265875	0.2663036521279279	-2.529804365845878e-05
152.38970800200002	0.2665946143857526	-2.5823580706740845e-05
153.599150129	0.2668864349078044	-2.633121732467658e-05
154.808592256	0.2671792153903615	-2.6821808655416723e-05
156.018034383	0.2674730645868859	-2.7296341510704702e-05
157.22747651	0.26776809820257735	-2.7755894774578183e-05
158.43691863700002	0.26806443855809736	-2.820160420088924e-05
159.646360764	0.2683622140483572	-2.8634632298463192e-05
160.85580289100002	0.2686615584226063	-2.905614339300533e-05
162.065245018	0.2689626099122247	-2.9467283285761203e-05
163.274687145	0.2692655102324645	-2.986916246491833e-05
164.48412927200002	0.2695704034840044	-3.0262841543671204e-05
165.693571399	0.2698774349795725	-3.064931767460255e-05
166.90301352600002	0.2701867500201204	-3.102951100884821e-05
168.112455653	0.2704984926438968	-3.140425072772901e-05
169.32189778	0.2708128043704354	-3.177426059797206e-05
170.53133990700002	0.27112982295985155	-3.214014432928458e-05
171.740782034	0.27144968120605145	-3.250237110551113e-05
172.95022416100002	0.27177250578055917	-3.2861261626007665e-05
174.159666288	0.2720984161416891	-3.3216974867994464e-05
175.369108415	0.2724275235217687	-3.356949560932854e-05
176.57855054200002	0.27275993000298715	-3.3918622749776195e-05
177.787992669	0.2730957276902866	-3.4263958699681796e-05
178.99743479600002	0.273434997987414	-3.4604900752993606e-05
180.206876923	0.2737778109800273	-3.4940636567060146e-05
181.41631905	0.27412422492779487	-3.527014758433755e-05
182.62576117700002	0.27447428586618045	-3.559222592063038e-05
183.835203304	0.274828027318477	-3.5905510883088576e-05
185.04464543100002	0.27518547011939776	-3.620854914379579e-05
186.254087558	0.2755466223524024	-3.649987653485398e-05
187.46352968500003	0.27591147940170746	-3.6778109867172115e-05
188.67297181200001	0.27628002411522473	-3.704202865806305e-05
189.882413939	0.2766522270670493	-3.729062604244937e-05
191.09185606600002	0.2770280469016107	-3.7523119269522454e-05
192.301298193	0.2774074307405419	-3.7738927616839946e-05
193.51074032000002	0.2777903146384314	-3.7937637447957306e-05
194.720182447	0.2781766240808807	-3.811897338161507e-05
195.929624574	0.27856627452309557	-3.828278471570967e-05
197.13906670100002	0.27895917196795683	-3.8429046157528735e-05
198.348508828	0.2793552135803401	-3.8557866704952426e-05
199.55795095500002	0.27975428833058724	-3.8669500619203934e-05
200.767393082	0.28015627765606993	-3.8764357003326366e-05
201.976835209	0.2805610561288868	-3.884300689920017e-05
203.18627733600002	0.28096849212471664	-3.8906187051990226e-05
204.395719463	0.2813784484975846	-3.8954798894361153e-05
205.60516159000002	0.2817907832619545	-3.898990230230548e-05
206.814603717	0.28220535027046056	-3.901270462895734e-05
208.02404584400003	0.28262199987217484	-3.9024545632551644e-05
209.23348797100002	0.2830405795437202	-3.902687926324311e-05
210.442930098	0.2834609344912228	-3.902125349317109e-05
211.65237222500002	0.2838829082223342	-3.900928908719126e-05
212.861814352	0.28430634308721214	-3.899265786327932e-05
214.07125647900003	0.2847310807871585	-3.897306076451612e-05
215.28069860600002	0.2851569628498432	-3.895220608557404e-05
216.490140733	0.28558383107049806	-3.8931788189672245e-05
217.69958286000002	0.2860115279188721	-3.891346705983678e-05
218.909024987	0.2864398969122359	-3.889884902537333e-05
220.11846711400003	0.2868687829550789	-3.88894689508229e-05
221.32790924100001	0.28729803264649234	-3.8886774138560676e-05
222.537351368	0.2877274945565519	-3.8892110108851297e-05
223.74679349500002	0.2881570194732263	-3.89067084242134e-05
224.956235622	0.28858646062161153	-3.893167663271413e-05
226.16567774900003	0.2890156738573738	-3.896799042188426e-05
227.375119876	0.289444517836447	-3.9016488018572826e-05
228.584562003	0.28987285416305	-3.907786682708081e-05
229.79400413000002	0.2903005475181039	-3.915268226419022e-05
231.003446257	0.2907274657701497	-3.9241348675986276e-05
232.21288838400002	0.2911534800707358	-3.934414219548821e-05
233.422330511	0.2915784649362638	-3.9461205327037674e-05
234.63177263800003	0.292002298318109	-3.959255305142906e-05
235.84121476500002	0.2924248616627937	-3.9738080195056424e-05
237.050656892	0.2928460399638172	-3.9897569833940993e-05
238.26009901900002	0.293265721806682	-4.007070247141753e-05
239.469541146	0.29368379940845496	-4.025706579197097e-05
240.67898327300003	0.2941001686531117	-4.045616474294966e-05
241.88842540000002	0.2945147291237358	-4.06674317642991e-05
243.097867527	0.2949273841324344	-4.089023692990801e-05
244.30730965400002	0.29533804074870706	-4.1123897852893276e-05
245.516751781	0.2957466098266949	-4.136768913400035e-05
246.72619390800003	0.29615300603160705	-4.162085123331216e-05
247.93563603500002	0.2965571478653406	-4.18825986154836e-05
249.145078162	0.29695895769111846	-4.215212706663862e-05
250.35452028900002	0.2973583617568666	-4.242862016222426e-05
251.563962416	0.2977552902168802	-4.27112548506553e-05
252.77340454300003	0.2981496771513957	-4.29992061783957e-05
253.98284667000001	0.29854146058354075	-4.329165121701173e-05
255.192288797	0.29893058249323834	-4.358777223928412e-05
256.401730924	0.2993169888275585	-4.388675923681917e-05
257.61117305100004	0.2997006295069991	-4.4187811847506975e-05
258.820615178	0.3000814584271438	-4.449014077574642e-05
260.030057305	0.30045943345510917	-4.479296879886241e-05
261.239499432	0.30083451642017633	-4.509553143333678e-05
262.448941559	0.30120667309806104	-4.539707735520815e-05
263.65838368600004	0.30157587318828605	-4.569686869171363e-05
264.867825813	0.30194209028418717	-4.599418126165211e-05
266.07726794	0.3023053018352244	-4.628830485957358e-05
267.286710067	0.30266548910123925	-4.657854367501324e-05
268.49615219400005	0.3030226370985346	-4.686421689145681e-05
269.70559432100004	0.30337673453759206	-4.714465949845481e-05
270.915036448	0.3037277737524033	-4.7419223326766735e-05
272.124478575	0.30407575062147196	-4.7687278291977386e-05
273.333920702	0.3044206644805425	-4.794821385799286e-05
274.54336282900005	0.3047625180272946	-4.820144069132837e-05
275.75280495600003	0.30510131721823175	-4.844639253613614e-05
276.962247083	0.3054370711581653	-4.8682528291363325e-05
278.17168921	0.3057697919826805	-4.8909334314853337e-05
279.381131337	0.306099494734155	-4.912632693436503e-05
280.59057346400004	0.30642619723186226	-4.933305514591424e-05
281.80001559100003	0.30674991993684075	-4.9529103459650115e-05
283.009457718	0.30707068581222774	-4.971409483892075e-05
284.218899845	0.30738852017979623	-4.988769366159884e-05
285.428341972	0.30770345057347226	-5.00496086216079e-05
286.63778409900004	0.30801550659064647	-5.019959551740005e-05
287.84722622600003	0.3083247197420514	-5.033745980198567e-05
289.056668353	0.308631123301071	-5.0463058866911936e-05
290.26611048	0.3089347521532345	-5.057630397289903e-05
291.475552607	0.3092356426466728	-5.067716177581394e-05
292.68499473400004	0.3095338324443092	-5.076565540777789e-05
293.89443686100003	0.30982936037843495	-5.0841865051456936e-05
295.103878988	0.3101222663083732	-5.090592801139382e-05
296.313321115	0.31041259098177104	-5.095803822979805e-05
297.522763242	0.31070037590008864	-5.099844523633046e-05
298.73220536900004	0.310985663188758	-5.102745253517116e-05
299.94164749600003	0.3112684954724247	-5.104541542280683e-05
301.151089623	0.31154891575564003	-5.1052738255716323e-05
302.36053175	0.31182696730926873	-5.104987118498272e-05
303.569973877	0.3121026935628808	-5.1037306410040006e-05
304.77941600400004	0.312376138003264	-5.101557396559875e-05
305.98885813100003	0.31264734407920414	-5.098523711322134e-05
307.198300258	0.31291635511256605	-5.094688738792319e-05
308.407742385	0.3131832142156762	-5.090113936687124e-05
309.617184512	0.3134479642149893	-5.084862521720357e-05
310.82662663900004	0.31371064758092426	-5.0789989105501365e-05
312.036068766	0.313971306363736	-5.072588152407742e-05
313.245510893	0.314229982135271	-5.065695362649336e-05
314.45495302	0.314486715936401	-5.0583851626137544e-05
315.664395147	0.31474154822989897	-5.050721132604519e-05
316.87383727400004	0.31499451885852037	-5.042765285395712e-05
318.083279401	0.3152456670080046	-5.0345775652049785e-05
319.292721528	0.315495031174739	-5.026215378256538e-05
320.502163655	0.3157426491377842	-5.017733159874693e-05
321.71160578200005	0.3159885579349427	-5.009181981614763e-05
322.92104790900004	0.31623279384263137	-5.000609202242268e-05
324.130490036	0.31647539235918987	-4.9920581651000107e-05
325.339932163	0.3167163881914006	-4.983567945142375e-05
326.54937429	0.3169558152438834	-4.9751731451719294e-05
327.75881641700005	0.3171937066111372	-4.966903743873485e-05
328.96825854400004	0.31743009457193594	-4.9587849942578366e-05
330.177700671	0.3176650105858536	-4.9508373734782896e-05
331.387142798	0.31789848529166365	-4.9430765806213195e-05
332.596584925	0.3181305485074349	-4.9355135849984966e-05
333.80602705200005	0.31836122923208143	-4.928154718637778e-05
335.01546917900004	0.3185905556482425	-4.9210018121761956e-05
336.224911306	0.31881855512625756	-4.9140523726218244e-05
337.434353433	0.31904525422917185	-4.907299797848874e-05
338.64379556	0.3192706787185875	-4.900733625542997e-05
339.85323768700005	0.3194948535612746	-4.8943398120226966e-05
341.06267981400003	0.3197178029364429	-4.8881010373952316e-05
342.272121941	0.31993955024359216	-4.881997033316654e-05
343.481564068	0.320160118110872	-4.87600492784096e-05
344.691006195	0.32037952840392114	-4.870099604027678e-05
345.90044832200005	0.3205978022350944	-4.8642540683735414e-05
347.10989044900003	0.3208149599730899	-4.858439822709448e-05
348.319332576	0.3210310212529329	-4.852627238528806e-05
349.528774703	0.3212460049863182	-4.846785925230468e-05
350.73821683	0.3214599293722489	-4.840885093847225e-05
351.94765895700004	0.32167281190804303	-4.8348939086062526e-05
353.15710108400003	0.32188466940064886	-4.8287818235667745e-05
354.366543211	0.32209551797829017	-4.82251890349672e-05
355.575985338	0.32230537310244567	-4.816076124200541e-05
356.785427465	0.32251424958016806	-4.8094256505870625e-05
357.99486959200004	0.3227221615767407	-4.802541091748769e-05
359.20431171900003	0.322929122628687	-4.7953977301465334e-05
360.413753846	0.32313514565710555	-4.787972723498124e-05
361.623195973	0.3233402429813866	-4.780245281435502e-05
362.8326381	0.3235444263332322	-4.772196812322105e-05
364.04208022700004	0.3237477068710375	-4.763811044361521e-05
365.25152235400003	0.3239500951945835	-4.755074117919478e-05
366.460964481	0.3241516013600537	-4.745974652395346e-05
367.670406608	0.3243522348953271	-4.73650378564755e-05
368.87984873500005	0.3245520048155647	-4.726655189213336e-05
370.08929086200004	0.3247509196390159	-4.716425059743401e-05
371.29873298900003	0.324948987403061	-4.705812087801853e-05
372.508175116	0.3251462156804322	-4.694817405422047e-05
373.717617243	0.32534261159557837	-4.6834445150870097e-05
374.92705937000005	0.3255381818411418	-4.671699199954027e-05
376.13650149700004	0.32573293269451103	-4.6595894192424936e-05
377.34594362400003	0.3259268700343986	-4.6471251887530984e-05
378.555385751	0.3261199993574102	-4.6343184485792e-05
379.764827878	0.32631232579455416	-4.621182921327183e-05
380.97427000500005	0.3265038541276659	-4.6077339601630074e-05
382.18371213200004	0.32669458880568714	-4.593988391868309e-05
383.393154259	0.3268845339607813	-4.579964351837662e-05
384.602596386	0.3270736934242308	-4.5656811176075784e-05
385.812038513	0.32726207074208663	-4.551158939548883e-05
387.02148064000005	0.3274496691905642	-4.53641887225853e-05
388.23092276700004	0.3276364917911164	-4.5214826050590795e-05
389.440364894	0.3278225413251893	-4.506372297913286e-05
390.649807021	0.3280078203486342	-4.4911104189040985e-05
391.859249148	0.3281923312057553	-4.475719589754068e-05
393.06869127500005	0.3283760760429852	-4.460222435655192e-05
394.27813340200004	0.3285590568221721	-4.4446414434698434e-05
395.487575529	0.3287412753334707	-4.428998829254793e-05
396.697017656	0.32892273320785403	-4.413316414086932e-05
397.906459783	0.32910343192921815	-4.3976155106748016e-05
399.11590191000005	0.32928337284609543	-4.381916819670706e-05
400.32534403700004	0.32946255718297796	-4.366240338721239e-05
401.534786164	0.32964098605126907	-4.350605280720177e-05
402.744228291	0.329818660459848	-4.33503000486779e-05
403.953670418	0.32999558132526774	-4.319531957783229e-05
405.16311254500005	0.33017174948161193	-4.3041276268085404e-05
406.37255467200004	0.3303471656899859	-4.288832503879236e-05
407.581996799	0.33052183064769813	-4.273661058927514e-05
408.791438926	0.3306957449970833	-4.258626724175374e-05
410.000881053	0.33086890933405333	-4.243741887108299e-05
411.21032318000005	0.3310413242163036	-4.229017892065645e-05
412.41976530700003	0.3312129901712687	-4.214465049208471e-05
413.629207434	0.3313839077037497	-4.2000926513588444e-05
414.838649561	0.33155407730329967	-4.1859089953577566e-05
416.04809168800006	0.33172349945131474	-4.1719214096999635e-05
417.25753381500004	0.3318921746278589	-4.1581362859755e-05
418.46697594200003	0.3320601033182552	-4.144559113722357e-05
419.676418069	0.3322272860193674	-4.131194518425252e-05
420.885860196	0.33239372324566663	-4.118046300471967e-05
422.09530232300006	0.33255941553502893	-4.105117473987563e-05
423.30474445000004	0.33272436345425466	-4.092410309415595e-05
424.51418657700003	0.3328885676043594	-4.079926371970688e-05
425.723628704	0.33305202862557837	-4.0676665612485174e-05
426.933070831	0.333214747202123	-4.0556311486819596e-05
428.14251295800005	0.3333767240666575	-4.043819814304739e-05
429.35195508500004	0.33353796000452296	-4.032231679697296e-05
430.56139721200003	0.3336984558576645	-4.020865339354751e-05
431.770839339	0.33385821252829867	-4.009718890743419e-05
432.980281466	0.3340172309823036	-3.9987899602508814e-05
434.18972359300005	0.33417551225230613	-3.988075726990559e-05
435.39916572000004	0.33433305744051045	-3.9775729451671515e-05
436.60860784700003	0.3344898677212244	-3.967277962688143e-05
437.818049974	0.3346459443430994	-3.957186738759444e-05
439.027492101	0.33480128863109737	-3.9472948595228874e-05
440.23693422800005	0.33495590198815905	-3.937597551578742e-05
441.44637635500004	0.33510978589659934	-3.9280896950349975e-05
442.65581848200003	0.33526294191920936	-3.9187658346401255e-05
443.865260609	0.33541537170010305	-3.909620191168417e-05
445.074702736	0.33556707696528126	-3.9006466720364896e-05
446.28414486300005	0.33571805952293987	-3.89183888292316e-05
447.49358699000004	0.3358683212635164	-3.883190137679571e-05
448.703029117	0.3360178641594914	-3.874693471417334e-05
449.912471244	0.33616669026495827	-3.866341653178951e-05
451.121913371	0.3363148017149541	-3.8581271990995036e-05
452.33135549800005	0.33646220072459543	-3.8500423888768176e-05
453.54079762500004	0.33660888958798585	-3.842079281307642e-05
454.750239752	0.33675487067694326	-3.834229733905292e-05
455.959681879	0.33690014643955735	-3.8264854228239886e-05
457.169124006	0.33704471939855896	-3.8188378635423126e-05
458.37856613300005	0.3371885921495573	-3.811278435608689e-05
459.58800826000004	0.3373317673591226	-3.803798407209236e-05
460.797450387	0.3374742477627667	-3.796388961743724e-05
462.006892514	0.3376160361627716	-3.789041226454071e-05
463.216334641	0.33775713542596364	-3.7817463004602425e-05
464.42577676800005	0.33789754848136855	-3.774495286221202e-05
465.63521889500004	0.33803727831781394	-3.767279319634442e-05
466.844661022	0.33817632798146074	-3.76008960218388e-05
468.054103149	0.33831470057328616	-3.7529174322092906e-05
469.26354527600006	0.33845239924653386	-3.745754237120813e-05
470.47298740300005	0.3385894272041264	-3.7385916054580304e-05
471.68242953000004	0.3387257876960728	-3.731421317049177e-05
472.891871657	0.3388614840168692	-3.724235373742113e-05
474.101313784	0.33899651950287807	-3.7170260288363344e-05
475.31075591100006	0.3391308975297424	-3.709785814125233e-05
476.52019803800005	0.33926462150980047	-3.702507567018842e-05
477.72964016500003	0.33939769488953264	-3.695184454766132e-05
478.939082292	0.3395301211470111	-3.687809997339475e-05
480.148524419	0.3396619037894284	-3.680378086991232e-05
481.35796654600006	0.33979304635061036	-3.6728830073717855e-05
482.56740867300005	0.33992355238861915	-3.665319448747928e-05
483.77685080000003	0.3400534254833605	-3.6576825214768016e-05
484.986292927	0.34018266923426604	-3.6499677663642816e-05
486.195735054	0.3403112872580073	-3.6421711631040576e-05
487.40517718100006	0.34043928318627625	-3.6342891355165e-05
488.61461930800004	0.34056666066360697	-3.626318554567076e-05
489.82406143500003	0.34069342334526065	-3.6182567390991016e-05
491.033503562	0.34081957489515596	-3.610101453802028e-05
492.242945689	0.34094511898385405	-3.6018509040877666e-05
493.45238781600005	0.3410700592866162	-3.5935037301801365e-05
494.66182994300004	0.3411943994814874	-3.585058998159529e-05
495.87127207000003	0.3413181432474601	-3.576516189719714e-05
497.080714197	0.3414412942626879	-3.567875188908998e-05
498.290156324	0.3415638562027291	-3.5591362684231354e-05
499.49959845100005	0.3416858327388913	-3.5503000738401624e-05
500.70904057800004	0.34180722753658116	-3.541367607295953e-05
501.91848270500003	0.34192804425372536	-3.532340208983742e-05
503.127924832	0.34204828653926445	-3.523219538401068e-05
504.337366959	0.3421679580316611	-3.514007555237286e-05
505.54680908600005	0.3422870623574884	-3.504706498470844e-05
506.75625121300004	0.3424056031300542	-3.4953188666295154e-05
507.96569334000003	0.3425235839480826	-3.485847396778041e-05
509.175135467	0.3426410083944388	-3.4762950438763096e-05
510.384577594	0.342757880034918	-3.466664959898835e-05
511.59401972100005	0.34287420241705724	-3.456960473639803e-05
512.803461848	0.3429899790690293	-3.4471850707942786e-05
514.0129039750001	0.3431052134985644	-3.4373423737577014e-05
515.2223461020001	0.34321990919191814	-3.427436123083771e-05
516.4317882290001	0.34333406961291385	-3.417470158655067e-05
517.641230356	0.34344769820199317	-3.407448402398261e-05
518.850672483	0.3435607983753536	-3.3973748408605564e-05
520.06011461	0.34367337352411453	-3.387253508881083e-05
521.269556737	0.34378542701353676	-3.377088474648682e-05
522.478998864	0.3438969621822916	-3.36688382477357e-05
523.688440991	0.3440079823417617	-3.356643650781477e-05
524.897883118	0.34411849077541656	-3.3463720357299054e-05
526.1073252450001	0.3442284907382217	-3.336073043255783e-05
527.3167673720001	0.34433798545609035	-3.325750705289454e-05
528.5262094990001	0.3444469781253756	-3.315409012040471e-05
529.735651626	0.3445554719124293	-3.305051902297018e-05
530.945093753	0.3446634699532002	-3.2946832545510674e-05
532.15453588	0.3447709753528575	-3.28430687890624e-05
533.363978007	0.34487799118548323	-3.273926509118896e-05
534.573420134	0.3449845204937858	-3.263545795849365e-05
535.782862261	0.34509056628887264	-3.253168300404452e-05
536.9923043880001	0.3451961315500528	-3.2427974884674526e-05
538.2017465150001	0.3453012192246864	-3.232436724934229e-05
539.4111886420001	0.34540583222806387	-3.222089269420969e-05
540.6206307690001	0.3455099734433378	-3.211758270732501e-05
541.830072896	0.345613645721472	-3.201446763421989e-05
543.039515023	0.34571685188124357	-3.191157664396427e-05
544.24895715	0.34581959470926205	-3.180893768156556e-05
545.458399277	0.3459218769600363	-3.1706577449483464e-05
546.667841404	0.346023701356057	-3.1604521374462013e-05
547.877283531	0.3461250705879225	-3.1502793576207444e-05
549.0867256580001	0.3462259873144928	-3.140141685442632e-05
550.2961677850001	0.3463264541630474	-3.130041265690664e-05
551.5056099120001	0.3464264737294984	-3.119980107199605e-05
552.715052039	0.34652604857861224	-3.109960079811236e-05
553.924494166	0.3466251812442542	-3.0999829142661084e-05
555.133936293	0.34672387422965956	-3.090050200534045e-05
556.34337842	0.34682213000770945	-3.080163387134127e-05
557.552820547	0.34691995102125384	-3.0703237802048866e-05
558.762262674	0.34701733968342385	-3.060532543526506e-05
559.971704801	0.34711429837796726	-3.0507906980087318e-05
561.1811469280001	0.34721082945961296	-3.041099122232105e-05
562.3905890550001	0.3473069352544325	-3.0314585529239713e-05
563.6000311820001	0.34740261806021977	-3.0218695856440436e-05
564.809473309	0.34749788014688376	-3.0123326757933166e-05
566.018915436	0.3475927237568551	-3.0028481401669915e-05
567.228357563	0.3476871511054894	-2.993416158660056e-05
568.43779969	0.3477811643814941	-2.9840367763267484e-05
569.647241817	0.34787476574735965	-2.9747099062754634e-05
570.856683944	0.34796795733978525	-2.9654353316185822e-05
572.066126071	0.3480607412701333	-2.9562127087490175e-05
573.2755681980001	0.3481531196248674	-2.9470415713842013e-05
574.4850103250001	0.3482450944660077	-2.9379213336469534e-05
575.6944524520001	0.3483366678315928	-2.9288512941400002e-05
576.903894579	0.3484278417361317	-2.919830640643606e-05
578.113336706	0.34851861817107044	-2.9108584545148308e-05
579.322778833	0.34860899910526816	-2.9019337155045122e-05
580.53222096	0.348698986485448	-2.8930553071904175e-05
581.741663087	0.3487885822366833	-2.8842220223423976e-05
582.951105214	0.34887778826285154	-2.8754325679600234e-05
584.160547341	0.34896660644711575	-2.8666855720393958e-05
585.3699894680001	0.3490550386524022	-2.857979589256099e-05
586.5794315950001	0.34914308672185346	-2.849313106520479e-05
587.7888737220001	0.34923075247931334	-2.8406845499096e-05
588.998315849	0.34931803772977954	-2.8320922909705337e-05
590.207757976	0.349404944259896	-2.8235346523977634e-05
591.417200103	0.3494914738383854	-2.8150099158963382e-05
592.62664223	0.3495776282165367	-2.8065163276455585e-05
593.836084357	0.3496634091286528	-2.7980521046522266e-05
595.045526484	0.3497488182925107	-2.789615442029547e-05
596.2549686110001	0.34983385740980816	-2.7812045188008172e-05
597.4644107380001	0.3499185281666174	-2.772817504353986e-05
598.6738528650001	0.35000283223383033	-2.7644525651251972e-05
599.8832949920001	0.350086771267588	-2.7561078700652497e-05
601.092737119	0.3501703469097258	-2.7477815964752073e-05
602.302179246	0.35025356078818987	-2.7394719368009635e-05
603.511621373	0.35033641451746933	-2.7311771032226262e-05
604.7210635	0.35041890969900386	-2.7228953340036055e-05
605.930505627	0.3505010479216042	-2.7146248976442355e-05
607.139947754	0.3505828307618418	-2.70636409888253e-05
608.3493898810001	0.350664259784449	-2.6981112830865017e-05
609.5588320080001	0.35074533654270684	-2.6898648411405324e-05
610.7682741350001	0.35082606257882576	-2.6816232127552242e-05
611.9777162620001	0.3509064394243202	-2.6733848916840608e-05
613.187158389	0.3509864686003571	-2.665148429381592e-05
614.396600516	0.35106615161812893	-2.656912438003811e-05
615.606042643	0.35114548997918826	-2.6486755941620976e-05
616.81548477	0.35122448517578586	-2.6404366421206582e-05
618.024926897	0.3513031386911981	-2.6321943961807315e-05
619.234369024	0.3513814520000422	-2.6239477435949232e-05
620.4438111510001	0.3514594265685913	-2.6156956469361448e-05
621.6532532780001	0.3515370638550608	-2.6074371459614e-05
622.8626954050001	0.35161436530990653	-2.5991713595630017e-05
624.072137532	0.3516913323760925	-2.59089748779473e-05
625.281579659	0.35176796648937125	-2.5826148126198434e-05
626.491021786	0.3518442690785303	-2.574322699411269e-05
627.700463913	0.35192024156563495	-2.566020598378238e-05
628.90990604	0.35199588536627696	-2.557708044646778e-05
630.119348167	0.3520712018897912	-2.549384659139564e-05
631.328790294	0.3521461925394753	-2.541050149029722e-05
632.5382324210001	0.3522208587127881	-2.5327043080503042e-05
633.7476745480001	0.3522952018015577	-2.5243470164984516e-05
634.9571166750001	0.35236922319214325	-2.515978240970329e-05
636.166558802	0.35244292426562696	-2.507598034071079e-05
637.376000929	0.3525163063979669	-2.4992065342288594e-05
638.585443056	0.3525893709601565	-2.4908039651286296e-05
639.794885183	0.35266211931835434	-2.4823906343826585e-05
641.00432731	0.3527345528340403	-2.4739669334694625e-05
642.213769437	0.3528066728641181	-2.4655333361447984e-05
643.4232115640001	0.3528784807610281	-2.4570903977533254e-05
644.6326536910001	0.35294997787286775	-2.448638753621557e-05
645.8420958180001	0.3530211655434745	-2.4401791179420873e-05
647.0515379450001	0.3530920451125067	-2.4317122820291526e-05
648.260980072	0.35316261791553266	-2.4232391128392594e-05
649.470422199	0.3532328852840936	-2.4147605514848736e-05
650.679864326	0.3533028485457581	-2.4062776111624662e-05
651.889306453	0.3533725090241744	-2.397791375188807e-05
653.09874858	0.35344186803912314	-2.3893029956215117e-05
654.308190707	0.3535109269065436	-2.3808136900491106e-05
655.5176328340001	0.3535796869385692	-2.3723247402809844e-05
656.7270749610001	0.35364814944353795	-2.363837490038101e-05
657.9365170880001	0.35371631572602313	-2.355353342406441e-05
659.1459592150001	0.35378418708683435	-2.3468737570364606e-05
660.355401342	0.3538517648230116	-2.3384002487469857e-05
661.564843469	0.3539190502278339	-2.3299343838198427e-05
662.774285596	0.3539860445908004	-2.3214777779750895e-05
663.983727723	0.35405274919762963	-2.3130320935926818e-05
665.19316985	0.35411916533022186	-2.304599036838384e-05
666.402611977	0.35418529426665446	-2.2961803553864235e-05
667.6120541040001	0.3542511372811402	-2.2877778351818034e-05
668.8214962310001	0.3543166956439969	-2.2793932978409925e-05
670.0309383580001	0.35438197062162147	-2.2710285974752997e-05
671.2403804850001	0.35444696347643345	-2.26268561815679e-05
672.449822612	0.35451167546685236	-2.2543662707583123e-05
673.659264739	0.35457610784723737	-2.2460724900474904e-05
674.868706866	0.35464026186785136	-2.2378062325023595e-05
676.078148993	0.35470413877480456	-2.229569472221582e-05
677.28759112	0.35476773980999754	-2.221364198917719e-05
678.497033247	0.3548310662110916	-2.2131924149237925e-05
679.7064753740001	0.35489411921142316	-2.205056131725225e-05
680.9159175010001	0.35495690003996666	-2.1969573681446253e-05
682.1253596280001	0.35501940992127806	-2.1888981466447466e-05
683.3348017550001	0.35508165007542825	-2.1808804910136703e-05
684.544243882	0.35514362171795544	-2.172906423722476e-05
685.753686009	0.3552053260597976	-2.164977963046988e-05
686.963128136	0.35526676430724213	-2.1570971204851186e-05
688.172570263	0.3553279376618651	-2.1492658982533164e-05
689.38201239	0.3553888473204794	-2.141486286715011e-05
690.5914545170001	0.3554494944750616	-2.1337602618576312e-05
691.8008966440001	0.3555098803127135	-2.1260897830527314e-05
693.0103387710001	0.35557000601559874	-2.1184767903484336e-05
694.2197808980001	0.3556298727608891	-2.1109232024849045e-05
695.429223025	0.35568948172071263	-2.1034309144490893e-05
696.638665152	0.35574883406209734	-2.0960017955165555e-05
697.848107279	0.35580793094692814	-2.0886376866993683e-05
699.057549406	0.3558667735318952	-2.0813403993083512e-05
700.266991533	0.35592536296843824	-2.074111711448945e-05
701.47643366	0.3559837004027132	-2.0669533679240626e-05
702.6858757870001	0.35604178697554156	-2.059867076714683e-05
703.8953179140001	0.35609962382237337	-2.0528545076115012e-05
705.1047600410001	0.3561572120732402	-2.045917290635635e-05
706.3142021680001	0.3562145528527204	-2.0390570136322173e-05
707.523644295	0.3562716472799094	-2.032275220473223e-05
708.733086422	0.3563284964683804	-2.0255734092630706e-05
709.942528549	0.3563851015261442	-2.018953031170112e-05
711.151970676	0.356441463555639	-2.012415487667729e-05
712.361412803	0.35649758365369255	-2.0059621293241903e-05
713.57085493	0.35655346291149714	-1.999594253991599e-05
714.7802970570001	0.356609102414586	-1.9933131054236664e-05
715.9897391840001	0.35666450324282106	-1.987119871005305e-05
717.1991813110001	0.3567196664703727	-1.9810156804980772e-05
718.4086234380001	0.3567745931657005	-1.9750016046662933e-05
719.618065565	0.3568292843915413	-1.9690786534298788e-05
720.827507692	0.35688374120490396	-1.963247773793808e-05
722.036949819	0.3569379646570572	-1.9575098492985443e-05
723.246391946	0.3569919557935277	-1.9518656982353555e-05
724.455834073	0.35704571565409926	-1.946316071592402e-05
725.6652762	0.35709924527279585	-1.940861652861836e-05
726.8747183270001	0.35715254567790694	-1.9355030551698738e-05
728.0841604540001	0.3572056178919758	-1.9302408214696976e-05
729.2936025810001	0.35725846293181596	-1.925075422727629e-05
730.5030447080001	0.35731108180850424	-1.9200072563063664e-05
731.712486835	0.3573634755274082	-1.9150366457179602e-05
732.921928962	0.35741564508819723	-1.9101638391597064e-05
734.131371089	0.3574675914848492	-1.905389008315106e-05
735.340813216	0.3575193157056735	-1.900712248530112e-05
736.550255343	0.3575708187333269	-1.8961335767300747e-05
737.7596974700001	0.35762210154484364	-1.8916529322857145e-05
738.9691395970001	0.35767316511164815	-1.887270175005007e-05
740.1785817240001	0.3577240103995854	-1.882985086011646e-05
741.3880238510001	0.35777463836894996	-1.8787973670206237e-05
742.5974659780001	0.357825049974513	-1.8747066395027878e-05
743.806908105	0.35787524616555	-1.8707124462377656e-05
745.016350232	0.3579252278858771	-1.8668142498748375e-05
746.225792359	0.3579749960738853	-1.8630114344608817e-05
747.435234486	0.3580245516625767	-1.8593033053182495e-05
748.644676613	0.35807389557959174	-1.8556890897164502e-05
749.8541187400001	0.35812302874725355	-1.852167937908822e-05
751.0635608670001	0.35817195208261343	-1.8487389241983454e-05
752.2730029940001	0.3582206664974865	-1.8454010472207516e-05
753.4824451210001	0.35826917289848126	-1.8421532324952583e-05
754.6918872480001	0.35831747218706145	-1.8389943327742908e-05
755.901329375	0.3583655652595801	-1.8359231308412438e-05
757.110771502	0.3584134530073174	-1.8329383401238797e-05
758.320213629	0.35846113631654003	-1.830038607657236e-05
759.529655756	0.35850861606853385	-1.8272225158141864e-05
760.739097883	0.35855589313965985	-1.8244885844093117e-05
761.9485400100001	0.35860296840139494	-1.8218352736423804e-05
763.1579821370001	0.35864984272038125	-1.8192609861578113e-05
764.3674242640001	0.3586965169584696	-1.8167640701838295e-05
765.5768663910001	0.3587429919727799	-1.8143428220859792e-05
766.786308518	0.35878926861573934	-1.8119954900253088e-05
767.995750645	0.3588353477351216	-1.8097202759859154e-05
769.205192772	0.358881230174124	-1.8075153393470877e-05
770.414634899	0.3589269167713779	-1.8053788008787208e-05
771.624077026	0.35897240836103816	-1.803308744857679e-05
772.833519153	0.35901770577279757	-1.801303223326889e-05
774.0429612800001	0.35906280983194994	-1.7993602593052715e-05
775.2524034070001	0.3591077213594438	-1.797477850537521e-05
776.4618455340001	0.3591524411719161	-1.7956539723515408e-05
777.6712876610001	0.359196970081749	-1.7938865816857774e-05
778.880729788	0.3592413088971136	-1.7921736208334482e-05
780.090171915	0.3592854584220156	-1.7905130203249575e-05
781.299614042	0.35932941945634395	-1.788902703303563e-05
782.509056169	0.3593731927959114	-1.7873405879012538e-05
783.718498296	0.3594167792325049	-1.7858245920931992e-05
784.9279404230001	0.3594601795539258	-1.784352635950115e-05
786.1373825500001	0.3595033945440334	-1.7829226456184122e-05
787.3468246770001	0.3595464249827861	-1.7815325559680795e-05
788.5562668040001	0.3595892716462866	-1.780180314588098e-05
789.7657089310001	0.3596319353068135	-1.7788638850962935e-05
790.975151058	0.3596744167328716	-1.7775812488324272e-05
792.184593185	0.3597167166892298	-1.7763304091422683e-05
793.394035312	0.359758835936956	-1.7751093937687368e-05
794.603477439	0.3598007752334432	-1.7739162573762735e-05
795.812919566	0.3598425353324606	-1.7727490845054206e-05
797.0223616930001	0.3598841169841813	-1.7716059924760552e-05
798.2318038200001	0.359925520935219	-1.7704851325572868e-05
799.4412459470001	0.3599667479286613	-1.769384693536824e-05
800.6506880740001	0.3600077987040895	-1.7683029032558584e-05
801.8601302010001	0.3600486739976297	-1.76723803080453e-05
803.069572328	0.36008937454195855	-1.7661883885480845e-05
804.279014455	0.36012990106635506	-1.765152333604858e-05
805.488456582	0.36017025429670424	-1.764128269179932e-05
806.697898709	0.3602104349555382	-1.763114647317099e-05
807.907340836	0.3602504437620619	-1.7621099690806608e-05
809.1167829630001	0.36029028143216635	-1.761112786742569e-05
810.3262250900001	0.36032994867846	-1.7601217042098605e-05
811.5356672170001	0.36036944621028844	-1.7591353779961016e-05
812.7451093440001	0.36040877473375327	-1.7581525184939828e-05
813.9545514710001	0.36044793495173544	-1.7571718906261857e-05
815.163993598	0.360486927563907	-1.7561923145559266e-05
816.373435725	0.36052575326676495	-1.7552126660602685e-05
817.582877852	0.36056441275362744	-1.7542318764288134e-05
818.792319979	0.3606029067146688	-1.7532489340679747e-05
820.001762106	0.36064123583692115	-1.75226288276209e-05
821.2112042330001	0.36067940080430366	-1.7512728230875685e-05
822.4206463600001	0.36071740229762417	-1.7502779125072587e-05
823.6300884870001	0.3607552409946006	-1.7492773635024994e-05
824.8395306140001	0.3607929175698683	-1.74827044525927e-05
826.0489727410001	0.3608304326949918	-1.7472564821791048e-05
827.258414868	0.3608677870384891	-1.7462348533392458e-05
828.467856995	0.3609049812658365	-1.7452049921623525e-05
829.677299122	0.36094201603946624	-1.744166386041801e-05
830.886741249	0.36097889201880307	-1.743118574870639e-05
832.0961833760001	0.3610156098602524	-1.7420611506682726e-05
833.3056255030001	0.3610521702172235	-1.740993756274567e-05
834.5150676300001	0.3610885737401382	-1.7399160848211026e-05
835.7245097570001	0.36112482107643595	-1.7388278785099298e-05
836.9339518840001	0.36116091287058494	-1.7377289271050533e-05
838.143394011	0.3611968497640987	-1.736619066930456e-05
839.352836138	0.3612326323955366	-1.7354981798944902e-05
840.562278265	0.36126826140052204	-1.7343661918495235e-05
841.771720392	0.36130373741174615	-1.733223071226364e-05
842.981162519	0.36133906105898084	-1.7320688280836327e-05
844.1906046460001	0.3613742329690921	-1.7309035116888638e-05
845.4000467730001	0.36140925376604355	-1.7297272101798877e-05
846.6094889000001	0.36144412407090365	-1.7285400485511637e-05
847.8189310270001	0.3614788445018746	-1.727342187091141e-05
849.0283731540001	0.3615134156742845	-1.7261338197765985e-05
850.237815281	0.36154783820060643	-1.7249151733678136e-05
851.447257408	0.36158211269047125	-1.7236865050493377e-05
852.656699535	0.3616162397506796	-1.7224481015376547e-05
853.866141662	0.3616502199852029	-1.7212002772645785e-05
855.075583789	0.36168405399521586	-1.719943372889554e-05
856.2850259160001	0.3617177423790915	-1.718677753913267e-05
857.4944680430001	0.36175128573242454	-1.717403808533524e-05
858.7039101700001	0.36178468464803226	-1.716121947745175e-05
859.9133522970001	0.36181793971599274	-1.7148326019747473e-05
861.1227944240001	0.36185105152363267	-1.7135362212497562e-05
862.332236551	0.3618840206555533	-1.7122332731434042e-05
863.541678678	0.36191684769364857	-1.7109242410717762e-05
864.751120805	0.3619495332171162	-1.709609624317432e-05
865.960562932	0.3619820778024732	-1.708289935130336e-05
867.170005059	0.3620144820235712	-1.7069656993204396e-05
868.3794471860001	0.3620467464516143	-1.7056374534904495e-05
869.5888893130001	0.36207887165517827	-1.7043057445723098e-05
870.7983314400001	0.3621108582002186	-1.7029711293983785e-05
872.0077735670001	0.36214270665009807	-1.701634173235933e-05
873.2172156940001	0.36217441756560365	-1.7002954486020072e-05
874.426657821	0.36220599150495036	-1.6989555346597074e-05
875.636099948	0.36223742902381767	-1.69761501701976e-05
876.845542075	0.3622687306753607	-1.696274485879501e-05
878.054984202	0.36229989701022347	-1.694934536210224e-05
879.2644263290001	0.3623309285765609	-1.6935957671965207e-05
880.4738684560001	0.3623618259200665	-1.6922587809886647e-05
881.6833105830001	0.3623925895839824	-1.690924183017639e-05
882.8927527100001	0.36242322010911954	-1.689592581193e-05
884.1021948370001	0.36245371803387816	-1.6882645857072e-05
885.3116369640001	0.36248408389427444	-1.6869408085123938e-05
886.521079091	0.36251431822395885	-1.6856218633870546e-05
887.730521218	0.36254442155421984	-1.6843083657680502e-05
888.939963345	0.36257439441402817	-1.6830009323939854e-05
890.149405472	0.36260423733004965	-1.681700181696555e-05
891.3588475990001	0.362633950826654	-1.6804067330219996e-05
892.5682897260001	0.362663535425953	-1.6791212076608386e-05
893.7777318530001	0.36269299164780977	-1.677844228126224e-05
894.9871739800001	0.3627223200098638	-1.676576418518927e-05
896.1966161070001	0.36275152102755076	-1.6753184056819692e-05
897.406058234	0.3627805952141289	-1.674070817467288e-05
898.615500361	0.362809543080688	-1.672834284696667e-05
899.824942488	0.3628383651361795	-1.6716094404040094e-05
901.034384615	0.3628670618874365	-1.670396920910866e-05
902.243826742	0.3628956338391791	-1.6691973656474124e-05
903.4532688690001	0.36292408149406014	-1.668011417005344e-05
904.6627109960001	0.3629524053526546	-1.6668397218227993e-05
905.8721531230001	0.36298060591349696	-1.6656829306488374e-05
907.0815952500001	0.3630086836730903	-1.6645416984067962e-05
908.2910373770001	0.36303663912592476	-1.6634166838946918e-05
909.500479504	0.36306447276449494	-1.662308551281244e-05
910.709921631	0.3630921850793032	-1.6612179689928785e-05
911.919363758	0.36311977655888905	-1.6601456104853307e-05
913.128805885	0.36314724768981355	-1.6590921534831438e-05
914.338248012	0.36317459895669457	-1.6580582805514332e-05
915.5476901390001	0.36320183084219615	-1.6570446780245218e-05
916.7571322660001	0.3632289438270471	-1.656052036660971e-05
917.9665743930001	0.36325593839002246	-1.6550810497006907e-05
919.1760165200001	0.3632828150079596	-1.6541324131952306e-05
920.3854586470001	0.3633095741557498	-1.6532068251723375e-05
921.594900774	0.3633362163063291	-1.652304983817965e-05
922.804342901	0.36336274193066576	-1.6514275866186257e-05
924.013785028	0.36338915149775547	-1.6505753290041447e-05
925.223227155	0.3634154454746032	-1.6497489028988177e-05
926.432669282	0.36344162432618987	-1.648948994600885e-05
927.6421114090001	0.3634676885154744	-1.648176282278979e-05
928.8515535360001	0.3634936385033445	-1.647431434725899e-05
930.0609956630001	0.3635194747485954	-1.646715108383212e-05
931.2704377900001	0.3635451977079055	-1.6460279449875825e-05
932.4798799170001	0.363570807835783	-1.6453705677266228e-05
933.689322044	0.36359630558454403	-1.6447435801009158e-05
934.898764171	0.36362169140426204	-1.6441475611389533e-05
936.108206298	0.36364696574273014	-1.6435830631683634e-05
937.317648425	0.3636721290454199	-1.643050607910701e-05
938.5270905520001	0.36369718175542165	-1.6425506839529147e-05
939.7365326790001	0.3637221243134196	-1.6420837420566547e-05
940.9459748060001	0.36374695715762717	-1.6416501925492488e-05
942.1554169330001	0.363771680723751	-1.641250401615557e-05
943.3648590600001	0.36379629544494474	-1.6408846878424033e-05
944.5743011870001	0.36382080175176545	-1.640553319195992e-05
945.783743314	0.3638452000721294	-1.6402565092360488e-05
946.993185441	0.36386949083127773	-1.6399944147205137e-05
948.202627568	0.36389367445174187	-1.6397671320389495e-05
949.412069695	0.3639177513533068	-1.639574694750623e-05
950.6215118220001	0.36394172195299435	-1.639417071355731e-05
951.8309539490001	0.36396558666503154	-1.6392941628001756e-05
953.0403960760001	0.3639893459008352	-1.6392058007047572e-05
954.2498382030001	0.3640130000690109	-1.6391517456443294e-05
955.4592803300001	0.3640365495753408	-1.639131686226314e-05
956.6687224570001	0.3640599948227836	-1.6391452375724702e-05
957.878164584	0.3640833362114926	-1.6391919418573542e-05
959.087606711	0.3641065741388225	-1.6392712669677234e-05
960.297048838	0.36412970899936387	-1.6393826077321094e-05
961.506490965	0.36415274118495955	-1.63952528615674e-05
962.7159330920001	0.3641756710847486	-1.6396985522776353e-05
963.9253752190001	0.36419849908521235	-1.639901586988901e-05
965.1348173460001	0.3642212255702253	-1.640133501978891e-05
966.3442594730001	0.3642438509211065	-1.640393343224633e-05
967.5537016000001	0.36426637551669067	-1.6406800936508148e-05
968.763143727	0.36428879973338907	-1.6409926758165216e-05
969.972585854	0.3643111239452737	-1.6413299552819893e-05
971.182027981	0.3643333485241529	-1.6416907444527506e-05
972.391470108	0.36435547383965355	-1.6420738061379003e-05
973.600912235	0.36437750025931315	-1.642477858593283e-05
974.8103543620001	0.36439942814866844	-1.6429015786550982e-05
976.0197964890001	0.3644212578713467	-1.6433436073104435e-05
977.2292386160001	0.36444298978916256	-1.6438025541243295e-05
978.4386807430001	0.36446462426222004	-1.6442770019386987e-05
979.6481228700001	0.3644861616489984	-1.6447655120210847e-05
980.857564997	0.3645076023064616	-1.6452666289551443e-05
982.067007124	0.3645289465901448	-1.645778885772664e-05
983.276449251	0.36455019485425566	-1.6463008081724073e-05
984.485891378	0.36457134745175934	-1.6468309205180942e-05
985.6953335050001	0.364592404734477	-1.647367749180173e-05
986.9047756320001	0.36461336705316333	-1.6479098284921667e-05
988.1142177590001	0.36463423475759416	-1.6484557043366932e-05
989.3236598860001	0.3646550081966441	-1.6490039389333022e-05
990.5331020130001	0.36467568771835757	-1.649553114152491e-05
991.7425441400001	0.3646962736700189	-1.6501018361703146e-05
992.951986267	0.36471676639822054	-1.650648738599214e-05
994.161428394	0.3647371662489032	-1.6511924862350202e-05
995.370870521	0.3647574735674287	-1.6517317771302942e-05
996.580312648	0.36477768869860816	-1.6522653466299886e-05
997.7897547750001	0.36479781198674865	-1.6527919693781756e-05
998.9991969020001	0.3648178437756916	-1.653310461319224e-05
1000.2086390290001	0.36483778440882364	-1.653819681823876e-05
1001.4180811560001	0.36485763422910317	-1.6543185356543422e-05
1002.6275232830001	0.36487739357908233	-1.6548059746324117e-05
1003.8369654100001	0.3648970628009054	-1.6552809980391325e-05
1005.046407537	0.3649166422363185	-1.655742654629866e-05
1006.255849664	0.364936132226666	-1.6561900426925735e-05
1007.465291791	0.3649555331128692	-1.6566223110442424e-05
1008.674733918	0.36497484523543544	-1.6570386597747344e-05
1009.8841760450001	0.3649940689344315	-1.657438339702777e-05
1011.0936181720001	0.36501320454945524	-1.6578206533779394e-05
1012.3030602990001	0.36503225241961873	-1.658184954375641e-05
1013.5125024260001	0.3650512128835207	-1.6585306479494077e-05
1014.7219445530001	0.36507008627920956	-1.65885719057568e-05
1015.9313866800001	0.3650888729441587	-1.659164089456988e-05
1017.140828807	0.36510757321522436	-1.659450902682935e-05
1018.350270934	0.36512618742860736	-1.6597172380727887e-05
1019.559713061	0.365144715919818	-1.659962753786104e-05
1020.769155188	0.36516315902363977	-1.6601871579091654e-05
1021.9785973150001	0.3651815170740796	-1.660390206900675e-05
1023.1880394420001	0.3651997904043412	-1.660571706077474e-05
1024.397481569	0.3652179793467729	-1.660731508884572e-05
1025.606923696	0.36523608423283915	-1.660869517039476e-05
1026.816365823	0.3652541053930743	-1.660985679108329e-05
1028.0258079500002	0.36527204315704953	-1.6610799907723628e-05
1029.235250077	0.3652898978533391	-1.6611524937759636e-05
1030.4446922040001	0.36530766980948715	-1.661203276273615e-05
1031.654134331	0.36532535935197297	-1.6612324712200754e-05
1032.8635764580001	0.36534296680617984	-1.6612402576554608e-05
1034.073018585	0.3653604924963772	-1.661226857713194e-05
1035.282460712	0.36537793674567814	-1.6611925378107184e-05
1036.491902839	0.36539529987603847	-1.6611376079556095e-05
1037.701344966	0.36541258220822925	-1.661062420482695e-05
1038.9107870930002	0.3654297840618075	-1.6609673690909377e-05
1040.12022922	0.36544690575512107	-1.660852888660247e-05
1041.3296713470002	0.3654639476052865	-1.660719454180115e-05
1042.539113474	0.3654809099281861	-1.6605675799225006e-05
1043.7485556010001	0.3654977930384532	-1.660397817621062e-05
1044.957997728	0.3655145972494709	-1.6602107559909873e-05
1046.167439855	0.3655313228733821	-1.660007019047005e-05
1047.376881982	0.36554797022107466	-1.6597872647544643e-05
1048.586324109	0.36556453960218677	-1.6595521836637595e-05
1049.795766236	0.3655810313251232	-1.659302496520576e-05
1051.005208363	0.36559744569704766	-1.6590389534471006e-05
1052.2146504900002	0.36561378302389835	-1.658762331263608e-05
1053.424092617	0.36563004361039475	-1.6584734312208305e-05
1054.6335347440001	0.3656462277600493	-1.6581730769654746e-05
1055.842976871	0.36566233577517293	-1.6578621126667192e-05
1057.0524189980001	0.36567836795689257	-1.6575414003239253e-05
1058.261861125	0.3656943246051557	-1.6572118161334304e-05
1059.471303252	0.36571020601874876	-1.656874249522655e-05
1060.680745379	0.36572601249530623	-1.6565295988008044e-05
1061.890187506	0.36574174433131457	-1.6561787690189123e-05
1063.0996296330002	0.36575740182213357	-1.655822669316409e-05
1064.30907176	0.3657729852619983	-1.655462209099179e-05
1065.5185138870002	0.36578849494402643	-1.6550982960605864e-05
1066.727956014	0.3658039311602399	-1.6547318321680216e-05
1067.9373981410001	0.3658192942015519	-1.654363710637541e-05
1069.146840268	0.3658345843577792	-1.6539948137966887e-05
1070.356282395	0.36584980191764715	-1.653626009609499e-05
1071.565724522	0.3658649471687964	-1.6532581481959463e-05
1072.775166649	0.3658800203977667	-1.652892059819666e-05
1073.9846087760002	0.3658950218900192	-1.652528551934762e-05
1075.194050903	0.36590995192991593	-1.6521684057801966e-05
1076.4034930300002	0.3659248108007152	-1.6518123745007385e-05
1077.612935157	0.365939598784584	-1.6514611809792523e-05
1078.8223772840001	0.3659543161625691	-1.6511155152054702e-05
1080.031819411	0.3659689632146076	-1.6507760315476183e-05
1081.2412615380001	0.3659835402194929	-1.6504433483915948e-05
1082.450703665	0.36599804745489883	-1.650118045490312e-05
1083.660145792	0.3660124851973423	-1.649800662104073e-05
1084.869587919	0.36602685372217747	-1.649491696625871e-05
1086.079030046	0.3660411533035852	-1.6491916050132005e-05
1087.2884721730002	0.3660553842145624	-1.6489007999859195e-05
1088.4979143	0.3660695467269081	-1.6486196505655082e-05
1089.7073564270001	0.3660836411112066	-1.6483484817919614e-05
1090.916798554	0.36609766763682394	-1.6480875742380663e-05
1092.1262406810001	0.3661116265718826	-1.6478371644063072e-05
1093.335682808	0.3661255181832598	-1.6475974449814412e-05
1094.545124935	0.36613934273657256	-1.6473685649831538e-05
1095.754567062	0.3661531004961692	-1.6471506312815132e-05
1096.964009189	0.3661667917251217	-1.646943708424886e-05
1098.1734513160002	0.3661804166852134	-1.646747820877037e-05
1099.382893443	0.36619397563693623	-1.646562953649955e-05
1100.5923355700002	0.36620746883948474	-1.6463890537499193e-05
1101.801777697	0.3662208965507489	-1.6462260319316524e-05
1103.0112198240001	0.3662342590273251	-1.646073764399736e-05
1104.220661951	0.36624755652448904	-1.64593209494579e-05
1105.430104078	0.3662607892962224	-1.6458008367664645e-05
1106.639546205	0.3662739575952092	-1.6456797739511364e-05
1107.848988332	0.36628706167283864	-1.645568664324082e-05
1109.058430459	0.36630010177920513	-1.645467241626064e-05
1110.267872586	0.36631307816312664	-1.6453752171241565e-05
1111.4773147130002	0.3663259910721482	-1.6452922827037142e-05
1112.68675684	0.36633884075254963	-1.645218112392155e-05
1113.8961989670001	0.36635162744937577	-1.6451523649374522e-05
1115.105641094	0.3663643514064285	-1.645094686178461e-05
1116.3150832210001	0.36637701286628765	-1.6450447114985112e-05
1117.524525348	0.36638961207034754	-1.645002067243717e-05
1118.733967475	0.366402149258806	-1.644966373343104e-05
1119.943409602	0.3664146246707009	-1.644937245695588e-05
1121.152851729	0.3664270385439231	-1.644914297455058e-05
1122.3622938560002	0.36643939111523893	-1.6448971411758828e-05
1123.571735983	0.3664516826203149	-1.6448853910389083e-05
1124.7811781100002	0.3664639132937364	-1.6448786644585045e-05
1125.990620237	0.366476083369021	-1.6448765830068268e-05
1127.2000623640001	0.36648819307865305	-1.644878774714753e-05
1128.409504491	0.3665002426541058	-1.6448848751404732e-05
1129.618946618	0.36651223232585406	-1.6448945289931904e-05
1130.828388745	0.3665241623234034	-1.6449073905661082e-05
1132.037830872	0.36653603287531056	-1.6449231256376873e-05
1133.2472729990002	0.3665478442092021	-1.6449414120489614e-05
1134.456715126	0.36655959655180137	-1.6449619403308136e-05
1135.6661572530002	0.36657129012894657	-1.6449844150889792e-05
1136.87559938	0.366582925165608	-1.6450085547958793e-05
1138.0850415070001	0.3665945018859077	-1.6450340929813345e-05
1139.294483634	0.3666060205131417	-1.645060778140972e-05
1140.5039257610001	0.36661748126979543	-1.645088374491177e-05
1141.713367888	0.36662888437756225	-1.6451166615555346e-05
1142.922810015	0.3666402300573547	-1.6451454352001127e-05
1144.132252142	0.3666515185293261	-1.6451745069423485e-05
1145.341694269	0.36666275001287735	-1.6452037040176615e-05
1146.5511363960002	0.3666739247266873	-1.645232869315616e-05
1147.760578523	0.36668504288869436	-1.6452618615936387e-05
1148.9700206500002	0.3666961047161354	-1.6452905544334095e-05
1150.179462777	0.36670711042554455	-1.645318836693277e-05
1151.3889049040001	0.3667180602327702	-1.645346611675591e-05
1152.598347031	0.3667289543529644	-1.6453737969185367e-05
1153.807789158	0.3667397930006159	-1.6454003236743286e-05
1155.017231285	0.366750576389537	-1.6454261365594913e-05
1156.226673412	0.3667613047328856	-1.6454511930191762e-05
1157.4361155390002	0.36677197824315233	-1.645475461964363e-05
1158.645557666	0.3667825971321821	-1.6454989246100782e-05
1159.8549997930002	0.3667931616111728	-1.645521572993247e-05
1161.06444192	0.3668036718906744	-1.645543409595218e-05
1162.2738840470001	0.36681412818058845	-1.6455644465812602e-05
1163.483326174	0.3668245306901794	-1.6455847053786776e-05
1164.6927683010001	0.36683487962807215	-1.6456042157358963e-05
1165.902210428	0.3668451752022535	-1.6456230157807505e-05
1167.111652555	0.3668554176200722	-1.645641150055388e-05
1168.321094682	0.366865607088235	-1.6456586709429066e-05
1169.530536809	0.3668757438128178	-1.6456756360083702e-05
1170.7399789360002	0.366885827999252	-1.6456921082624865e-05
1171.949421063	0.3668958598523291	-1.6457081561088716e-05
1173.1588631900001	0.3669058395762089	-1.6457238517952888e-05
1174.368305317	0.3669157673744018	-1.6457392716606734e-05
1175.5777474440001	0.36692564344978545	-1.6457544946141267e-05
1176.787189571	0.3669354680045851	-1.6457696026178636e-05
1177.996631698	0.3669452412403834	-1.6457846799100562e-05
1179.206073825	0.3669549633581183	-1.645799812022286e-05
1180.415515952	0.3669646345580828	-1.6458150863457588e-05
1181.6249580790002	0.36697425503991626	-1.6458305899885728e-05
1182.834400206	0.36698382500261084	-1.6458464109192494e-05
1184.0438423330002	0.3669933446445056	-1.6458626374060703e-05
1185.25328446	0.36700281416328484	-1.645879356632074e-05
1186.4627265870001	0.3670122337559842	-1.645896654933754e-05
1187.672168714	0.36702160361897396	-1.6459146181202478e-05
1188.881610841	0.3670309239479749	-1.645933329760818e-05
1190.091052968	0.3670401949380484	-1.6459528721396444e-05
1191.300495095	0.36704941678359193	-1.6459733255924647e-05
1192.5099372220002	0.36705858967834587	-1.645994767826564e-05
1193.719379349	0.3670677138153863	-1.6460172741927792e-05
1194.9288214760002	0.3670767893871262	-1.6460409172774915e-05
1196.138263603	0.36708581658531836	-1.646065766783278e-05
1197.3477057300001	0.3670947956010493	-1.646091889309642e-05
1198.557147857	0.3671037266247359	-1.64611934818093e-05
1199.7665899840001	0.36711260984613997	-1.6461482031077113e-05
1200.976032111	0.3671214454543392	-1.646178510550378e-05
1202.185474238	0.36713023363775205	-1.646210323172359e-05
1203.394916365	0.3671389745841269	-1.646243690461846e-05
1204.604358492	0.36714766848053965	-1.6462786568499643e-05
1205.8138006190002	0.3671563155133921	-1.6463152645224133e-05
1207.023242746	0.36716491586842004	-1.6463535505439886e-05
1208.2326848730002	0.36717346973067566	-1.6463935487126546e-05
1209.442127	0.36718197728453217	-1.6464352883105438e-05
