0.0	0.0	0.0
1.209442127	1.220525582271701e-07	6.939428851366868e-09
2.418884254	5.625512910239246e-07	6.183962853396063e-09
3.6283263810000004	1.5297687270921444e-06	5.5317668928840295e-09
4.837768508	3.3704363764657476e-06	4.975572597557882e-09
6.047210635000001	6.560687281772284e-06	4.533163867940937e-09
7.256652762000001	1.1697123846055434e-05	4.21963914525565e-09
8.466094889	1.9485616673990387e-05	3.992577295935473e-09
9.675537016	3.072796612488446e-05	3.8965010617071855e-09
10.884979143	4.630726497935259e-05	3.932932621366963e-09
12.094421270000002	6.717170434842061e-05	4.071974856666117e-09
13.303863397	9.431737160991919e-05	4.304461735915024e-09
14.513305524000002	0.00012877047990496893	4.636791103499035e-09
15.722747651	0.0001715692098634992	5.064236170985916e-09
16.932189778	0.00022374554986756486	5.616252156615204e-09
18.141631905	0.0002863074632482291	6.307059542681867e-09
19.351074032	0.0003602224010275973	7.228688368211573e-09
20.560516159000002	0.0004464026506632949	7.966604080361563e-09
21.769958286	0.0005456880753397848	8.012849553632687e-09
22.979400413	0.0006588330456630266	7.364225871625974e-09
24.188842540000003	0.0007864960876890942	5.911780925679298e-09
25.398284667000002	0.0009292301560762435	3.450517451936987e-09
26.607726794	0.0010874750004317083	-3.899763668187197e-10
27.817168921	0.0012615516506954635	-6.1596481432021335e-09
29.026611048000003	0.0014516590576597044	-1.4575896708905224e-08
30.236053175000002	0.001657872925385425	-2.64719742366058e-08
31.445495302	0.0018801466742812164	-4.275022779377216e-08
32.654937429	0.002118314421134581	-6.436499938759842e-08
33.864379556	0.002372095845969943	-9.232940834733169e-08
35.073821683000006	0.0026411028049460336	-1.277339059055512e-07
36.28326381	0.002924847517578475	-1.7177011219545856e-07
37.492705937000004	0.0032227520979272685	-2.257591784426776e-07
38.702148064	0.003534159165201174	-2.91197433520136e-07
39.911590191	0.00385834332031314	-3.6980257650542653e-07
41.121032318000005	0.00419452336303844	-4.6330974251584164e-07
42.330474445	0.00454187496426057	-5.728666884185227e-07
43.539916572	0.004899543553264262	-6.988960035633762e-07
44.749358699000005	0.005266657497979235	-8.416065656136149e-07
45.958800826	0.005642341226575077	-1.0013564308419126e-06
47.168242953000004	0.0060257278327359555	-1.178800927168237e-06
48.377685080000006	0.006415970955165455	-1.3750091129131892e-06
49.587127207	0.00681225578849427	-1.5915587089861995e-06
50.796569334000004	0.007213809052631255	-1.8305169336607814e-06
52.00601146100001	0.007619907742000106	-2.0942284427128907e-06
53.215453588	0.00802988657523445	-2.3849009481275406e-06
54.424895715000005	0.00844314420364304	-2.704054131292405e-06
55.634337842	0.008859148281356255	-3.051945160308968e-06
56.843779969	0.009277439429188029	-3.4270978481040423e-06
58.053222096000006	0.00969763402224497	-3.826082085345642e-06
59.262664223	0.010119425705871366	-4.2437639501528325e-06
60.472106350000004	0.010542585625176609	-4.674177499949285e-06
61.68154847700001	0.010966961254769852	-5.111449335154505e-06
62.890990604	0.011392473221425593	-5.549768081623135e-06
64.100432731	0.011819109958068248	-5.98280086841485e-06
65.309874858	0.012246921798084766	-6.403517210539465e-06
66.519316985	0.012676015829525747	-6.804184530341539e-06
67.728759112	0.013106550873341716	-7.176249874251729e-06
68.93820123900001	0.013538731703424404	-7.510298654955436e-06
70.14764336600001	0.013972802432034335	-7.796220493286841e-06
71.357085493	0.01440903938169955	-8.023545466918393e-06
72.56652762	0.014847743747588519	-8.181891383726714e-06
73.775969747	0.015289234119149706	-8.261566440503736e-06
74.98541187400001	0.015733838694116743	-8.254439286514356e-06
76.19485400100001	0.016181887078326265	-8.155039372618154e-06
77.404296128	0.016633701653921397	-7.961719563616063e-06
78.613738255	0.017089588433823532	-7.677775208160889e-06
79.823180382	0.017549827503185164	-7.312489335071365e-06
81.032622509	0.018014663771499222	-6.881927302118153e-06
82.24206463600001	0.018484299144465314	-6.408704775115286e-06
83.45150676300001	0.018958886544720492	-5.919809969275741e-06
84.66094889	0.019438525824439633	-5.443006334670576e-06
85.870391017	0.019923262319288843	-5.003291612131963e-06
87.079833144	0.02041308851683335	-4.620212903564021e-06
88.28927527100001	0.02090794814135906	-4.30624196655436e-06
89.49871739800001	0.021407741359774805	-4.066254008691303e-06
90.708159525	0.021912329924722397	-3.8980199732188345e-06
91.917601652	0.022421541499929167	-3.79349578935248e-06
93.127043779	0.02293517290043687	-3.740616334227051e-06
94.33648590600001	0.02345299239526604	-3.7252651111825685e-06
95.54592803300001	0.023974741484248788	-3.733102922098483e-06
96.75537016000001	0.024500136624914837	-3.751040111609101e-06
97.964812287	0.025028871248920958	-3.768339747004315e-06
99.174254414	0.02556061814141553	-3.7775695757762476e-06
100.383696541	0.026095032016908805	-3.7756834385281254e-06
101.59313866800001	0.026631752146785738	-3.765151594606851e-06
102.80258079500001	0.02717040531053482	-3.754301663066832e-06
104.01202292200001	0.0277106097495008	-3.755675633394101e-06
105.221465049	0.028251980339710152	-3.782282153187884e-06
106.430907176	0.02879413399450447	-3.8434830339981185e-06
107.64034930300001	0.029336693970761784	-3.942700031477932e-06
108.84979143000001	0.029879292885183956	-4.077660381795155e-06
110.05923355700001	0.030421575326350182	-4.242331567847618e-06
111.268675684	0.03096320084980949	-4.429290054648073e-06
112.478117811	0.03150384743864687	-4.631689316902769e-06
113.687559938	0.03204321507102878	-4.844505925980305e-06
114.89700206500001	0.03258102901021022	-5.065058575750431e-06
116.10644419200001	0.03311704257718566	-5.292952340685102e-06
117.31588631900001	0.03365103930542109	-5.529661473935299e-06
118.525328446	0.0341828344665716	-5.77795282631112e-06
119.734770573	0.034712276003304225	-6.0412958730275e-06
120.94421270000001	0.03523924492479142	-6.323339275268389e-06
122.15365482700001	0.03576365522372103	-6.627483597892135e-06
123.36309695400001	0.03628545337047743	-6.956553684179037e-06
124.572539081	0.03680461743907822	-7.312567058448578e-06
125.781981208	0.03732115592456981	-7.696596568226854e-06
126.99142333500001	0.03783510631901137	-8.108729353056843e-06
128.200865462	0.03834653351343803	-8.548125276673733e-06
129.410307589	0.038855528078990294	-9.013170516718357e-06
130.619749716	0.03936220445335653	-9.501703813614894e-06
131.82919184300002	0.03986669902968075	-1.0011272260925484e-05
133.03863397	0.0403691681277379	-1.0539364551223358e-05
134.24807609700002	0.04086978582877339	-1.1083579090697977e-05
135.457518224	0.04136874167456668	-1.1641706414372479e-05
136.666960351	0.04186623826111091	-1.2211728551473743e-05
137.87640247800002	0.042362488788103725	-1.2791755540651588e-05
139.085844605	0.0428577146432928	-1.3379929929507525e-05
140.29528673200002	0.04335214309213029	-1.397433346930722e-05
141.504728859	0.0438460051087876	-1.457292469558098e-05
142.714170986	0.044339533345012797	-1.5173522256408528e-05
143.92361311300002	0.04483296021265573	-1.5773832190545817e-05
145.13305524	0.04532651606036173	-1.6371505066708775e-05
146.34249736700002	0.045820427442657095	-1.6964204723241352e-05
147.551939494	0.046314915495260345	-1.754967305808968e-05
148.761381621	0.046810194437109286	-1.8125781385491813e-05
149.97082374800002	0.047306470218373045	-1.869056505850175e-05
151.180265875	0.04780393932831437	-1.924224265165489e-05
152.38970800200002	0.04830278777037629	-1.9779223569612193e-05
153.599150129	0.048803190205881676	-2.0300108733485762e-05
154.808592256	0.04930530926305428	-2.080368843293155e-05
156.018034383	0.049809295004815346	-2.1288940116754793e-05
157.22747651	0.05031528454696198	-2.1755027385242983e-05
158.43691863700002	0.050823401817400485	-2.2201300190904157e-05
159.646360764	0.05133375744669376	-2.2627295498264203e-05
160.85580289100002	0.051846448779916364	-2.3032737457276756e-05
162.065245018	0.0523615599996277	-2.341753637625111e-05
163.274687145	0.05287916234967879	-2.3781786242678665e-05
164.48412927200002	0.053399314449588356	-2.4125761084355102e-05
165.693571399	0.053922062689471535	-2.444991107674807e-05
166.90301352600002	0.05444744169620918	-2.4754859984526395e-05
168.112455653	0.05497547486295713	-2.5041405947466566e-05
169.32189778	0.05550617493619748	-2.531052692246287e-05
170.53133990700002	0.056039544656226604	-2.5563388991653706e-05
171.740782034	0.05657557744561548	-2.5801349462287442e-05
172.95022416100002	0.05711425813245677	-2.6025939550025287e-05
174.159666288	0.05765556368166727	-2.623881047238933e-05
175.369108415	0.05819946389784138	-2.6441639974355505e-05
176.57855054200002	0.05874592207191104	-2.6636020650909822e-05
177.787992669	0.059294895572729614	-2.682336736828687e-05
178.99743479600002	0.059846336410976066	-2.7004870678767542e-05
180.206876923	0.06040019180169447	-2.7181494720904253e-05
181.41631905	0.06095640472714683	-2.73539982322212e-05
182.62576117700002	0.06151491447876928	-2.752295875793967e-05
183.835203304	0.0620756571522494	-2.7688792984039215e-05
185.04464543100002	0.06263856608063813	-2.785177584015185e-05
186.254087558	0.06320357220792167	-2.8012062187298282e-05
187.46352968500003	0.0637706044218608	-2.816971040520838e-05
188.67297181200001	0.06433958987354069	-2.832470235947064e-05
189.882413939	0.06491045430662236	-2.8476953419597113e-05
191.09185606600002	0.0654831224028412	-2.8626310121202068e-05
192.301298193	0.06605751813129448	-2.8772538753620968e-05
193.51074032000002	0.06663356507875531	-2.8915311663779003e-05
194.720182447	0.06721118674058266	-2.905419769932277e-05
195.929624574	0.06779030676200534	-2.9188660377524236e-05
197.13906670100002	0.06837084913013285	-2.9318064269769377e-05
198.348508828	0.06895273832367743	-2.9441688163224814e-05
199.55795095500002	0.06953589942958993	-2.9558742899571562e-05
200.767393082	0.07012025823535341	-2.9668391967678856e-05
201.976835209	0.07070574130412158	-2.976977338934911e-05
203.18627733600002	0.07129227603824256	-2.9862021887828646e-05
204.395719463	0.07187979073534594	-2.994429068152926e-05
205.60516159000002	0.07246821464003297	-3.0015772444115822e-05
206.814603717	0.07305747799329479	-3.0075719123878134e-05
208.02404584400003	0.07364751208100613	-3.0123460402256205e-05
209.23348797100002	0.07423824928217554	-3.0158420674027478e-05
210.442930098	0.07482962311714562	-3.018013448935768e-05
211.65237222500002	0.07542156829558669	-3.0188260446309487e-05
212.861814352	0.0760140207640027	-3.0182593536115347e-05
214.07125647900003	0.07660691775244308	-3.0163075900643344e-05
215.28069860600002	0.07720019782022408	-3.0129805911267567e-05
216.490140733	0.07779380090060542	-3.008304542445172e-05
217.69958286000002	0.0783876683444869	-3.0023225004801148e-05
218.909024987	0.07898174296329091	-2.995094688312708e-05
220.11846711400003	0.0795759690712205	-2.986698539274226e-05
221.32790924100001	0.08017029252709866	-2.977228465594439e-05
222.537351368	0.0807646607759297	-2.9667953332557792e-05
223.74679349500002	0.08135902289030217	-2.9555256335324017e-05
224.956235622	0.08195332961162917	-2.9435603537440313e-05
226.16567774900003	0.08254753339114287	-2.9310535628014275e-05
227.375119876	0.08314158843038204	-2.9181707412533693e-05
228.584562003	0.08373545072079551	-2.905086897178994e-05
229.79400413000002	0.08432907808189462	-2.8919845159613913e-05
231.003446257	0.08492243019731173	-2.8790513983274616e-05
232.21288838400002	0.08551546864802761	-2.866478440757295e-05
233.422330511	0.0861081569420436	-2.854457409355422e-05
234.63177263800003	0.08670046053981036	-2.8431787569219245e-05
235.84121476500002	0.08729234687481437	-2.8328295244797513e-05
237.050656892	0.08788378536881425	-2.8235913654104294e-05
238.26009901900002	0.08847474744133985	-2.815638722589186e-05
239.469541146	0.08906520651314626	-2.8091371825851195e-05
240.67898327300003	0.0896551380034327	-2.8042420246158118e-05
241.88842540000002	0.09024451932069624	-2.8010969747964626e-05
243.097867527	0.09083332984718187	-2.7998331682113197e-05
244.30730965400002	0.09142155091694762	-2.800568315232193e-05
245.516751781	0.0920091657876154	-2.8034060623911405e-05
246.72619390800003	0.09259615960595755	-2.8084355321364614e-05
247.93563603500002	0.09318251936748029	-2.815731023201825e-05
249.145078162	0.09376823387023643	-2.8253518520453573e-05
250.35452028900002	0.09435329366312246	-2.8373423151778097e-05
251.563962416	0.09493769098896067	-2.851731754933539e-05
252.77340454300003	0.09552141972268335	-2.86853471148298e-05
253.98284667000001	0.0961044753049755	-2.88775114835342e-05
255.192288797	0.09668685467175972	-2.909366739397689e-05
256.401730924	0.09726855617993327	-2.9333532090238066e-05
257.61117305100004	0.09784957952978518	-2.9596687169891524e-05
258.820615178	0.09842992568456096	-2.988258283666105e-05
260.030057305	0.09900959678764525	-3.019054250492535e-05
261.239499432	0.09958859607788359	-3.051976775166618e-05
262.448941559	0.10016692780355894	-3.0869343600711027e-05
263.65838368600004	0.10074459713558019	-3.1238244168603144e-05
264.867825813	0.10132161008044618	-3.1625338706671186e-05
266.07726794	0.10189797339356314	-3.202939807286096e-05
267.286710067	0.10247369449350034	-3.2449101707173e-05
268.49615219400005	0.10304878137774141	-3.2883045133718855e-05
269.70559432100004	0.10362324254048746	-3.3329748041861004e-05
270.915036448	0.10419708689299445	-3.3787662947001515e-05
272.124478575	0.10477032368689639	-3.4255184430375014e-05
273.333920702	0.10534296244087593	-3.4730658908820045e-05
274.54336282900005	0.10591501287098981	-3.521239488279851e-05
275.75280495600003	0.10648648482487023	-3.5698673553285435e-05
276.962247083	0.10705738821997562	-3.6187759726686534e-05
278.17168921	0.10762773298600115	-3.667791286222433e-05
279.381131337	0.10819752901151528	-3.716739814464557e-05
280.59057346400004	0.10876678609485872	-3.765449744619386e-05
281.80001559100003	0.10933551389931459	-3.813752004475524e-05
283.009457718	0.10990372191250652	-3.861481295912208e-05
284.218899845	0.11047141940998773	-3.908477079475874e-05
285.428341972	0.11103861542291318	-3.954584497810679e-05
286.63778409900004	0.11160531870969922	-3.99965522991535e-05
287.84722622600003	0.11217153773149235	-4.043548267495265e-05
289.056668353	0.11273728063128904	-4.086130609049854e-05
290.26611048	0.11330255521648482	-4.127277867117286e-05
291.475552607	0.11386736894462074	-4.166874787715465e-05
292.68499473400004	0.11443172891209434	-4.20481568181065e-05
293.89443686100003	0.11499564184554355	-4.2410047704955975e-05
295.103878988	0.11555911409566216	-4.275356446377214e-05
296.313321115	0.1161221516331522	-4.3077954558729675e-05
297.522763242	0.11668476004655669	-4.338257006188985e-05
298.73220536900004	0.11724694454169497	-4.366686802605678e-05
299.94164749600003	0.11780870994245474	-4.393041021656923e-05
301.151089623	0.11837006069268535	-4.417286225247199e-05
302.36053175	0.11893100085897673	-4.4393992217115104e-05
303.569973877	0.11949153413409966	-4.4593668784666425e-05
304.77941600400004	0.12005166384092059	-4.477185892393879e-05
305.98885813100003	0.12061139293661864	-4.492862520922344e-05
307.198300258	0.12117072401704745	-4.506412279856823e-05
308.407742385	0.12172965932111998	-4.517859610572109e-05
309.617184512	0.12228820073509505	-4.52723752028799e-05
310.82662663900004	0.12284634979668979	-4.534587198977511e-05
312.036068766	0.12340410769894083	-4.539957614169577e-05
313.245510893	0.12396147529377796	-4.543405087979822e-05
314.45495302	0.12451845309527239	-4.544992856250242e-05
315.664395147	0.12507504128255614	-4.544790612896494e-05
316.87383727400004	0.12563123970241752	-4.5428740402771346e-05
318.083279401	0.12618704787159607	-4.539324327632217e-05
319.292721528	0.12674246497881267	-4.5342276781963967e-05
320.502163655	0.12729748988657877	-4.527674806884159e-05
321.71160578200005	0.1278521211328408	-4.519760429108708e-05
322.92104790900004	0.12840635693253286	-4.510582743484388e-05
324.130490036	0.1289601951790977	-4.500242907593856e-05
325.339932163	0.12951363344606082	-4.48884451052043e-05
326.54937429	0.1300666689887231	-4.4764930426041856e-05
327.75881641700005	0.13061929874606812	-4.4632953643920954e-05
328.96825854400004	0.13117151934294524	-4.4493591769213976e-05
330.177700671	0.1317233270926116	-4.434792494958234e-05
331.387142798	0.13227471799970753	-4.4197031261335694e-05
332.596584925	0.13282568776372988	-4.4041981576077235e-05
333.80602705200005	0.13337623178305721	-4.388383453099703e-05
335.01546917900004	0.13392634515960156	-4.372363162943264e-05
336.224911306	0.1344760227041019	-4.356239249131595e-05
337.434353433	0.13502525894212977	-4.340111029142897e-05
338.64379556	0.13557404812081192	-4.324074740162057e-05
339.85323768700005	0.13612238421630243	-4.3082231267171055e-05
341.06267981400003	0.13667026094200435	-4.292645053972054e-05
342.272121941	0.1372176717575569	-4.277425149694109e-05
343.481564068	0.1377646098785613	-4.2626434764897296e-05
344.691006195	0.13831106828703635	-4.248375236140089e-05
345.90044832200005	0.13885703974258806	-4.2346905085711636e-05
347.10989044900003	0.1394025167942303	-4.221654026626779e-05
348.319332576	0.13994749179284838	-4.2093249870416884e-05
349.528774703	0.1404919569042348	-4.197756900092397e-05
350.73821683	0.1410359041226456	-4.186997477123068e-05
351.94765895700004	0.1415793252848264	-4.177088556654371e-05
353.15710108400003	0.14212221208443748	-4.168066069415617e-05
354.366543211	0.14266455608680986	-4.159960041085799e-05
355.575985338	0.14320634874396518	-4.152794632669016e-05
356.785427465	0.1437475814098279	-4.146588216713196e-05
357.99486959200004	0.14428824535555598	-4.1413534888167305e-05
359.20431171900003	0.144828331784921	-4.1370976122279135e-05
360.413753846	0.14536783184965518	-4.1338223936402546e-05
361.623195973	0.1459067366647174	-4.1315244881106813e-05
362.8326381	0.1464450373233861	-4.1301956309535565e-05
364.04208022700004	0.1469827249121324	-4.1298228936141254e-05
365.25152235400003	0.14751979052520053	-4.130388961570523e-05
366.460964481	0.14805622527884912	-4.131872430416551e-05
367.670406608	0.14859202032518853	-4.134248118514705e-05
368.87984873500005	0.1491271668655782	-4.137487392462044e-05
370.08929086200004	0.14966165616352992	-4.14155850223287e-05
371.29873298900003	0.15019547955708568	-4.146426924736546e-05
372.508175116	0.1507286284706349	-4.152055710526792e-05
373.717617243	0.1512610944261446	-4.158405832825271e-05
374.92705937000005	0.1517928690537736	-4.1654365354340875e-05
376.13650149700004	0.15232394410186484	-4.1731056766129704e-05
377.34594362400003	0.152854311446294	-4.1813700674624144e-05
378.555385751	0.15338396309916655	-4.190185801231788e-05
379.764827878	0.15391289121686835	-4.19950857289738e-05
380.97427000500005	0.15444108810745663	-4.209293985813281e-05
382.18371213200004	0.15496854623741455	-4.2194978444622805e-05
383.393154259	0.15549525823775825	-4.230076431498836e-05
384.602596386	0.15602121690951995	-4.240986767670846e-05
385.812038513	0.15654641522862042	-4.252186853711745e-05
387.02148064000005	0.15707084635013774	-4.263635892804048e-05
388.23092276700004	0.15759450361201016	-4.275294493472949e-05
389.440364894	0.15811738053816451	-4.287124852249413e-05
390.649807021	0.15863947084112334	-4.299090915080295e-05
391.859249148	0.1591607684240867	-4.311158518382173e-05
393.06869127500005	0.1596812673825298	-4.323295508552004e-05
394.27813340200004	0.1602009620053252	-4.335471841577024e-05
395.487575529	0.16071984677542958	-4.3476596615493746e-05
396.697017656	0.16123791637013546	-4.3598333597743774e-05
397.906459783	0.16175516566093662	-4.3719696145611e-05
399.11590191000005	0.16227158971300465	-4.3840474121101605e-05
400.32534403700004	0.1627871837843152	-4.396048050303754e-05
401.534786164	0.16330194332443806	-4.407955125205337e-05
402.744228291	0.16381586397300532	-4.419754502189149e-05
403.953670418	0.16432894155788477	-4.431434272760687e-05
405.16311254500005	0.16484117209307103	-4.442984697119838e-05
406.37255467200004	0.16535255177630892	-4.454398135358799e-05
407.581996799	0.16586307698647265	-4.4656689669232e-05
408.791438926	0.16637274428069743	-4.476793500657328e-05
410.000881053	0.16688155039129887	-4.4877698765013324e-05
411.21032318000005	0.16738949222247607	-4.4985979593317044e-05
412.41976530700003	0.1678965668468217	-4.509279227563577e-05
413.629207434	0.168402771501634	-4.5198166560187283e-05
414.838649561	0.16890810358506222	-4.5302145957092435e-05
416.04809168800006	0.16941256065207894	-4.5404786509243775e-05
417.25753381500004	0.16991614041029518	-4.5506155552151734e-05
418.46697594200003	0.1704188407156334	-4.5606330462381536e-05
419.676418069	0.17092065956785163	-4.5705397416700294e-05
420.885860196	0.1714215951059528	-4.580345016631272e-05
422.09530232300006	0.171921645603463	-4.590058882609355e-05
423.30474445000004	0.17242080946361177	-4.599691870593725e-05
424.51418657700003	0.17291908521440383	-4.6092549168395835e-05
425.723628704	0.17341647150360848	-4.61875925350623e-05
426.933070831	0.17391296709367626	-4.628216304226884e-05
428.14251295800005	0.1744085708565765	-4.6376375840083764e-05
429.35195508500004	0.17490328176859246	-4.647034606201916e-05
430.56139721200003	0.17539709890507219	-4.656418794295181e-05
431.770839339	0.17589002143514737	-4.66580140029791e-05
432.980281466	0.17638204861643444	-4.6751934294413794e-05
434.18972359300005	0.1768731797897362	-4.6846055713464785e-05
435.39916572000004	0.1773634143737501	-4.694048137511911e-05
436.60860784700003	0.17785275185980298	-4.703531005367974e-05
437.818049974	0.17834119180662109	-4.713063568490168e-05
439.027492101	0.17882873383514847	-4.722654693371971e-05
440.23693422800005	0.17931537762343794	-4.732312682102953e-05
441.44637635500004	0.17980112290161546	-4.742045240740955e-05
442.65581848200003	0.18028596944693562	-4.751859453582495e-05
443.865260609	0.18076991707894952	-4.76176176267603e-05
445.074702736	0.18125296565478305	-4.771757952450398e-05
446.28414486300005	0.18173511506455203	-4.7818531390375965e-05
447.49358699000004	0.1822163652269178	-4.792051764406467e-05
448.703029117	0.1826967160847945	-4.8023575940889934e-05
449.912471244	0.1831761676012286	-4.812773719133599e-05
451.121913371	0.18365471975544037	-4.8233025614656186e-05
452.33135549800005	0.1841323725390642	-4.8339458823001835e-05
453.54079762500004	0.18460912595256038	-4.844704793612216e-05
454.750239752	0.1850849800018446	-4.85557977181264e-05
455.959681879	0.18555993469510806	-4.866570674057387e-05
457.169124006	0.18603399003985122	-4.877676756355302e-05
458.37856613300005	0.18650714604012672	-4.8888966931334016e-05
459.58800826000004	0.18697940269400679	-4.900228598733389e-05
460.797450387	0.18745075999125907	-4.9116700495774324e-05
462.006892514	0.18792121791124441	-4.923218107839161e-05
463.216334641	0.18839077642102903	-4.934869345546433e-05
464.42577676800005	0.18885943547372405	-4.946619869787214e-05
465.63521889500004	0.1893271950070251	-4.958465347620032e-05
466.844661022	0.18979405494197402	-4.9704010320233624e-05
468.054103149	0.19026001518192157	-4.982421788056121e-05
469.26354527600006	0.19072507561169694	-4.9945221186053004e-05
470.47298740300005	0.1911892360969695	-5.0066961905593024e-05
471.68242953000004	0.19165249648380864	-5.018937861115541e-05
472.891871657	0.19211485659841646	-5.031240703528596e-05
474.101313784	0.19257631624704596	-5.0435980327997315e-05
475.31075591100006	0.19303687521608465	-5.056002931497043e-05
476.52019803800005	0.19349653327228947	-5.0684482751537155e-05
477.72964016500003	0.19395529016318552	-5.0809267572483885e-05
478.939082292	0.19441314561760079	-5.093430914131919e-05
480.148524419	0.19487009934632343	-5.105953149578055e-05
481.35796654600006	0.1953261510428981	-5.118485758862437e-05
482.56740867300005	0.19578130038452463	-5.131020952927473e-05
483.77685080000003	0.19623554703306006	-5.143550881674119e-05
484.986292927	0.19668889063611736	-5.156067657383426e-05
486.195735054	0.1971413308282491	-5.168563377304716e-05
487.40517718100006	0.19759286723220207	-5.18103014630171e-05
488.61461930800004	0.1980434994602376	-5.19346009850534e-05
489.82406143500003	0.19849322711550982	-5.20584541917439e-05
491.033503562	0.19894204979349017	-5.218178365706816e-05
492.242945689	0.19938996708343068	-5.230451288082416e-05
493.45238781600005	0.19983697856985738	-5.242656648685173e-05
494.66182994300004	0.20028308383408333	-5.2547870422820636e-05
495.87127207000003	0.20072828245574595	-5.2668352143021846e-05
497.080714197	0.20117257401433694	-5.278794079270274e-05
498.290156324	0.2016159580907469	-5.2906567381029446e-05
499.49959845100005	0.20205843426879616	-5.302416494575024e-05
500.70904057800004	0.20250000213675395	-5.31406687189831e-05
501.91848270500003	0.20294066128884541	-5.325601626699275e-05
503.127924832	0.20338041132672996	-5.337014764049755e-05
504.337366959	0.20381925186094993	-5.348300550179e-05
505.54680908600005	0.20425718251235483	-5.359453524823171e-05
506.75625121300004	0.2046942029134805	-5.3704685122460405e-05
507.96569334000003	0.20513031270989404	-5.381340631573431e-05
509.175135467	0.20556551156148542	-5.392065305296137e-05
510.384577594	0.20599979914372582	-5.402638267996279e-05
511.59401972100005	0.20643317514885753	-5.413055572458039e-05
512.803461848	0.20686563928704793	-5.423313595550455e-05
514.0129039750001	0.20729719128748236	-5.433409042378615e-05
515.2223461020001	0.20772783089939031	-5.4433389497586526e-05
516.4317882290001	0.2081575578930303	-5.453100688526322e-05
517.641230356	0.2085863720606026	-5.4626919637347504e-05
518.850672483	0.2090142732171054	-5.472110815226555e-05
520.06011461	0.20944126120112488	-5.481355615735359e-05
521.269556737	0.209867335875572	-5.490425068567853e-05
522.478998864	0.2102924971283483	-5.4993182041142286e-05
523.688440991	0.21071674487294534	-5.5080343750305016e-05
524.897883118	0.21114007904899265	-5.516573251028098e-05
526.1073252450001	0.21156249962272897	-5.52493481208588e-05
527.3167673720001	0.21198400658742844	-5.533119341138287e-05
528.5262094990001	0.21240459996374503	-5.54112741592179e-05
529.735651626	0.2128242798000116	-5.548959899850242e-05
530.945093753	0.21324304617246198	-5.556617932679295e-05
532.15453588	0.21366089918541875	-5.5641029194957586e-05
533.363978007	0.21407783897139432	-5.571416520706515e-05
534.573420134	0.21449386569115428	-5.578560640199376e-05
535.782862261	0.2149089795337207	-5.5855374136819236e-05
536.9923043880001	0.2153231807163187	-5.592349196672716e-05
538.2017465150001	0.21573646948427205	-5.598998552046666e-05
539.4111886420001	0.2161488461108478	-5.605488237418743e-05
540.6206307690001	0.21656031089706054	-5.6118211927455586e-05
541.830072896	0.21697086417141356	-5.618000527157774e-05
543.039515023	0.217380506289612	-5.624029506675829e-05
544.24895715	0.2177892376342228	-5.62991154107427e-05
545.458399277	0.21819705861430302	-5.6356501718469315e-05
546.667841404	0.21860396966498116	-5.641249059365125e-05
547.877283531	0.2190099712470132	-5.6467119709812524e-05
549.0867256580001	0.21941506384629333	-5.652042769374241e-05
550.2961677850001	0.21981924797334562	-5.6572454006486445e-05
551.5056099120001	0.22022252416278348	-5.6623238833829886e-05
552.715052039	0.2206248929727394	-5.667282297717666e-05
553.924494166	0.22102635498427398	-5.6721247749653286e-05
555.133936293	0.22142691080076704	-5.676855488016483e-05
556.34337842	0.22182656104728538	-5.681478641528584e-05
557.552820547	0.22222530636994076	-5.685998462669553e-05
558.762262674	0.222623147435225	-5.690419193265031e-05
559.971704801	0.22302008492934158	-5.694745081186864e-05
561.1811469280001	0.22341611955753163	-5.6989803733076966e-05
562.3905890550001	0.22381125204337893	-5.7031293078241285e-05
563.6000311820001	0.22420548312812613	-5.707196108103302e-05
564.809473309	0.22459881356998004	-5.711184976253322e-05
566.018915436	0.22499124414342359	-5.7151000876477787e-05
567.228357563	0.2253827756385223	-5.718945585405505e-05
568.43779969	0.22577340886024494	-5.722725575899035e-05
569.647241817	0.22616314462777623	-5.726444124163135e-05
570.856683944	0.22655198377385394	-5.7301052497838595e-05
572.066126071	0.22693992714410433	-5.733712923166809e-05
573.2755681980001	0.2273269755963962	-5.737271062416366e-05
574.4850103250001	0.22771313000019852	-5.7407835300594956e-05
575.6944524520001	0.2280983912359632	-5.744254130341658e-05
576.903894579	0.22848276019452093	-5.74768660689777e-05
578.113336706	0.2288662377764883	-5.751084640131382e-05
579.322778833	0.2292488248916981	-5.7544518454053645e-05
580.53222096	0.2296305224586585	-5.7577917713037136e-05
581.741663087	0.23001133140400734	-5.761107897946788e-05
582.951105214	0.2303912526620152	-5.7644036350952554e-05
584.160547341	0.23077028717409828	-5.7676823211273015e-05
585.3699894680001	0.23114843588834755	-5.7709472215786844e-05
586.5794315950001	0.23152569975909457	-5.7742015283506615e-05
587.7888737220001	0.23190207974649465	-5.777448357986367e-05
588.998315849	0.23227757681613576	-5.7806907508776983e-05
590.207757976	0.23265219193866662	-5.783931670445136e-05
591.417200103	0.23302592608946038	-5.787174002132994e-05
592.62664223	0.23339878024829172	-5.790420551816597e-05
593.836084357	0.23377075539904507	-5.79367404598026e-05
595.045526484	0.23414185252945446	-5.796937129879873e-05
596.2549686110001	0.23451207263084745	-5.800212367029767e-05
597.4644107380001	0.23488141669793858	-5.803502237980082e-05
598.6738528650001	0.2352498857286296	-5.806809139774147e-05
599.8832949920001	0.2356174807238375	-5.8101353848066806e-05
601.092737119	0.23598420268735418	-5.813483199597694e-05
602.302179246	0.23635005262571765	-5.816854724009085e-05
603.511621373	0.23671503154811563	-5.82025201034779e-05
604.7210635	0.23707914046629908	-5.823677022011656e-05
605.930505627	0.23744238039453244	-5.8271316327514894e-05
607.139947754	0.23780475234955023	-5.8306176254158126e-05
608.3493898810001	0.23816625735054606	-5.834136691043948e-05
609.5588320080001	0.23852689641917185	-5.837690427494546e-05
610.7682741350001	0.23888667057955482	-5.8412803389334966e-05
611.9777162620001	0.23924558085833547	-5.844907834109611e-05
613.187158389	0.2396036282847304	-5.848574225886943e-05
614.396600516	0.2399608138905896	-5.8522807300114e-05
615.606042643	0.24031713871048963	-5.856028464006416e-05
616.81548477	0.24067260378182695	-5.859818446284776e-05
618.024926897	0.24102721014493472	-5.8636515954994806e-05
619.234369024	0.24138095884320163	-5.86752872962365e-05
620.4438111510001	0.24173385092320396	-5.871450564814626e-05
621.6532532780001	0.242085887434856	-5.87541771495774e-05
622.8626954050001	0.2424370694315538	-5.8794306913651645e-05
624.072137532	0.24278739797034263	-5.883489901803429e-05
625.281579659	0.24313687411208326	-5.8875956500129e-05
626.491021786	0.24348549892162125	-5.891748135791394e-05
627.700463913	0.24383327346796943	-5.8959474545202534e-05
628.90990604	0.24418019882448455	-5.90019359698532e-05
630.119348167	0.24452627606905972	-5.904486449822763e-05
631.328790294	0.24487150628430754	-5.908825794926839e-05
632.5382324210001	0.2452158905577453	-5.913211310677041e-05
633.7476745480001	0.2455594299819867	-5.917642571629314e-05
634.9571166750001	0.2459021256549278	-5.922119049674504e-05
636.166558802	0.24624397867993866	-5.926640114491469e-05
637.376000929	0.24658499016603402	-5.931205034599707e-05
638.585443056	0.24692516122806746	-5.935812978186822e-05
639.794885183	0.24726449298690148	-5.940463014697875e-05
641.00432731	0.24760298656958066	-5.945154116153775e-05
642.213769437	0.2479406431094967	-5.9498851586049784e-05
643.4232115640001	0.2482774637465545	-5.954654924000824e-05
644.6326536910001	0.24861344962731735	-5.959462101809421e-05
645.8420958180001	0.24894860190516283	-5.9643052916186906e-05
647.0515379450001	0.24928292174041766	-5.96918300466813e-05
648.260980072	0.24961641030048928	-5.974093667046945e-05
649.470422199	0.24994906875998507	-5.979035621217835e-05
650.679864326	0.2502808983008313	-5.984007129805624e-05
651.889306453	0.2506119001123742	-5.9890063773302554e-05
653.09874858	0.2509420753914733	-5.994031473662009e-05
654.308190707	0.25127142534258645	-5.999080457327888e-05
655.5176328340001	0.2515999511778455	-6.004151298028004e-05
656.7270749610001	0.2519276541171146	-6.009241900518589e-05
657.9365170880001	0.2522545353880449	-6.014350107585997e-05
659.1459592150001	0.25258059622611917	-6.019473703625447e-05
660.355401342	0.2529058378746787	-6.0246104181177484e-05
661.564843469	0.25323026158494644	-6.02975792942384e-05
662.774285596	0.25355386861603746	-6.034913868256664e-05
663.983727723	0.253876660234947	-6.0400758214663314e-05
665.19316985	0.25419863771655776	-6.045241335394386e-05
666.402611977	0.254519802343592	-6.0504079203320404e-05
667.6120541040001	0.25484015540660077	-6.055573053561497e-05
668.8214962310001	0.25515969820390383	-6.060734183702815e-05
670.0309383580001	0.2554784320415461	-6.065888733814903e-05
671.2403804850001	0.25579635823322705	-6.071034105667103e-05
672.449822612	0.2561134781002315	-6.076167683232228e-05
673.659264739	0.25642979297134105	-6.081286836008559e-05
674.868706866	0.2567453041827501	-6.086388923092281e-05
676.078148993	0.2570600130779592	-6.091471296227821e-05
677.28759112	0.2573739210076613	-6.096531303800487e-05
678.497033247	0.2576870293296351	-6.101566293281735e-05
679.7064753740001	0.25799933940861464	-6.106573615526079e-05
680.9159175010001	0.25831085261615233	-6.111550627266316e-05
682.1253596280001	0.25862157033049166	-6.116494694126048e-05
683.3348017550001	0.2589314939364065	-6.121403193878883e-05
684.544243882	0.2592406248250618	-6.126273519378375e-05
685.753686009	0.2595489643938476	-6.131103080708744e-05
686.963128136	0.2598565140462198	-6.135889308335474e-05
688.172570263	0.26016327519152926	-6.140629655114471e-05
689.38201239	0.2604692492448514	-6.145321599064849e-05
690.5914545170001	0.26077443762681185	-6.149962645286486e-05
691.8008966440001	0.26107884176339774	-6.154550328252295e-05
693.0103387710001	0.26138246308578517	-6.159082213455166e-05
694.2197808980001	0.26168530303014437	-6.163555899838663e-05
695.429223025	0.2619873630374561	-6.167969021108818e-05
696.638665152	0.2622886445533177	-6.172319247276306e-05
697.848107279	0.26258914902774927	-6.176604286467491e-05
699.057549406	0.2628888779150015	-6.180821886214369e-05
700.266991533	0.26318783267336193	-6.184969835151821e-05
701.47643366	0.26348601476495376	-6.189045963516174e-05
702.6858757870001	0.26378342565554475	-6.193048144948962e-05
703.8953179140001	0.2640800668143464	-6.196974297424662e-05
705.1047600410001	0.2643759397138257	-6.200822384080928e-05
706.3142021680001	0.2646710458294964	-6.20459041458972e-05
707.523644295	0.26496538663973646	-6.208276445441446e-05
708.733086422	0.26525896362558754	-6.211878581239769e-05
709.942528549	0.26555177827056786	-6.21539497559255e-05
711.151970676	0.26584383206047485	-6.2188238316805e-05
712.361412803	0.26613512648319443	-6.22216340334103e-05
713.57085493	0.26642566302852255	-6.225411995439134e-05
714.7802970570001	0.2667154431879779	-6.228567964794776e-05
715.9897391840001	0.2670044684546117	-6.231629721312193e-05
717.1991813110001	0.26729274032283995	-6.234595728168632e-05
718.4086234380001	0.26758026028825516	-6.237464502859003e-05
719.618065565	0.2678670298474564	-6.240234618016399e-05
720.827507692	0.2681530504978808	-6.242904702206953e-05
722.036949819	0.26843832373763016	-6.245473440859295e-05
723.246391946	0.2687228510653135	-6.24793957690814e-05
724.455834073	0.26900663397987956	-6.250301911947878e-05
725.6652762	0.2692896739804648	-6.252559307146424e-05
726.8747183270001	0.2695719725662352	-6.254710683901293e-05
728.0841604540001	0.2698535312362443	-6.256755025332156e-05
729.2936025810001	0.2701343514892827	-6.258691377206138e-05
730.5030447080001	0.27041443482373984	-6.260518848509936e-05
731.712486835	0.2706937827374689	-6.262236613299374e-05
732.921928962	0.27097239672765505	-6.263843911512995e-05
734.131371089	0.27125027829068404	-6.26534004971209e-05
735.340813216	0.2715274289220334	-6.266724403035384e-05
736.550255343	0.27180385011614283	-6.26799641601887e-05
737.7596974700001	0.2720795433663071	-6.269155603861806e-05
738.9691395970001	0.2723545101645727	-6.270201553650392e-05
740.1785817240001	0.2726287520016378	-6.271133925647016e-05
741.3880238510001	0.2729022703667527	-6.271952454539598e-05
742.5974659780001	0.27317506674763403	-6.272656950436634e-05
743.806908105	0.2734471426303826	-6.27324730044787e-05
745.016350232	0.2737184994993986	-6.27372346942573e-05
746.225792359	0.2739891388373205	-6.274085501693435e-05
747.435234486	0.27425906212495194	-6.274333521454067e-05
748.644676613	0.27452827084120013	-6.274467734548525e-05
749.8541187400001	0.27479676646303186	-6.274488428919048e-05
751.0635608670001	0.2750645504654154	-6.274395975738173e-05
752.2730029940001	0.27533162432129193	-6.274190830353465e-05
753.4824451210001	0.27559798950152975	-6.27387353273369e-05
754.6918872480001	0.2758636474749009	-6.273444708531847e-05
755.901329375	0.2761285997080519	-6.272905069277385e-05
757.110771502	0.2763928476655021	-6.272255413362557e-05
758.320213629	0.2766563928096185	-6.271496625558787e-05
759.529655756	0.27691923660061674	-6.270629677997824e-05
760.739097883	0.27718138049656743	-6.269655629857762e-05
761.9485400100001	0.2774428259533974	-6.268575627380729e-05
763.1579821370001	0.2777035744249042	-6.267390903524211e-05
764.3674242640001	0.27796362736277297	-6.266102777687313e-05
765.5768663910001	0.278222986216607	-6.264712655008886e-05
766.786308518	0.27848165243394846	-6.263222026090323e-05
767.995750645	0.2787396274603183	-6.261632465207057e-05
769.205192772	0.2789969127392524	-6.259945630278027e-05
770.414634899	0.27925350971233953	-6.258163260711158e-05
771.624077026	0.2795094198192779	-6.256287176464176e-05
772.833519153	0.27976464449792077	-6.254319276121148e-05
774.0429612800001	0.2800191851843256	-6.252261535446765e-05
775.2524034070001	0.28027304331282327	-6.25011600482138e-05
776.4618455340001	0.280526220316073	-6.247884807223172e-05
777.6712876610001	0.28077871762512424	-6.245570135892178e-05
778.880729788	0.2810305366694843	-6.243174251592196e-05
780.090171915	0.2812816788771832	-6.240699480045825e-05
781.299614042	0.28153214567485035	-6.23814820847092e-05
782.509056169	0.28178193848777877	-6.235522882653416e-05
783.718498296	0.28203105873999695	-6.232826003386635e-05
784.9279404230001	0.28227950785434835	-6.230060123538217e-05
786.1373825500001	0.28252728725255705	-6.227227843458652e-05
787.3468246770001	0.2827743983553027	-6.224331807602387e-05
788.5562668040001	0.2830208425822943	-6.22137470040543e-05
789.7657089310001	0.2832666213523443	-6.218359241920088e-05
790.975151058	0.2835117360834338	-6.215288183839332e-05
792.184593185	0.2837561881927889	-6.212164304235032e-05
793.394035312	0.2839999790969487	-6.208990403916079e-05
794.603477439	0.2842431102118255	-6.205769301317193e-05
795.812919566	0.28448558295277826	-6.202503827377331e-05
797.0223616930001	0.28472739873467096	-6.199196820783764e-05
798.2318038200001	0.28496855897193624	-6.195851123439941e-05
799.4412459470001	0.2852090650786282	-6.192469574909862e-05
800.6506880740001	0.28544891846848575	-6.189055007554609e-05
801.8601302010001	0.2856881205549757	-6.185610241159906e-05
803.069572328	0.28592667275134187	-6.182138077802726e-05
804.279014455	0.28616457647066	-6.178641297319848e-05
805.488456582	0.2864018331258722	-6.175122651140216e-05
806.697898709	0.28663844412983125	-6.171584857831564e-05
807.907340836	0.2868744108953273	-6.168030597762317e-05
809.1167829630001	0.2871097348351315	-6.164462508064655e-05
810.3262250900001	0.2873444173620151	-6.160883177712753e-05
811.5356672170001	0.2875784598887751	-6.157295142653757e-05
812.7451093440001	0.2878118638282582	-6.153700880609514e-05
813.9545514710001	0.2880446305933769	-6.150102807144994e-05
815.163993598	0.28827676159712184	-6.146503270488407e-05
816.373435725	0.28850825825257354	-6.142904547048675e-05
817.582877852	0.2887391219729048	-6.139308837865842e-05
818.792319979	0.2889693541713844	-6.13571826379028e-05
820.001762106	0.2891989562613821	-6.132134861711047e-05
821.2112042330001	0.2894279296563579	-6.128560581383086e-05
822.4206463600001	0.28965627576985437	-6.124997280946079e-05
823.6300884870001	0.2898839960154859	-6.121446725083912e-05
824.8395306140001	0.2901110918069314	-6.117910580653516e-05
826.0489727410001	0.29033756455791176	-6.114390414563645e-05
827.258414868	0.29056341568217053	-6.110887691105488e-05
828.467856995	0.2907886465934514	-6.107403769466113e-05
829.677299122	0.2910132587054787	-6.103939902197403e-05
830.886741249	0.291237253431916	-6.1004972331704654e-05
832.0961833760001	0.2914606321863558	-6.097076796173981e-05
833.3056255030001	0.29168339638227025	-6.093679513722097e-05
834.5150676300001	0.2919055474329897	-6.0903061963737265e-05
835.7245097570001	0.2921270867516569	-6.086957541824589e-05
836.9339518840001	0.2923480157511958	-6.083634135125096e-05
838.143394011	0.2925683358442656	-6.0803364480402355e-05
839.352836138	0.29278804844323525	-6.077064839833321e-05
840.562278265	0.29300715496011887	-6.073819557864471e-05
841.771720392	0.29322565680654716	-6.070600738197762e-05
842.981162519	0.2934435553937229	-6.067408406809985e-05
844.1906046460001	0.2936608521323739	-6.064242481178955e-05
845.4000467730001	0.2938775484326958	-6.061102771892299e-05
846.6094889000001	0.2940936457043271	-6.057988984570911e-05
847.8189310270001	0.29430914535628333	-6.05490072207622e-05
849.0283731540001	0.2945240487969128	-6.05183748701027e-05
850.237815281	0.29473835743385546	-6.048798684323009e-05
851.447257408	0.29495207267399215	-6.045783624388651e-05
852.656699535	0.2951651959233859	-6.042791526061214e-05
853.866141662	0.29537772858724953	-6.039821519777944e-05
855.075583789	0.29558967206988507	-6.03687265118627e-05
856.2850259160001	0.2958010277746378	-6.033943884791934e-05
857.4944680430001	0.29601179710385195	-6.031034107878419e-05
858.7039101700001	0.2962219814588196	-6.0281421345672465e-05
859.9133522970001	0.2964315822397364	-6.0252667093391166e-05
861.1227944240001	0.29664060084565	-6.0224065115906805e-05
862.332236551	0.29684903867441603	-6.019560160232945e-05
863.541678678	0.29705689712265315	-6.0167262175434e-05
864.751120805	0.29726417758569845	-6.0139031939260984e-05
865.960562932	0.2974708814575578	-6.011089552127036e-05
867.170005059	0.2976770101308669	-6.0082837119643934e-05
868.3794471860001	0.2978825649968492	-6.005484054804125e-05
869.5888893130001	0.2980875474452682	-6.002688928111871e-05
870.7983314400001	0.29829195886439147	-5.999896649866443e-05
872.0077735670001	0.2984958006409447	-5.997105513264392e-05
873.2172156940001	0.29869907416008235	-5.994313791334374e-05
874.426657821	0.298901780805335	-5.9915197410734256e-05
875.636099948	0.2991039219585824	-5.9887216076755234e-05
876.845542075	0.29930549900001296	-5.9859176295633254e-05
878.054984202	0.2995065133080891	-5.983106041906189e-05
879.2644263290001	0.2997069662595122	-5.980285080896264e-05
880.4738684560001	0.2999068592291841	-5.9774529882837546e-05
881.6833105830001	0.30010619359018803	-5.9746080147079356e-05
882.8927527100001	0.3003049707137408	-5.9717484236908314e-05
884.1021948370001	0.3005031919691704	-5.96887249577141e-05
885.3116369640001	0.30070085872389085	-5.965978531179833e-05
886.521079091	0.300897972343367	-5.963064854370634e-05
887.730521218	0.30109453419108495	-5.9601298164523725e-05
888.939963345	0.30129054562853447	-5.957171798689001e-05
890.149405472	0.30148600801517683	-5.9541892152494e-05
891.3588475990001	0.301680922708426	-5.951180516667459e-05
892.5682897260001	0.30187529106361843	-5.9481441917780264e-05
893.7777318530001	0.30206911443399637	-5.9450787708022895e-05
894.9871739800001	0.302262394170684	-5.9419828274620556e-05
896.1966161070001	0.3024551316226694	-5.938854980755762e-05
897.406058234	0.30264732813678785	-5.9356938982305096e-05
898.615500361	0.3028389850576931	-5.932498296958022e-05
899.824942488	0.30303010372784683	-5.929266945157996e-05
901.034384615	0.3032206854875049	-5.925998664453938e-05
902.243826742	0.30341073167469695	-5.9226923309032425e-05
903.4532688690001	0.30360024362521687	-5.9193468761153945e-05
904.6627109960001	0.30378922267259734	-5.9159612891216545e-05
905.8721531230001	0.30397767014811095	-5.912534616455897e-05
907.0815952500001	0.30416558738074795	-5.909065963402918e-05
908.2910373770001	0.30435297569721026	-5.905554494798487e-05
909.500479504	0.30453983642190036	-5.9019994353256416e-05
910.709921631	0.30472617087690457	-5.89840007034631e-05
911.919363758	0.30491198038198786	-5.8947557457070254e-05
913.128805885	0.30509726625458916	-5.891065868215278e-05
914.338248012	0.3052820298098058	-5.887329905974667e-05
915.5476901390001	0.3054662723603899	-5.8835473872066724e-05
916.7571322660001	0.305649995216738	-5.8797179015284556e-05
917.9665743930001	0.3058331996868921	-5.875841098810369e-05
919.1760165200001	0.30601588707652816	-5.871916688982015e-05
920.3854586470001	0.306198058688945	-5.867944441221434e-05
921.594900774	0.3063797158250689	-5.8639241838878003e-05
922.804342901	0.3065608597834458	-5.859855803611383e-05
924.013785028	0.3067414918602317	-5.855739244811295e-05
925.223227155	0.30692161334919793	-5.8515745080818526e-05
926.432669282	0.3071012255417169	-5.847361650121799e-05
927.6421114090001	0.30728032972676894	-5.8431007823111364e-05
928.8515535360001	0.3074589271909293	-5.8387920697653556e-05
930.0609956630001	0.30763701921837416	-5.8344357305586264e-05
931.2704377900001	0.3078146070908743	-5.8300320336802935e-05
932.4798799170001	0.3079916920877879	-5.825581298505439e-05
933.689322044	0.30816827548606646	-5.821083893449083e-05
934.898764171	0.308344358560252	-5.8165402342894024e-05
936.108206298	0.3085199425824639	-5.811950783233405e-05
937.317648425	0.30869502882241184	-5.807316047198863e-05
938.5270905520001	0.3088696185473823	-5.8026365767960275e-05
939.7365326790001	0.30904371302224637	-5.797912963878549e-05
940.9459748060001	0.30921731350945675	-5.793145841226019e-05
942.1554169330001	0.30939042126903654	-5.788335879976583e-05
943.3648590600001	0.30956303755859105	-5.783483789169319e-05
944.5743011870001	0.30973516363329473	-5.778590313081783e-05
945.783743314	0.30990680074589994	-5.773656230515997e-05
946.993185441	0.3100779501467302	-5.7686823525103514e-05
948.202627568	0.3102486130836741	-5.763669521122172e-05
949.412069695	0.3104187908021995	-5.758618608131191e-05
950.6215118220001	0.3105884845453394	-5.753530512414215e-05
951.8309539490001	0.3107576955536914	-5.748406159682834e-05
953.0403960760001	0.31092642506541934	-5.743246499737009e-05
954.2498382030001	0.31109467431625587	-5.738052505521382e-05
955.4592803300001	0.3112624445394919	-5.73282517105575e-05
956.6687224570001	0.31142973696599074	-5.7275655101388795e-05
957.878164584	0.31159655282416643	-5.722274555235857e-05
959.087606711	0.31176289333999757	-5.716953354958226e-05
960.297048838	0.31192875973702494	-5.711602973094282e-05
961.506490965	0.3120941532363455	-5.706224487178266e-05
962.7159330920001	0.3122590750566143	-5.700818986840647e-05
963.9253752190001	0.3124235264140426	-5.695387572067501e-05
965.1348173460001	0.3125875085224013	-5.6899313522297545e-05
966.3442594730001	0.31275102259300974	-5.684451444385244e-05
967.5537016000001	0.3129140698347459	-5.678948971848605e-05
968.763143727	0.31307665145403935	-5.673425062795168e-05
969.972585854	0.3132387686548771	-5.667880849270779e-05
971.182027981	0.31340042263879203	-5.6623174656714875e-05
972.391470108	0.3135616146048725	-5.656736047078559e-05
973.600912235	0.31372234574975727	-5.651137728404643e-05
974.8103543620001	0.31388261726763916	-5.6455236436568634e-05
976.0197964890001	0.31404243035026064	-5.639894923527289e-05
977.2292386160001	0.31420178618691563	-5.6342526954033384e-05
978.4386807430001	0.314360685964453	-5.6285980815865694e-05
979.6481228700001	0.3145191308672626	-5.6229321987111974e-05
980.857564997	0.31467712207730114	-5.617256156391706e-05
982.067007124	0.3148346607740686	-5.611571055852416e-05
983.276449251	0.31499174813461767	-5.605877990205732e-05
984.485891378	0.31514838533356015	-5.6001780421453123e-05
985.6953335050001	0.31530457354306485	-5.594472283877716e-05
986.9047756320001	0.3154603139328485	-5.5887617761568587e-05
988.1142177590001	0.3156156076701962	-5.583047567033275e-05
989.3236598860001	0.3157704559199426	-5.5773306920019194e-05
990.5331020130001	0.31592485984449126	-5.5716121724263407e-05
991.7425441400001	0.31607882060380194	-5.5658930150640634e-05
992.951986267	0.3162323393554069	-5.560174211723112e-05
994.161428394	0.3163854172543984	-5.55445673826524e-05
995.370870521	0.3165380554534432	-5.5487415545431296e-05
996.580312648	0.3166902551027771	-5.543029603163538e-05
997.7897547750001	0.3168420173502137	-5.5373218094696e-05
998.9991969020001	0.31699334334114093	-5.531619081135947e-05
1000.2086390290001	0.3171442342185315	-5.525922307539344e-05
1001.4180811560001	0.3172946911229348	-5.520232359081459e-05
1002.6275232830001	0.3174447151924936	-5.514550087781789e-05
1003.8369654100001	0.31759430756294016	-5.508876325917636e-05
1005.046407537	0.3177434693676013	-5.503211886094886e-05
1006.255849664	0.3178922017374032	-5.497557561396499e-05
1007.465291791	0.3180405058008708	-5.491914124544639e-05
1008.674733918	0.31818838268413946	-5.486282328183434e-05
1009.8841760450001	0.31833583351094424	-5.480662904633338e-05
1011.0936181720001	0.31848285940265514	-5.47505656529404e-05
1012.3030602990001	0.318629461478244	-5.4694640012058204e-05
1013.5125024260001	0.318775640854313	-5.463885882849365e-05
1014.7219445530001	0.31892139864508967	-5.4583228596274264e-05
1015.9313866800001	0.3190667359624377	-5.452775560377959e-05
1017.140828807	0.31921165391585815	-5.447244593189196e-05
1018.350270934	0.3193561536124903	-5.4417305454326076e-05
1019.559713061	0.31950023615712864	-5.436233983707392e-05
1020.769155188	0.31964390265221104	-5.430755454218991e-05
1021.9785973150001	0.3197871541978419	-5.42529548266113e-05
1023.1880394420001	0.3199299918917826	-5.419854574582189e-05
1024.397481569	0.3200724168294585	-5.4144332154004715e-05
1025.606923696	0.3202144301039781	-5.409031870351466e-05
1026.816365823	0.3203560328061141	-5.403650984870528e-05
1028.0258079500002	0.32049722602433567	-5.3982909847989646e-05
1029.235250077	0.3206380108447849	-5.392952276999513e-05
1030.4446922040001	0.3207783883513101	-5.387635249200218e-05
1031.654134331	0.32091835962544707	-5.382340269845243e-05
1032.8635764580001	0.3210579257464389	-5.3770676894285274e-05
1034.073018585	0.3211970877912328	-5.371817839940757e-05
1035.282460712	0.3213358468344911	-5.3665910355382707e-05
1036.491902839	0.3214742039485901	-5.3613875727519245e-05
1037.701344966	0.32161216020362404	-5.356207731009588e-05
1038.9107870930002	0.32174971666742375	-5.3510517723516504e-05
1040.12022922	0.321886874405538	-5.345919942961047e-05
1041.3296713470002	0.32202363448125443	-5.3408124724263484e-05
1042.539113474	0.32215999795560085	-5.3357295745147526e-05
1043.7485556010001	0.3222959658873475	-5.330671447859037e-05
1044.957997728	0.3224315393330076	-5.3256382760491494e-05
1046.167439855	0.3225667193468495	-5.320630227646783e-05
1047.376881982	0.3227015069808906	-5.315647457659889e-05
1048.586324109	0.3228359032849086	-5.310690106777316e-05
1049.795766236	0.3229699093064419	-5.305758302645569e-05
1051.005208363	0.3231035260907964	-5.3008521598875424e-05
1052.2146504900002	0.32323675468103635	-5.295971780702041e-05
1053.424092617	0.32336959611800503	-5.291117255058764e-05
1054.6335347440001	0.32350205144031197	-5.2862886613526394e-05
1055.842976871	0.3236341216843518	-5.2814860670144514e-05
1057.0524189980001	0.3237658078842872	-5.276709528224954e-05
1058.261861125	0.32389711107206826	-5.271959091230488e-05
1059.471303252	0.324028032277422	-5.267234792558084e-05
1060.680745379	0.32415857252786157	-5.262536658662276e-05
1061.890187506	0.32428873284868953	-5.257864707546023e-05
1063.0996296330002	0.3244185142629941	-5.253218948433891e-05
1064.30907176	0.32454791779165615	-5.248599382376429e-05
1065.5185138870002	0.324676944453344	-5.244006003089774e-05
1066.727956014	0.32480559526451847	-5.239438796256213e-05
1067.9373981410001	0.3249338712394336	-5.234897741288741e-05
1069.146840268	0.32506177339014564	-5.230382810994527e-05
1070.356282395	0.3251893027264935	-5.2258939722819864e-05
1071.565724522	0.325316460256123	-5.221431186399478e-05
1072.775166649	0.3254432469844689	-5.2169944095646625e-05
1073.9846087760002	0.32556966391476866	-5.2125835927209485e-05
1075.194050903	0.3256957120480595	-5.208198682637305e-05
1076.4034930300002	0.32582139238317004	-5.2038396223176575e-05
1077.612935157	0.3259467059167331	-5.199506350977989e-05
1078.8223772840001	0.3260716536431782	-5.1951988045098596e-05
1080.031819411	0.3261962365547343	-5.19091691595433e-05
1081.2412615380001	0.3263204556414277	-5.1866606156088235e-05
1082.450703665	0.32644431189109097	-5.1824298323933926e-05
1083.660145792	0.3265678062893471	-5.178224492509431e-05
1084.869587919	0.32669093981962716	-5.17404452124795e-05
1086.079030046	0.32681371346315896	-5.169889842256831e-05
1087.2884721730002	0.32693612819896517	-5.165760379009787e-05
1088.4979143	0.327058185003876	-5.1616560538578216e-05
1089.7073564270001	0.32717988485252225	-5.15757678917067e-05
1090.916798554	0.3273012287173281	-5.153522507612973e-05
1092.1262406810001	0.32742221756852397	-5.1494931321643955e-05
1093.335682808	0.3275428523741421	-5.1454885865782896e-05
1094.545124935	0.32766313410001613	-5.141508795160343e-05
1095.754567062	0.32778306370977756	-5.137553683826068e-05
1096.964009189	0.3279026421648646	-5.133623180007124e-05
1098.1734513160002	0.3280218704245188	-5.1297172129184665e-05
1099.382893443	0.3281407494457872	-5.125835713780391e-05
1100.5923355700002	0.32825928018351663	-5.121978615739431e-05
1101.801777697	0.3283774635903659	-5.118145854976497e-05
1103.0112198240001	0.3284953006167984	-5.114337370044214e-05
1104.220661951	0.32861279221108647	-5.110553102428278e-05
1105.430104078	0.3287299393193116	-5.106792997210813e-05
1106.639546205	0.3288467428853636	-5.103057002450728e-05
1107.848988332	0.32896320385094824	-5.099345070051775e-05
1109.058430459	0.32907932315558214	-5.095657156019978e-05
1110.267872586	0.32919510173659927	-5.0919932198870144e-05
1111.4773147130002	0.32931054052915215	-5.088353225491532e-05
1112.68675684	0.3294256404662066	-5.084737141491241e-05
1113.8961989670001	0.329540402478551	-5.0811449409708664e-05
1115.105641094	0.3296548274947956	-5.077576601519168e-05
1116.3150832210001	0.3297689164413751	-5.074032106067855e-05
1117.524525348	0.3298826702425483	-5.070511442580722e-05
1118.733967475	0.329996089820395	-5.067014604203529e-05
1119.943409602	0.330109176094834	-5.063541589522824e-05
1121.152851729	0.3302219299835981	-5.060092403295219e-05
1122.3622938560002	0.33033435240226183	-5.0566670550158954e-05
1123.571735983	0.3304464442642258	-5.053265560755332e-05
1124.7811781100002	0.33055820648072176	-5.049887942171205e-05
1125.990620237	0.3306696399608158	-5.0465342270246405e-05
1127.2000623640001	0.330780745611407	-5.043204449171196e-05
1128.409504491	0.3308915243372253	-5.0398986485941655e-05
1129.618946618	0.33100197704082873	-5.0366168713011916e-05
1130.828388745	0.33111210462261664	-5.033359169062668e-05
1132.037830872	0.33122190798081286	-5.0301256002791006e-05
1133.2472729990002	0.3313313880114742	-5.0269162286654956e-05
1134.456715126	0.3314405456084859	-5.0237311242144755e-05
1135.6661572530002	0.3315493816635561	-5.0205703619916886e-05
1136.87559938	0.3316578970662286	-5.0174340226478986e-05
1138.0850415070001	0.3317660927038564	-5.014322191750076e-05
1139.294483634	0.3318739694616177	-5.011234959747396e-05
1140.5039257610001	0.3319815282225091	-5.008172420885998e-05
1141.713367888	0.33208876986733965	-5.005134673489314e-05
1142.922810015	0.33219569527472675	-5.0021218191032e-05
1144.132252142	0.3323023053211009	-4.9991339617402875e-05
1145.341694269	0.33240860088068125	-4.9961712072540965e-05
1146.5511363960002	0.3325145828255031	-4.993233661779173e-05
1147.760578523	0.3326202520253807	-4.9903214325019984e-05
1148.9700206500002	0.3327256093479242	-4.98743462551271e-05
1150.179462777	0.33283065565853265	-4.984573345115373e-05
1151.3889049040001	0.33293539182038123	-4.9817376920308076e-05
1152.598347031	0.3330398186944251	-4.978927763038543e-05
1153.807789158	0.33314393713939405	-4.976143649286502e-05
1155.017231285	0.3332477480117846	-4.9733854347644435e-05
1156.226673412	0.33335125216586864	-4.970653194927288e-05
1157.4361155390002	0.33345445045367356	-4.967946995453054e-05
1158.645557666	0.3335573437249959	-4.965266889919023e-05
1159.8549997930002	0.33365993282739204	-4.962612918796294e-05
1161.06444192	0.3337622186061767	-4.959985107403503e-05
1162.2738840470001	0.3338642019044351	-4.957383464344184e-05
1163.483326174	0.3339658835630006	-4.954807979594411e-05
1164.6927683010001	0.33406726442048373	-4.9522586225099474e-05
1165.902210428	0.33416834531325684	-4.949735340398914e-05
1167.111652555	0.3342691270754651	-4.947238056289549e-05
1168.321094682	0.33436961053903413	-4.944766667808187e-05
1169.530536809	0.3344697965336753	-4.942321044733994e-05
1170.7399789360002	0.3345696858869004	-4.939901028197524e-05
1171.949421063	0.33466927942402125	-4.9375064280772485e-05
1173.1588631900001	0.3347685779681756	-4.9351370224111346e-05
1174.368305317	0.3348675823403233	-4.932792556015808e-05
1175.5777474440001	0.3349662933592798	-4.930472738761543e-05
1176.787189571	0.33506471184172787	-4.928177245094867e-05
1177.996631698	0.3351628386022401	-4.925905712944295e-05
1179.206073825	0.3352606744532943	-4.9236577435309015e-05
1180.415515952	0.3353582202053017	-4.921432900452383e-05
1181.6249580790002	0.33545547666663766	-4.9192307098364085e-05
1182.834400206	0.3355524446436628	-4.917050660151884e-05
1184.0438423330002	0.3356491249407652	-4.914892203246313e-05
1185.25328446	0.33574551836038236	-4.91275475452968e-05
1186.4627265870001	0.335841625703042	-4.910637694469783e-05
1187.672168714	0.33593744776739626	-4.908540368524922e-05
1188.881610841	0.3360329853502703	-4.906462090534941e-05
1190.091052968	0.3361282392467015	-4.904402142915515e-05
1191.300495095	0.3362232102499791	-4.9023597800457175e-05
1192.5099372220002	0.33631789915169397	-4.9003342296995156e-05
1193.719379349	0.33641230674179357	-4.898324695846307e-05
1194.9288214760002	0.3365064338086225	-4.8963303616381126e-05
1196.138263603	0.33660028113898344	-4.8943503929109455e-05
1197.3477057300001	0.3366938495181902	-4.8923839397745084e-05
1198.557147857	0.3367871397301204	-4.89043014172269e-05
1199.7665899840001	0.33688015255727827	-4.888488129474455e-05
1200.976032111	0.3369728887808446	-4.886557028922767e-05
1202.185474238	0.3370653491807433	-4.8846359649079574e-05
1203.394916365	0.33715753453570224	-4.882724064218108e-05
1204.604358492	0.3372494456232995	-4.880820458587343e-05
1205.8138006190002	0.3373410832200492	-4.878924288705122e-05
1207.023242746	0.3374324481014284	-4.877034706596978e-05
1208.2326848730002	0.33752354104196475	-4.875150879497803e-05
1209.442127	0.33761436281527096	-4.8732719923560985e-05
