0.0	0.0	0.0
1.209442127	4.801798812812688e-06	1.1646499723201211e-08
2.418884254	1.9171093480648027e-05	1.1419541287807457e-08
3.6283263810000004	4.3179617878025506e-05	1.1151351420339486e-08
4.837768508	7.691937130655369e-05	1.0885048951737386e-08
6.047210635000001	0.00012051863410043191	1.0697468103896515e-08
7.256652762000001	0.00017413860848432448	1.0521771838864621e-08
8.466094889	0.0002379689343233824	1.034653276878357e-08
9.675537016	0.000312221949401996	1.0191187449628625e-08
10.884979143	0.00039712623962882967	1.004739355413677e-08
12.094421270000002	0.0004929192805841283	9.923904775011429e-09
13.303863397	0.0005998395827967109	9.822158768446512e-09
14.513305524000002	0.0007181185186628754	9.73513985575461e-09
15.722747651	0.000847972008054897	9.670030606551833e-09
16.932189778	0.0009895922902470491	9.626740865185598e-09
18.141631905	0.0011431399383559971	9.626582348105928e-09
19.351074032	0.001308736372307933	9.709237077846176e-09
20.560516159000002	0.0014864569998363703	9.938581216903733e-09
21.769958286	0.001676325140279915	1.0418677690113981e-08
22.979400413	0.001878306889417045	1.1283291307144158e-08
24.188842540000003	0.002092307059488271	1.2799240679470247e-08
25.398284667000002	0.002318166185782548	1.5298213270828476e-08
26.607726794	0.0025556587176978197	1.8679566486049654e-08
27.817168921	0.002804492033781088	2.2490196050981015e-08
29.026611048000003	0.0030643071115461725	2.6309777726232775e-08
30.236053175000002	0.003334680557079453	2.976951686941079e-08
31.445495302	0.003615127623906591	3.2457066229119036e-08
32.654937429	0.003905106259587867	3.3855814481759117e-08
33.864379556	0.00420402215748931	3.330963091029843e-08
35.073821683000006	0.004511234719643012	2.9997136568107874e-08
36.28326381	0.0048260638116117294	2.2908296448166665e-08
37.492705937000004	0.005147797179015637	1.081749861301523e-08
38.702148064	0.005475698390475913	-7.755140278217776e-09
39.911590191	0.0058090151717804595	-3.4602189362062385e-08
41.121032318000005	0.006146987997338221	-7.190475534348678e-08
42.330474445	0.006488858798706952	-1.2229778180439244e-07
43.539916572	0.006833879624531274	-1.8886134384252934e-07
44.749358699000005	0.007181321043277943	-2.749632815992123e-07
45.958800826	0.0075304800616479645	-3.8394163512367463e-07
47.168242953000004	0.007880687400368494	-5.187369197037772e-07
48.377685080000006	0.008231314105070728	-6.816362702792914e-07
49.587127207	0.00858177754196768	-8.74190739196673e-07
50.796569334000004	0.008931546775046458	-1.0972297464413062e-06
52.00601146100001	0.00928014724188096	-1.3508712188394813e-06
53.215453588	0.009627164613932874	-1.634476690884172e-06
54.424895715000005	0.009972247719968973	-1.9465143876761827e-06
55.634337842	0.01031511042847698	-2.2842851891860354e-06
56.843779969	0.010655532430214039	-2.643512225780761e-06
58.053222096000006	0.010993358894296586	-3.0179099084050396e-06
59.262664223	0.011328499038997467	-3.3990707688314e-06
60.472106350000004	0.011660923946345995	-3.7773314826084533e-06
61.68154847700001	0.011990664545868878	-4.144270805210484e-06
62.890990604	0.012317810952884138	-4.496280263817083e-06
64.100432731	0.012642512936334852	-4.83667683453203e-06
65.309874858	0.012964978949930388	-5.174163391222469e-06
66.519316985	0.013285471472737752	-5.518833978632176e-06
67.728759112	0.013604299497788606	-5.878793037060025e-06
68.93820123900001	0.013921810645063124	-6.258865211219815e-06
70.14764336600001	0.014238384299043857	-6.660900288092252e-06
71.357085493	0.014554425658120014	-7.08469467597915e-06
72.56652762	0.014870360110969915	-7.52891690593456e-06
73.775969747	0.015186627633657662	-7.991795817166233e-06
74.98541187400001	0.015503677250089342	-8.471515689736052e-06
76.19485400100001	0.015821961733288533	-8.966362830522146e-06
77.404296128	0.016141932681734226	-9.474724485259312e-06
78.613738255	0.016464036014228363	-9.995040019129126e-06
79.823180382	0.01678870787202235	-1.0525762821898474e-05
81.032622509	0.017116370906512034	-1.1065347945009817e-05
82.24206463600001	0.017447430940696024	-1.1612256779044462e-05
83.45150676300001	0.017782274003886565	-1.2164965279777389e-05
84.66094889	0.018121263745641655	-1.2721966993210591e-05
85.870391017	0.018464739236698093	-1.3281768843164884e-05
87.079833144	0.018813013163406084	-1.3842882747980637e-05
88.28927527100001	0.019166370418870725	-1.4403818764304258e-05
89.49871739800001	0.019525067089317286	-1.4963086136774578e-05
90.708159525	0.01988932982809996	-1.5519207809962243e-05
91.917601652	0.02025935560199745	-1.6070751403573884e-05
93.127043779	0.020635311785443016	-1.661637456369658e-05
94.33648590600001	0.021017336570312566	-1.7154877098855478e-05
95.54592803300001	0.021405539654218427	-1.768525217410704e-05
96.75537016000001	0.021800003170929352	-1.8206733254317285e-05
97.964812287	0.022200782836203012	-1.8718834208401175e-05
99.174254414	0.022607909291114857	-1.9221380862063063e-05
100.383696541	0.023021389617024463	-1.9714535342793202e-05
101.59313866800001	0.02344120897982817	-2.0198811831370275e-05
102.80258079500001	0.023867332351925286	-2.067507642803095e-05
104.01202292200001	0.024299706261410953	-2.1144521266807347e-05
105.221465049	0.024738260525923948	-2.160860402704995e-05
106.430907176	0.025182909941456055	-2.206894640685228e-05
107.64034930300001	0.025633555916089394	-2.252718878353009e-05
108.84979143000001	0.026090088068394718	-2.2984805429631175e-05
110.05923355700001	0.026552385851009518	-2.3442898883569395e-05
111.268675684	0.027020320302492316	-2.3902014948046398e-05
112.478117811	0.027493756044159955	-2.4362043994201506e-05
113.687559938	0.027972553565688195	-2.4822275684629504e-05
114.89700206500001	0.028456571631726213	-2.52816179454338e-05
116.10644419200001	0.028945669343707695	-2.5738874705783475e-05
117.31588631900001	0.029439707255851856	-2.6192891182539625e-05
118.525328446	0.029938547269240123	-2.664245958207325e-05
119.734770573	0.030442051713246564	-2.7086110268491337e-05
120.94421270000001	0.03095008245955498	-2.7522036890078976e-05
122.15365482700001	0.031462500680528416	-2.794826074334171e-05
123.36309695400001	0.03197916728340202	-2.8362919980554936e-05
124.572539081	0.03249994368376419	-2.8764512538943278e-05
125.781981208	0.03302469256763624	-2.9152012222167893e-05
126.99142333500001	0.03355327844144108	-2.9524871917008602e-05
128.200865462	0.034085567912068244	-2.9882960269875074e-05
129.410307589	0.03462142972288206	-3.0226467847621272e-05
130.619749716	0.03516073460402498	-3.055580067403557e-05
131.82919184300002	0.03570335499757919	-3.087147041895815e-05
133.03863397	0.03624916470884961	-3.1173993754208054e-05
134.24807609700002	0.03679803852797433	-3.146382392650929e-05
135.457518224	0.0373498518693213	-3.17413466589464e-05
136.666960351	0.03790448049125093	-3.200696658125016e-05
137.87640247800002	0.038461800375858356	-3.226127418842501e-05
139.085844605	0.03902168783881067	-3.2505216282844446e-05
140.29528673200002	0.03958401986687135	-3.274013645651955e-05
141.504728859	0.040148674551316633	-3.296758479632688e-05
142.714170986	0.04071553139504993	-3.318894466648129e-05
143.92361311300002	0.04128447133240103	-3.3405076762005846e-05
145.13305524	0.04185537648321433	-3.3616181325759296e-05
146.34249736700002	0.042428129801472904	-3.382193019115572e-05
147.551939494	0.04300261477561644	-3.4021770732988246e-05
148.761381621	0.043578715250938496	-3.421525739056609e-05
149.97082374800002	0.044156315373097506	-3.4402303146412704e-05
151.180265875	0.0447352996331024	-3.4583300091481535e-05
152.38970800200002	0.045315553010236334	-3.475910140813242e-05
153.599150129	0.04589696123027495	-3.493088603727466e-05
154.808592256	0.046479411161013874	-3.509994996847999e-05
156.018034383	0.04706279134733909	-3.5267485452683545e-05
157.22747651	0.04764699264911465	-3.543441358095246e-05
158.43691863700002	0.048231908905223914	-3.560131783196096e-05
159.646360764	0.04881743752980565	-3.576848796846624e-05
160.85580289100002	0.04940347996634988	-3.593604134002112e-05
162.065245018	0.04998994197460609	-3.610406465843867e-05
163.274687145	0.0505767337785638	-3.627272538222516e-05
164.48412927200002	0.051163770134718435	-3.644233016244017e-05
165.693571399	0.051750970378833444	-3.66133382759112e-05
166.90301352600002	0.052338258486258685	-3.67863542552584e-05
168.112455653	0.052925563153259685	-3.696212268106645e-05
169.32189778	0.05351281788809707	-3.7141536462730225e-05
170.53133990700002	0.05409996109430125	-3.7325657385923854e-05
171.740782034	0.054686936131549575	-3.751574035830169e-05
172.95022416100002	0.055273691346372125	-3.771325201135534e-05
174.159666288	0.05586018007137397	-3.791987800253263e-05
175.369108415	0.05644636059564288	-3.813751827147927e-05
176.57855054200002	0.057032196110339314	-3.836827312497966e-05
177.787992669	0.05761765463302378	-3.861442422344215e-05
178.99743479600002	0.05820270891335711	-3.887841363874999e-05
180.206876923	0.058787336322193004	-3.916282197269621e-05
181.41631905	0.0593715187260007	-3.947034428273145e-05
182.62576117700002	0.059955242348731785	-3.9803761112007334e-05
183.835203304	0.06053849762331139	-4.0165901895854e-05
185.04464543100002	0.061121279034559044	-4.0559599435484664e-05
186.254087558	0.06170358495463205	-4.0987636438913e-05
187.46352968500003	0.06228541747122876	-4.1452687464518453e-05
188.67297181200001	0.06286678220824028	-4.1957261006436535e-05
189.882413939	0.06344768813850747	-4.250364654574332e-05
191.09185606600002	0.06402814738880015	-4.30938702629868e-05
192.301298193	0.06460817503781341	-4.372966138995425e-05
193.51074032000002	0.06518778890849206	-4.4412429505797e-05
194.720182447	0.06576700935613757	-4.514325185355286e-05
195.929624574	0.06634585905351173	-4.592286906035265e-05
197.13906670100002	0.06692436277374755	-4.6751687332259075e-05
198.348508828	0.06750254717149581	-4.762978512230093e-05
199.55795095500002	0.06808044056260086	-4.855692231927472e-05
200.767393082	0.06865807270274404	-4.953255018772147e-05
201.976835209	0.06923547456573864	-5.055582059978504e-05
203.18627733600002	0.06981267812244976	-5.162559357839783e-05
204.395719463	0.07038971612141864	-5.274044273092561e-05
205.60516159000002	0.070966621872245	-5.3898658708565264e-05
206.814603717	0.07154342903266034	-5.509825126015673e-05
208.02404584400003	0.07212017140013639	-5.633695072290203e-05
209.23348797100002	0.07269688270888867	-5.7612209866730185e-05
210.442930098	0.07327359643326285	-5.892120699870114e-05
211.65237222500002	0.07385034559863857	-6.026085112511605e-05
212.861814352	0.07442716260114367	-6.162778983161317e-05
214.07125647900003	0.07500407903753317	-6.30184203715186e-05
215.28069860600002	0.07558112554657917	-6.442890424800292e-05
216.490140733	0.0761583316632085	-6.585518534436494e-05
217.69958286000002	0.07673572568638638	-6.729301143039955e-05
218.909024987	0.07731333456146103	-6.873795866246639e-05
220.11846711400003	0.07789118377727657	-7.018545855853701e-05
221.32790924100001	0.07846929727799618	-7.163082686866863e-05
222.537351368	0.07904769738922147	-7.3069293783588e-05
223.74679349500002	0.07962640475773207	-7.44960350363439e-05
224.956235622	0.08020543830401816	-7.59062035517559e-05
226.16567774900003	0.0807848151867478	-7.729496143015109e-05
227.375119876	0.08136455077830865	-7.865751212116079e-05
228.584562003	0.08194465865064257	-7.998913267900747e-05
229.79400413000002	0.08252515057066556	-8.12852059649434e-05
231.003446257	0.08310603650459658	-8.254125263389839e-05
232.21288838400002	0.0836873246305586	-8.375296266785459e-05
233.422330511	0.0842690213588208	-8.491622617594861e-05
234.63177263800003	0.08485113135901441	-8.602716312636205e-05
235.84121476500002	0.08543365759367119	-8.70821516563633e-05
237.050656892	0.08601660135736403	-8.807785459022735e-05
238.26009901900002	0.0865999623207627	-8.901124381624839e-05
239.469541146	0.08718373857887508	-8.987962218529738e-05
240.67898327300003	0.08776792670278552	-9.068064263160688e-05
241.88842540000002	0.08835252179419958	-9.141232426534279e-05
243.097867527	0.0889375175421649	-9.207306523038514e-05
244.30730965400002	0.08952290628136424	-9.26616521715537e-05
245.516751781	0.09010867905143938	-9.317726621812725e-05
246.72619390800003	0.09069482565687711	-9.361948544207334e-05
247.93563603500002	0.09128133472705749	-9.398828381896457e-05
249.145078162	0.09186819377612478	-9.428402677432932e-05
250.35452028900002	0.09245538926247661	-9.450746346990023e-05
251.563962416	0.09304290664772663	-9.465971602293233e-05
252.77340454300003	0.0936307304551185	-9.474226588945117e-05
253.98284667000001	0.09421884432746142	-9.475693760833265e-05
255.192288797	0.0948072310846551	-9.470587998049174e-05
256.401730924	0.09539587278075015	-9.459154455627311e-05
257.61117305100004	0.09598475076014326	-9.441666108416825e-05
258.820615178	0.09657384571203168	-9.418420954352379e-05
260.030057305	0.09716313772194254	-9.389738883618624e-05
261.239499432	0.09775260631953867	-9.355958311536676e-05
262.448941559	0.09834223052305592	-9.317432756352634e-05
263.65838368600004	0.09893198888199783	-9.274527544107965e-05
264.867825813	0.0995218595200677	-9.227616724237497e-05
266.07726794	0.10011182017940745	-9.177080160556635e-05
267.286710067	0.10070184826588817	-9.123300717847442e-05
268.49615219400005	0.10129192089444503	-9.06666149915053e-05
269.70559432100004	0.10188201493344415	-9.007543147662896e-05
270.915036448	0.10247210704753315	-8.946321260850688e-05
272.124478575	0.10306217373885802	-8.883363966581334e-05
273.333920702	0.10365219138678332	-8.819029696768323e-05
274.54336282900005	0.10424213628634767	-8.753665178413972e-05
275.75280495600003	0.1048319846856483	-8.687603650889796e-05
276.962247083	0.10542171282231559	-8.621163312275831e-05
278.17168921	0.10601129695916509	-8.554645993784013e-05
279.381131337	0.1066007134190789	-8.488336058932663e-05
280.59057346400004	0.10718993861913015	-8.42249952357349e-05
281.80001559100003	0.10777894910393271	-8.357383389744587e-05
283.009457718	0.10836772157819546	-8.293215185639635e-05
284.218899845	0.10895623293843085	-8.230202702599887e-05
285.428341972	0.10954446030376738	-8.168533917699873e-05
286.63778409900004	0.11013238104580503	-8.108377090345481e-05
287.84722622600003	0.11071997281745538	-8.049881018688636e-05
289.056668353	0.11130721358069466	-7.993175442939753e-05
290.26611048	0.1118940816331739	-7.938371579476779e-05
291.475552607	0.11248055563362311	-7.885562771321568e-05
292.68499473400004	0.11306661462599243	-7.83482523924392e-05
293.89443686100003	0.11365223806229392	-7.786218918223037e-05
295.103878988	0.11423740582408708	-7.73978836395902e-05
296.313321115	0.11482209824258403	-7.695563715158331e-05
297.522763242	0.11540629611735836	-7.653561697143485e-05
298.73220536900004	0.11598998073361462	-7.613786654036073e-05
299.94164749600003	0.11657313387803755	-7.576231596777283e-05
301.151089623	0.1171557378531997	-7.540879255245325e-05
302.36053175	0.11773777549053027	-7.507703124806295e-05
303.569973877	0.11831923016186638	-7.476668496988852e-05
304.77941600400004	0.11890008578958512	-7.44773346631547e-05
305.98885813100003	0.11948032685534779	-7.420849905573693e-05
307.198300258	0.12005993840746554	-7.39596440281886e-05
308.407742385	0.12063890606692645	-7.373019154936766e-05
309.617184512	0.12121721603209398	-7.351952812907278e-05
310.82662663900004	0.12179485508212802	-7.33270127442117e-05
312.036068766	0.12237181057913751	-7.315198421987967e-05
313.245510893	0.12294807046912046	-7.29937680303619e-05
314.45495302	0.12352362328171056	-7.28516825124672e-05
315.664395147	0.12409845812877031	-7.272504447731858e-05
316.87383727400004	0.12467256470186995	-7.261317422437019e-05
318.083279401	0.12524593326868008	-7.251539995381528e-05
319.292721528	0.12581855466831565	-7.243106158570309e-05
320.502163655	0.1263904203056641	-7.235951401009244e-05
321.71160578200005	0.12696152214473042	-7.230012976349419e-05
322.92104790900004	0.12753185270103115	-7.225230117505373e-05
324.130490036	0.12810140503306955	-7.221544198990522e-05
325.339932163	0.1286701727329131	-7.218898851104466e-05
326.54937429	0.129238149915918	-7.217240027736042e-05
327.75881641700005	0.1298053312096233	-7.216516032405862e-05
328.96825854400004	0.13037171174184398	-7.216677505364477e-05
330.177700671	0.1309372871280109	-7.21767737615446e-05
331.387142798	0.13150205345777188	-7.21947078586617e-05
332.596584925	0.13206600728091325	-7.222014982414572e-05
333.80602705200005	0.132629145592623	-7.225269194866338e-05
335.01546917900004	0.133191465818147	-7.229194489217355e-05
336.224911306	0.13375296579686954	-7.233753611962136e-05
337.434353433	0.13431364376587668	-7.238910823905743e-05
338.64379556	0.13487349834302265	-7.24463172940594e-05
339.85323768700005	0.13543252850955467	-7.250883104480826e-05
341.06267981400003	0.13599073359234592	-7.257632726953046e-05
342.272121941	0.13654811324576108	-7.26484921233228e-05
343.481564068	0.13710466743321298	-7.272501858217664e-05
344.691006195	0.13766039640845154	-7.28056049958889e-05
345.90044832200005	0.13821530069662238	-7.288995377256226e-05
347.10989044900003	0.13876938107515674	-7.297777021397778e-05
348.319332576	0.13932263855452195	-7.3068761520469e-05
349.528774703	0.1398750743588898	-7.316263596741923e-05
350.73821683	0.1404266899067741	-7.32591022713485e-05
351.94765895700004	0.14097748679167696	-7.335786914497086e-05
353.15710108400003	0.14152746676279748	-7.345864504741673e-05
354.366543211	0.14207663170585802	-7.35611381198261e-05
355.575985338	0.14262498362408826	-7.366505631135022e-05
356.785427465	0.14317252461942337	-7.37701076781623e-05
357.99486959200004	0.14371925687396472	-7.387600085239851e-05
359.20431171900003	0.14426518263174914	-7.398244566674851e-05
360.413753846	0.14481030418087198	-7.408915391411697e-05
361.623195973	0.14535462383602019	-7.419584023527458e-05
362.8326381	0.14589814392144992	-7.430222310421918e-05
364.04208022700004	0.1464408667544545	-7.440802590625607e-05
365.25152235400003	0.14698279462936548	-7.451297807409621e-05
366.460964481	0.14752392980212514	-7.461681627103645e-05
367.670406608	0.14806427447546391	-7.4719285595869e-05
368.87984873500005	0.14860383078472417	-7.48201407892949e-05
370.08929086200004	0.14914260078435196	-7.491914742560439e-05
371.29873298900003	0.14968058643509458	-7.501608306240831e-05
372.508175116	0.1502177895919215	-7.511073833932347e-05
373.717617243	0.15075421199269526	-7.520291800202153e-05
374.92705937000005	0.15128985524761424	-7.529244183921736e-05
376.13650149700004	0.15182472082943596	-7.537914552104355e-05
377.34594362400003	0.1523588100645042	-7.546288132232598e-05
378.555385751	0.15289212412457862	-7.554351872457107e-05
379.764827878	0.1534246640194848	-7.562094489104235e-05
380.97427000500005	0.15395643059057784	-7.569506500455965e-05
382.18371213200004	0.1544874245050305	-7.57658024664893e-05
383.393154259	0.15501764625092826	-7.583309896482329e-05
384.602596386	0.15554709613318485	-7.589691439561543e-05
385.812038513	0.15607577427025565	-7.5957226653307e-05
387.02148064000005	0.1566036805916371	-7.601403129122754e-05
388.23092276700004	0.15713081483615346	-7.606734105581811e-05
389.440364894	0.15765717655099226	-7.611718530816172e-05
390.649807021	0.158182765091487	-7.616360933385136e-05
391.859249148	0.15870757962162113	-7.620667355851159e-05
393.06869127500005	0.15923161911522984	-7.624645267185343e-05
394.27813340200004	0.159754882357867	-7.628303468013888e-05
395.487575529	0.16027736794933384	-7.631651989230444e-05
396.697017656	0.1607990743068101	-7.634701985206188e-05
397.906459783	0.16131999966858146	-7.637465623291408e-05
399.11590191000005	0.16184014209833142	-7.63995596999266e-05
400.32534403700004	0.1623594994899516	-7.642186875380513e-05
401.534786164	0.16287806957285025	-7.644172857274902e-05
402.744228291	0.1633958499177231	-7.645928985223344e-05
403.953670418	0.16391283794275205	-7.647470765854633e-05
405.16311254500005	0.16442903092019104	-7.64881403056087e-05
406.37255467200004	0.1649444259833121	-7.649974826401916e-05
407.581996799	0.16545902013367333	-7.650969310285527e-05
408.791438926	0.1659728102486725	-7.651813647980947e-05
410.000881053	0.16648579308934064	-7.652523918304927e-05
411.21032318000005	0.1669979653083628	-7.653116022126628e-05
412.41976530700003	0.1675093234582606	-7.653605597739317e-05
413.629207434	0.16801986399973012	-7.654007942618606e-05
414.838649561	0.1685295833100792	-7.654337941098537e-05
416.04809168800006	0.16903847769173774	-7.654609998731556e-05
417.25753381500004	0.16954654338080963	-7.6548379837749e-05
418.46697594200003	0.17005377655564194	-7.655035174360114e-05
419.676418069	0.17056017334536613	-7.655214212826805e-05
420.885860196	0.17106572983838247	-7.655387066472959e-05
422.09530232300006	0.17157044209078204	-7.655564994265424e-05
423.30474445000004	0.17207430613465624	-7.655758519601111e-05
424.51418657700003	0.1725773179862818	-7.65597740875687e-05
425.723628704	0.17307947365414586	-7.656230655101598e-05
426.933070831	0.17358076914681536	-7.656526468010488e-05
428.14251295800005	0.17408120048059936	-7.656872266844673e-05
429.35195508500004	0.174580763687012	-7.657274679438199e-05
430.56139721200003	0.1750794548200003	-7.657739544598106e-05
431.770839339	0.17557726996293424	-7.65827191832897e-05
432.980281466	0.176074205235344	-7.658876083903657e-05
434.18972359300005	0.17657025679938887	-7.659555564592038e-05
435.39916572000004	0.177065420866042	-7.6603131397502e-05
436.60860784700003	0.17755969370100003	-7.661150862769972e-05
437.818049974	0.17805307163029158	-7.662070081768113e-05
439.027492101	0.17854555104558129	-7.663071462389419e-05
440.23693422800005	0.17903712840917668	-7.66415501152317e-05
441.44637635500004	0.1795278002587221	-7.665320103459466e-05
442.65581848200003	0.18001756321157475	-7.666565506667285e-05
443.865260609	0.18050641396887707	-7.667889411776437e-05
445.074702736	0.18099434931930317	-7.669289460679983e-05
446.28414486300005	0.18148136614249938	-7.670762776205986e-05
447.49358699000004	0.18196746141221282	-7.672305991790647e-05
448.703029117	0.18245263219910537	-7.673915282767341e-05
449.912471244	0.18293687567326197	-7.675586396695133e-05
451.121913371	0.183420189106402	-7.677314684670714e-05
452.33135549800005	0.18390256987378562	-7.679095132565907e-05
453.54079762500004	0.18438401545583413	-7.680922391644848e-05
454.750239752	0.1848645234394604	-7.682790810187648e-05
455.959681879	0.18534409151912423	-7.684694463559391e-05
457.169124006	0.18582271749761164	-7.686627184989685e-05
458.37856613300005	0.18630039928656061	-7.688582595753897e-05
459.58800826000004	0.18677713490671508	-7.690554134439503e-05
460.797450387	0.1872529224879465	-7.692535086338895e-05
462.006892514	0.1877277602690364	-7.69451861205011e-05
463.216334641	0.1882016465972223	-7.696497775176031e-05
464.42577676800005	0.18867457992753395	-7.698465569636569e-05
465.63521889500004	0.1891465588219166	-7.700414946503094e-05
466.844661022	0.18961758194815415	-7.702338839077859e-05
468.054103149	0.19008764807861026	-7.704230188367023e-05
469.26354527600006	0.19055675608878433	-7.706081966740545e-05
470.47298740300005	0.19102490495570162	-7.707887201273238e-05
471.68242953000004	0.19149209375614948	-7.709638995674443e-05
472.891871657	0.19195832166476046	-7.711330551718985e-05
474.101313784	0.1924235879519615	-7.712955189331967e-05
475.31075591100006	0.19288789198179862	-7.714506365869185e-05
476.52019803800005	0.19335123320964098	-7.715977694035606e-05
477.72964016500003	0.19381361117978382	-7.717362959396012e-05
478.939082292	0.19427502552295084	-7.718656136423974e-05
480.148524419	0.19473547595371626	-7.719851403432433e-05
481.35796654600006	0.1951949622678422	-7.720943156793066e-05
482.56740867300005	0.19565348433955793	-7.721926023911314e-05
483.77685080000003	0.19611104211877445	-7.722794875474927e-05
484.986292927	0.19656763562826113	-7.723544836532766e-05
486.195735054	0.19702326496077377	-7.724171296415346e-05
487.40517718100006	0.1974779302761533	-7.724669918254302e-05
488.61461930800004	0.19793163179841342	-7.72503664726934e-05
489.82406143500003	0.19838436981279509	-7.725267718102814e-05
491.033503562	0.19883614466283833	-7.725359661668943e-05
492.242945689	0.1992869567474407	-7.725309310903893e-05
493.45238781600005	0.19973680651792636	-7.725113805703669e-05
494.66182994300004	0.20018569447514012	-7.724770597388082e-05
495.87127207000003	0.20063362116656078	-7.724277452286592e-05
497.080714197	0.2010805871834367	-7.723632454671898e-05
498.290156324	0.2015265931579726	-7.722834008934594e-05
499.49959845100005	0.20197163976054525	-7.721880841229413e-05
500.70904057800004	0.20241572769697272	-7.720772000497332e-05
501.91848270500003	0.20285885770583312	-7.719506859084346e-05
503.127924832	0.20330103055584034	-7.7180851122809e-05
504.337366959	0.20374224704328792	-7.716506777693047e-05
505.54680908600005	0.20418250798954976	-7.71477219422105e-05
506.75625121300004	0.2046218142386573	-7.712882020121346e-05
507.96569334000003	0.2050601666549401	-7.71083723070682e-05
509.175135467	0.20549756612075318	-7.708639115646364e-05
510.384577594	0.20593401353428428	-7.706289275675147e-05
511.59401972100005	0.20636950980742189	-7.703789618578732e-05
512.803461848	0.20680405586373393	-7.701142355018113e-05
514.0129039750001	0.2072376526365122	-7.698349993879965e-05
515.2223461020001	0.20767030106691414	-7.695415336579636e-05
516.4317882290001	0.20810200210218313	-7.69234147175446e-05
517.641230356	0.2085327566939632	-7.689131768229794e-05
518.850672483	0.20896256579670858	-7.685789868879835e-05
520.06011461	0.2093914303661677	-7.682319682686574e-05
521.269556737	0.20981935135797086	-7.678725377435053e-05
522.478998864	0.21024632972630147	-7.675011370444386e-05
523.688440991	0.21067236642265713	-7.671182320765496e-05
524.897883118	0.2110974623947047	-7.667243118907041e-05
526.1073252450001	0.21152161858521404	-7.663198877093207e-05
527.3167673720001	0.21194483593109073	-7.659054918736537e-05
528.5262094990001	0.21236711536248082	-7.654816767494604e-05
529.735651626	0.21278845780197903	-7.650490135384554e-05
530.945093753	0.21320886416390905	-7.64608091138718e-05
532.15453588	0.2136283353536797	-7.641595148187574e-05
533.363978007	0.214046872267247	-7.637039049445196e-05
534.573420134	0.21446447579062602	-7.632418956246036e-05
535.782862261	0.2148811467995005	-7.62774133285949e-05
536.9923043880001	0.2152968861589037	-7.623012752244057e-05
538.2017465150001	0.2157116947229634	-7.618239881324387e-05
539.4111886420001	0.21612557333473634	-7.613429465474185e-05
540.6206307690001	0.21653852282610006	-7.608588312868828e-05
541.830072896	0.21695054401771052	-7.60372327805528e-05
543.039515023	0.21736163771903874	-7.59884124605821e-05
544.24895715	0.21777180472845722	-7.593949115288282e-05
545.458399277	0.21818104583339853	-7.589053780756444e-05
546.667841404	0.2185893618105637	-7.584162116545425e-05
547.877283531	0.21899675342619296	-7.579280958818456e-05
549.0867256580001	0.21940322143638816	-7.574417088416358e-05
550.2961677850001	0.21980876658749268	-7.569577213081477e-05
551.5056099120001	0.22021338961650985	-7.564767950091374e-05
552.715052039	0.22061709125157997	-7.559995808724927e-05
553.924494166	0.2210198722124898	-7.555267173341672e-05
555.133936293	0.22142173321123404	-7.550588285675994e-05
556.34337842	0.22182267495260974	-7.545965228340779e-05
557.552820547	0.22222269813485082	-7.54140390817025e-05
558.762262674	0.22262180345028862	-7.53691003987575e-05
559.971704801	0.22301999158605246	-7.532489130664295e-05
561.1811469280001	0.2234172632247889	-7.528146464747497e-05
562.3905890550001	0.22381361904540975	-7.523887089003027e-05
563.6000311820001	0.22420905972386507	-7.519715798743297e-05
564.809473309	0.2246035859339227	-7.515637124791592e-05
566.018915436	0.22499719834798282	-7.511655320714683e-05
567.228357563	0.2253898976378821	-7.507774351658662e-05
568.43779969	0.22578168447572886	-7.503997883268054e-05
569.647241817	0.22617255953472473	-7.500329272386135e-05
570.856683944	0.226562523490008	-7.496771557890039e-05
572.066126071	0.22695157701948562	-7.493327453166401e-05
573.2755681980001	0.22733972080466194	-7.489999339944063e-05
574.4850103250001	0.22772695553147398	-7.48678926215246e-05
575.6944524520001	0.22811328189109983	-7.483698922218507e-05
576.903894579	0.22849870058077257	-7.480729678012964e-05
578.113336706	0.22888321230457265	-7.477882540164564e-05
579.322778833	0.22926681777419877	-7.475158172467328e-05
580.53222096	0.22964951770973627	-7.472556891621393e-05
581.741663087	0.23003131284038358	-7.470078669082579e-05
582.951105214	0.23041220390516537	-7.467723134206052e-05
584.160547341	0.2307921916536218	-7.4654895784192e-05
585.3699894680001	0.23117127684646188	-7.463376960262051e-05
586.5794315950001	0.2315494602561985	-7.461383911873919e-05
587.7888737220001	0.23192674266773555	-7.459508746385235e-05
588.998315849	0.23230312487893925	-7.457749467046706e-05
590.207757976	0.2326786077011676	-7.45610377601482e-05
591.417200103	0.2330531919597576	-7.454569085501433e-05
592.62664223	0.23342687849448324	-7.453142528858307e-05
593.836084357	0.2337996681599834	-7.451820973183691e-05
595.045526484	0.23417156182613377	-7.450601032058662e-05
596.2549686110001	0.2345425603783951	-7.449479079319268e-05
597.4644107380001	0.2349126647181165	-7.448451263528978e-05
598.6738528650001	0.23528187576280346	-7.447513523093675e-05
599.8832949920001	0.23565019444633634	-7.446661601186351e-05
601.092737119	0.23601762171917448	-7.445891061856266e-05
602.302179246	0.2363841585484862	-7.445197305870795e-05
603.511621373	0.23674980591828085	-7.444575587230336e-05
604.7210635	0.23711456482947335	-7.444021029661026e-05
605.930505627	0.23747843629992843	-7.443528642988272e-05
607.139947754	0.23784142136445688	-7.443093339437427e-05
608.3493898810001	0.23820352107479975	-7.442709950447081e-05
609.5588320080001	0.23856473649955062	-7.442373242767808e-05
610.7682741350001	0.2389250687240744	-7.442077934270534e-05
611.9777162620001	0.23928451885037516	-7.441818709653068e-05
613.187158389	0.23964308799693762	-7.441590236091471e-05
614.396600516	0.24000077729855623	-7.441387177707301e-05
615.606042643	0.240357587906117	-7.441204210436453e-05
616.81548477	0.24071352098637083	-7.441036035033162e-05
618.024926897	0.24106857772167511	-7.440877390952304e-05
619.234369024	0.2414227593097158	-7.440723069094234e-05
620.4438111510001	0.24177606696321288	-7.440567923332718e-05
621.6532532780001	0.24212850190960097	-7.440406881575184e-05
622.8626954050001	0.24248006539069733	-7.440234956817768e-05
624.072137532	0.24283075866235648	-7.440047256653329e-05
625.281579659	0.24318058299410852	-7.439838992019318e-05
626.491021786	0.24352953966878002	-7.439605485733483e-05
627.700463913	0.24387762998211576	-7.43934217977936e-05
628.90990604	0.24422485524238788	-7.43904464197663e-05
630.119348167	0.24457121676998228	-7.438708571736764e-05
631.328790294	0.24491671589700434	-7.438329805464945e-05
632.5382324210001	0.24526135396685644	-7.437904320097173e-05
633.7476745480001	0.24560513233383166	-7.437428238099043e-05
634.9571166750001	0.24594805236268147	-7.436897829033243e-05
636.166558802	0.24629011542820875	-7.436309512088776e-05
637.376000929	0.24663132291484127	-7.435659858100879e-05
638.585443056	0.24697167621620839	-7.434945590044026e-05
639.794885183	0.24731117673472838	-7.43416358318285e-05
641.00432731	0.24764982588119508	-7.433310864912723e-05
642.213769437	0.2479876250743595	-7.432384613961437e-05
643.4232115640001	0.24832457574053116	-7.431382159025016e-05
644.6326536910001	0.248660679313175	-7.430300976809558e-05
645.8420958180001	0.24899593723250799	-7.429138689862835e-05
647.0515379450001	0.24933035094512954	-7.42789306398331e-05
648.260980072	0.2496639219036217	-7.42656200518662e-05
649.470422199	0.24999665156618653	-7.425143556071163e-05
650.679864326	0.25032854139628774	-7.423635892791179e-05
651.889306453	0.2506595928622881	-7.422037320701201e-05
653.09874858	0.2509898074371105	-7.420346270698742e-05
654.308190707	0.2513191865978967	-7.418561294441142e-05
655.5176328340001	0.2516477318256927	-7.41668106037565e-05
656.7270749610001	0.2519754446051377	-7.41470434919185e-05
657.9365170880001	0.25230232642415307	-7.412630048889493e-05
659.1459592150001	0.25262837877365935	-7.41045715038826e-05
660.355401342	0.2529536031473009	-7.408184742657177e-05
661.564843469	0.2532780010411725	-7.405812008325595e-05
662.774285596	0.25360157395357275	-7.40333821870106e-05
663.983727723	0.2539243233847608	-7.400762729111929e-05
665.19316985	0.2542462508367257	-7.398084974192393e-05
666.402611977	0.25456735781297224	-7.395304463573421e-05
667.6120541040001	0.2548876458183139	-7.392420777228674e-05
668.8214962310001	0.25520711635867976	-7.389433561123294e-05
670.0309383580001	0.25552577094094553	-7.386342523254923e-05
671.2403804850001	0.2558436110727513	-7.383147428998912e-05
672.449822612	0.25616063826235685	-7.37984809720954e-05
673.659264739	0.2564768540184946	-7.376444396778314e-05
674.868706866	0.2567922598502402	-7.372936242351462e-05
676.078148993	0.25710685726689386	-7.369323591129538e-05
677.28759112	0.25742064777786494	-7.365606439185997e-05
678.497033247	0.25773363289258594	-7.361784818256216e-05
679.7064753740001	0.2580458141204152	-7.357858792714222e-05
680.9159175010001	0.25835719297057025	-7.353828456575437e-05
682.1253596280001	0.2586677709520595	-7.34969393061443e-05
683.3348017550001	0.2589775495736193	-7.345455359987138e-05
684.544243882	0.25928653034368004	-7.341112911574306e-05
685.753686009	0.2595947147703192	-7.336666771697725e-05
686.963128136	0.2599021043612409	-7.332117143954431e-05
688.172570263	0.26020870062374535	-7.327464247488397e-05
689.38201239	0.2605145050647251	-7.322708314994389e-05
690.5914545170001	0.2608195191906549	-7.317849591238074e-05
691.8008966440001	0.2611237445075926	-7.31288833132563e-05
693.0103387710001	0.2614271825211927	-7.307824799622845e-05
694.2197808980001	0.2617298347367104	-7.302659268559365e-05
695.429223025	0.262031702659027	-7.297392017613889e-05
696.638665152	0.2623327877926688	-7.292023332523996e-05
697.848107279	0.2626330916418348	-7.286553504401092e-05
699.057549406	0.2629326157104336	-7.280982829132275e-05
700.266991533	0.26323136150210863	-7.275311607465342e-05
701.47643366	0.2635293305202758	-7.269540144413944e-05
702.6858757870001	0.26382652426817	-7.263668749274248e-05
703.8953179140001	0.26412294424887567	-7.25769773516436e-05
705.1047600410001	0.26441859196537243	-7.251627419989186e-05
706.3142021680001	0.2647134689205737	-7.245458126278921e-05
707.523644295	0.2650075766173715	-7.239190181718494e-05
708.733086422	0.26530091655867694	-7.232823919656184e-05
709.942528549	0.2655934902474576	-7.22635968005269e-05
711.151970676	0.2658852991867829	-7.219797809938401e-05
712.361412803	0.26617634487984726	-7.213138664564044e-05
713.57085493	0.26646662883002414	-7.20638260860839e-05
714.7802970570001	0.266756152540887	-7.199530016879785e-05
715.9897391840001	0.2670449175162376	-7.192581276156337e-05
717.1991813110001	0.26733292526014285	-7.185536786092142e-05
718.4086234380001	0.26762017727694876	-7.178396960898226e-05
719.618065565	0.26790667507130944	-7.171162230991922e-05
720.827507692	0.268192420148196	-7.163833044286638e-05
722.036949819	0.2684774140129121	-7.156409868405537e-05
723.246391946	0.2687616581711081	-7.148893192284941e-05
724.455834073	0.2690451541287759	-7.141283527621438e-05
725.6652762	0.26932790339225965	-7.133581411374566e-05
726.8747183270001	0.26960990746824753	-7.125787407736249e-05
728.0841604540001	0.26989116786376627	-7.117902109472253e-05
729.2936025810001	0.2701716860861687	-7.109926140741636e-05
730.5030447080001	0.2704514636431162	-7.101860158718887e-05
731.712486835	0.270730502042565	-7.093704855757992e-05
732.921928962	0.27100880279273853	-7.085460961751139e-05
734.131371089	0.271286367402107	-7.077129246034312e-05
735.340813216	0.27156319737934803	-7.068710519018105e-05
736.550255343	0.2718392942333263	-7.060205635297037e-05
737.7596974700001	0.2721146594730421	-7.051615494525071e-05
738.9691395970001	0.2723892946076089	-7.042941044307222e-05
740.1785817240001	0.2726632011462031	-7.034183281715879e-05
741.3880238510001	0.2729363805980222	-7.025343254860907e-05
742.5974659780001	0.27320883447224	-7.016422065480102e-05
743.806908105	0.27348056427796036	-7.007420869974482e-05
745.016350232	0.2737515715241701	-6.998340881464102e-05
746.225792359	0.2740218577196897	-6.989183370738512e-05
747.435234486	0.2742914243731209	-6.97994966816877e-05
748.644676613	0.2745602729928015	-6.97064116476024e-05
749.8541187400001	0.27482840508674977	-6.961259313366559e-05
751.0635608670001	0.27509582216261663	-6.951805629325063e-05
752.2730029940001	0.2753625257276324	-6.942281692070944e-05
753.4824451210001	0.27562851728856713	-6.932689144653094e-05
754.6918872480001	0.27589379835167105	-6.923029695176525e-05
755.901329375	0.2761583704226331	-6.913305116358799e-05
757.110771502	0.27642223500653507	-6.903517246148634e-05
758.320213629	0.2766853936077985	-6.893667987267586e-05
759.529655756	0.2769478477301583	-6.883759307012988e-05
760.739097883	0.2772095988766115	-6.873793236949859e-05
761.9485400100001	0.27747064854937026	-6.863771871705275e-05
763.1579821370001	0.2777309982498429	-6.853697368062149e-05
764.3674242640001	0.27799064947858554	-6.843571944081632e-05
765.5768663910001	0.27824960373527546	-6.833397877247828e-05
766.786308518	0.2785078625186798	-6.82317750322018e-05
767.995750645	0.27876542732662324	-6.812913213478586e-05
769.205192772	0.27902229965597347	-6.802607453382063e-05
770.414634899	0.2792784810026061	-6.792262719912574e-05
771.624077026	0.2795339728613918	-6.781881558945782e-05
772.833519153	0.279788776726176	-6.771466562240439e-05
774.0429612800001	0.2800428940897626	-6.761020364775237e-05
775.2524034070001	0.2802963264438994	-6.750545640953759e-05
776.4618455340001	0.28054907527926365	-6.740045101874537e-05
777.6712876610001	0.28080114208546364	-6.72952149094394e-05
778.880729788	0.28105252835102046	-6.718977580140104e-05
780.090171915	0.28130323556336023	-6.708416166242501e-05
781.299614042	0.28155326520882223	-6.697840066350463e-05
782.509056169	0.2818026187726482	-6.687252113726956e-05
783.718498296	0.28205129773898296	-6.676655152578967e-05
784.9279404230001	0.28229930359087496	-6.666052034207635e-05
786.1373825500001	0.2825466378102829	-6.655445611489577e-05
787.3468246770001	0.2827933018780643	-6.644838734503299e-05
788.5562668040001	0.2830392972740002	-6.634234245136116e-05
789.7657089310001	0.28328462547678246	-6.623634972000719e-05
790.975151058	0.28352928796402777	-6.613043725273854e-05
792.184593185	0.28377328621228015	-6.602463291328388e-05
793.394035312	0.2840166216970243	-6.59189642800203e-05
794.603477439	0.28425929589268345	-6.581345858608714e-05
795.812919566	0.2845013102726272	-6.570814267029337e-05
797.0223616930001	0.28474266630918	-6.560304292141383e-05
798.2318038200001	0.28498336547363345	-6.549818523044967e-05
799.4412459470001	0.28522340923624484	-6.539359493590649e-05
800.6506880740001	0.2854627990662457	-6.52892967717561e-05
801.8601302010001	0.2857015364318538	-6.518531482053655e-05
803.069572328	0.2859396228002689	-6.508167246048815e-05
804.279014455	0.28617705963768264	-6.497839231928322e-05
805.488456582	0.28641384840928524	-6.48754962306302e-05
806.697898709	0.2866499905792672	-6.477300518330925e-05
807.907340836	0.28688548761082067	-6.467093928228147e-05
809.1167829630001	0.2871203409661446	-6.456931770548388e-05
810.3262250900001	0.2873545521064461	-6.446815866723368e-05
811.5356672170001	0.28758812249193977	-6.43674793774536e-05
812.7451093440001	0.2878210535818475	-6.426729601197861e-05
813.9545514710001	0.28805334683440065	-6.416762367651707e-05
815.163993598	0.28828500370683746	-6.406847637717081e-05
816.373435725	0.2885160256553985	-6.396986699369264e-05
817.582877852	0.2887464141353272	-6.387180726017197e-05
818.792319979	0.28897617060086034	-6.377430773650897e-05
820.001762106	0.28920529650522936	-6.367737779614142e-05
821.2112042330001	0.2894337933006488	-6.35810256079325e-05
822.4206463600001	0.28966166243832037	-6.348525812434162e-05
823.6300884870001	0.28988890536840733	-6.339008107653088e-05
824.8395306140001	0.2901155235400474	-6.329549895978115e-05
826.0489727410001	0.29034151840133027	-6.320151504220391e-05
827.258414868	0.2905668913992942	-6.310813135708242e-05
828.467856995	0.2907916439799199	-6.301534870939082e-05
829.677299122	0.2910157775881076	-6.292316668730404e-05
830.886741249	0.29123929366768253	-6.283158366281183e-05
832.0961833760001	0.29146219366136883	-6.274059681599976e-05
833.3056255030001	0.2916844790107873	-6.265020214364474e-05
834.5150676300001	0.2919061511564428	-6.256039448193813e-05
835.7245097570001	0.29212721153770754	-6.247116753243728e-05
836.9339518840001	0.2923476615928121	-6.238251388017424e-05
838.143394011	0.292567502758827	-6.22944250242563e-05
839.352836138	0.29278673647165326	-6.220689141102007e-05
840.562278265	0.29300536416601275	-6.211990246398312e-05
841.771720392	0.2932233872754216	-6.203344662125167e-05
842.981162519	0.29344080723218857	-6.194751137305644e-05
844.1906046460001	0.2936576254673922	-6.186208329908918e-05
845.4000467730001	0.2938738434108716	-6.177714811207019e-05
846.6094889000001	0.29408946249120593	-6.16926907036075e-05
847.8189310270001	0.2943044841357094	-6.160869518320906e-05
849.0283731540001	0.29451890977040185	-6.152514492701981e-05
850.237815281	0.29473274082000506	-6.144202262818761e-05
851.447257408	0.29494597870791966	-6.135931034389856e-05
852.656699535	0.295158624856218	-6.127698954239494e-05
853.866141662	0.2953706806856189	-6.119504115584089e-05
855.075583789	0.2955821476154784	-6.111344563079421e-05
856.2850259160001	0.2957930270637701	-6.103218297710822e-05
857.4944680430001	0.296003320447073	-6.095123282255123e-05
858.7039101700001	0.2962130291805494	-6.087057446380918e-05
859.9133522970001	0.2964221546779362	-6.079018691530942e-05
861.1227944240001	0.29663069835151723	-6.071004895978095e-05
862.332236551	0.2968386616121135	-6.063013920339956e-05
863.541678678	0.2970460458690657	-6.055043611982551e-05
864.751120805	0.2972528525302252	-6.04709181051509e-05
865.960562932	0.2974590830019186	-6.03915635201107e-05
867.170005059	0.2976647386889476	-6.0312350742729864e-05
868.3794471860001	0.29786982099455783	-6.0233258212733995e-05
869.5888893130001	0.2980743313204293	-6.0154264473375255e-05
870.7983314400001	0.2982782710666566	-6.007534821544404e-05
872.0077735670001	0.29848164163173424	-5.999648832698788e-05
873.2172156940001	0.29868444441252856	-5.9917663926134165e-05
874.426657821	0.29888668080426667	-5.983885440212673e-05
875.636099948	0.2990883522005168	-5.9760039450115765e-05
876.845542075	0.2992894599931663	-5.9681199115375894e-05
878.054984202	0.29949000557240807	-5.960231381570667e-05
879.2644263290001	0.2996899903267127	-5.9523364382436245e-05
880.4738684560001	0.29988941564281746	-5.94443320859582e-05
881.6833105830001	0.30008828290569933	-5.936519866754468e-05
882.8927527100001	0.3002865934985611	-5.92859463647219e-05
884.1021948370001	0.30048434880280217	-5.920655793189081e-05
885.3116369640001	0.3006815501980106	-5.9127016666870105e-05
886.521079091	0.300878199061935	-5.904730643554838e-05
887.730521218	0.3010742967704566	-5.8967411683734025e-05
888.939963345	0.3012698446975879	-5.888731745718953e-05
890.149405472	0.3014648442154329	-5.8807009418716805e-05
891.3588475990001	0.3016592966941755	-5.8726473861282075e-05
892.5682897260001	0.3018532035020565	-5.8645697717216866e-05
893.7777318530001	0.3020465660053496	-5.8564668569627276e-05
894.9871739800001	0.3022393855683426	-5.848337466388652e-05
896.1966161070001	0.3024316635533167	-5.840180491026997e-05
897.406058234	0.3026234013205253	-5.831994889554139e-05
898.615500361	0.30281460022816764	-5.823779687532532e-05
899.824942488	0.3030052616323732	-5.815533978714357e-05
901.034384615	0.3031953868871753	-5.8072569250000594e-05
902.243826742	0.30338497734449843	-5.798947755772561e-05
903.4532688690001	0.3035740343541201	-5.7906057681347475e-05
904.6627109960001	0.3037625592636691	-5.7822303269580363e-05
905.8721531230001	0.30395055341858856	-5.7738208639182206e-05
907.0815952500001	0.3041380181621292	-5.7653768772687394e-05
908.2910373770001	0.30432495483531363	-5.756897930812681e-05
909.500479504	0.30451136477692503	-5.748383654013804e-05
910.709921631	0.304697249323488	-5.739833740183928e-05
911.919363758	0.3048826098092403	-5.7312479463070276e-05
913.128805885	0.3050674475661199	-5.722626091730562e-05
914.338248012	0.3052517639237418	-5.7139680572573445e-05
915.5476901390001	0.3054355602093768	-5.7052737835284334e-05
916.7571322660001	0.30561883774794035	-5.696543270963805e-05
917.9665743930001	0.3058015978619602	-5.6877765770820335e-05
919.1760165200001	0.3059838418715711	-5.678973816086556e-05
920.3854586470001	0.30616557109448916	-5.670135157351784e-05
921.594900774	0.3063467868459943	-5.6612608238965426e-05
922.804342901	0.3065274904389158	-5.652351090801484e-05
924.013785028	0.3067076831836114	-5.643406284349187e-05
925.223227155	0.3068873663879566	-5.634426779383729e-05
926.432669282	0.30706654135731937	-5.625412999278254e-05
927.6421114090001	0.307245209394551	-5.616365412868668e-05
928.8515535360001	0.3074233717999718	-5.6072845335609564e-05
930.0609956630001	0.30760102987135074	-5.5981709180735056e-05
931.2704377900001	0.3077781849038956	-5.589025163854275e-05
932.4798799170001	0.30795483819024044	-5.5798479083124866e-05
933.689322044	0.3081309910204219	-5.570639826814501e-05
934.898764171	0.3083066446818817	-5.56140163112985e-05
936.108206298	0.3084818004594403	-5.552134067732771e-05
937.317648425	0.30865645963529525	-5.5428379158492525e-05
938.5270905520001	0.30883062348900886	-5.533513986173341e-05
939.7365326790001	0.3090042932974892	-5.524163119434086e-05
940.9459748060001	0.30917747033499454	-5.5147861840002324e-05
942.1554169330001	0.30935015587310644	-5.505384075021706e-05
943.3648590600001	0.3095223511807361	-5.495957712404326e-05
944.5743011870001	0.3096940575241105	-5.486508039233111e-05
945.783743314	0.30986527616676574	-5.4770360204646484e-05
946.993185441	0.3100360083695356	-5.4675426408058725e-05
948.202627568	0.3102062553905526	-5.458028903842366e-05
949.412069695	0.3103760184852379	-5.448495829774025e-05
950.6215118220001	0.3105452989062967	-5.438944454652303e-05
951.8309539490001	0.31071409790371385	-5.42937582820955e-05
953.0403960760001	0.3108824167247513	-5.419791012969272e-05
954.2498382030001	0.3110502566139489	-5.4101910819228174e-05
955.4592803300001	0.3112176188131073	-5.4005771180766146e-05
956.6687224570001	0.31138450456130495	-5.390950212824479e-05
957.878164584	0.3115509150948827	-5.381311464340392e-05
959.087606711	0.31171685164744933	-5.371661976045529e-05
960.297048838	0.3118823154498788	-5.362002856217421e-05
961.506490965	0.3120473077303157	-5.3523352154409565e-05
962.7159330920001	0.31221182971417033	-5.342660166421983e-05
963.9253752190001	0.3123758826241222	-5.3329788221393934e-05
965.1348173460001	0.3125394676801244	-5.3232922949124524e-05
966.3442594730001	0.31270258609940094	-5.313601695400207e-05
967.5537016000001	0.31286523909645475	-5.303908131083345e-05
968.763143727	0.3130274278830698	-5.294212705400127e-05
969.972585854	0.3131891536683127	-5.284516517024308e-05
971.182027981	0.31335041765854743	-5.2748206580831465e-05
972.391470108	0.3135112210574245	-5.265126214108046e-05
973.600912235	0.31367156506589805	-5.2554342620345085e-05
974.8103543620001	0.3138314508822325	-5.245745870329551e-05
976.0197964890001	0.31399087970199524	-5.2360620975053056e-05
977.2292386160001	0.31414985271808926	-5.226383991242638e-05
978.4386807430001	0.3143083711207235	-5.21671258777931e-05
979.6481228700001	0.314466436097458	-5.2070489114289416e-05
980.857564997	0.3146240488331882	-5.197393973069807e-05
982.067007124	0.314781210510157	-5.1877487700813414e-05
983.276449251	0.31493792230797196	-5.178114285718082e-05
984.485891378	0.3150941854036011	-5.168491488111073e-05
985.6953335050001	0.31525000097139316	-5.158881329509098e-05
986.9047756320001	0.3154053701830774	-5.149284746734997e-05
988.1142177590001	0.3155602942077765	-5.139702659242868e-05
989.3236598860001	0.31571477421202876	-5.130135969575421e-05
990.5331020130001	0.31586881135976524	-5.120585562701577e-05
991.7425441400001	0.31602240681235705	-5.1110523053959564e-05
992.951986267	0.31617556172860145	-5.101537046032015e-05
994.161428394	0.31632827726473767	-5.0920406142309325e-05
995.370870521	0.31648055457446134	-5.0825638202031155e-05
996.580312648	0.31663239480892796	-5.073107455154033e-05
997.7897547750001	0.3167837991167629	-5.063672290247633e-05
998.9991969020001	0.3169347686440793	-5.0542590765929873e-05
1000.2086390290001	0.31708530453448036	-5.04486854536277e-05
1001.4180811560001	0.3172354079290697	-5.0355014074804014e-05
1002.6275232830001	0.3173850799664699	-5.026158353119668e-05
1003.8369654100001	0.3175343217828216	-5.0168400517663046e-05
1005.046407537	0.3176831345117972	-5.007547152365184e-05
1006.255849664	0.317831519284613	-4.998280282904853e-05
1007.465291791	0.31797947723003583	-4.989040050767512e-05
1008.674733918	0.31812700947439476	-4.9798270423750436e-05
1009.8841760450001	0.31827411714158765	-4.970641823477586e-05
1011.0936181720001	0.31842080135309236	-4.961484938600241e-05
1012.3030602990001	0.3185670632279741	-4.952356912119645e-05
1013.5125024260001	0.3187129038828987	-4.9432582472980734e-05
1014.7219445530001	0.31885832443212964	-4.9341894271752625e-05
1015.9313866800001	0.3190033259875522	-4.925150913953971e-05
1017.140828807	0.3191479096586709	-4.916143150187572e-05
1018.350270934	0.3192920765526187	-4.907166557587255e-05
1019.559713061	0.31943582777416824	-4.8982215387652524e-05
1020.769155188	0.319579164425734	-4.889308475994163e-05
1021.9785973150001	0.31972208760738885	-4.880427732397146e-05
1023.1880394420001	0.31986459841685505	-4.871579651747216e-05
1024.397481569	0.32000669794952935	-4.86276455885842e-05
1025.606923696	0.3201483872984712	-4.853982759878139e-05
1026.816365823	0.3202896675544285	-4.8452345424251746e-05
1028.0258079500002	0.3204305398058256	-4.836520176292134e-05
1029.235250077	0.3205710051387745	-4.8278399133832445e-05
1030.4446922040001	0.32071106463708815	-4.819193988162343e-05
1031.654134331	0.32085071938227794	-4.8105826179461325e-05
1032.8635764580001	0.3209899704535527	-4.802006003203421e-05
1034.073018585	0.3211288189278384	-4.793464328051427e-05
1035.282460712	0.3212672658797675	-4.784957761035796e-05
1036.491902839	0.32140531238169073	-4.776486454636988e-05
1037.701344966	0.3215429595036857	-4.768050546220641e-05
1038.9107870930002	0.3216802083135438	-4.759650158400828e-05
1040.12022922	0.3218170598767918	-4.751285399249867e-05
1041.3296713470002	0.3219535152566783	-4.742956362907384e-05
1042.539113474	0.32208957551419154	-4.734663129886841e-05
1043.7485556010001	0.3222252417080481	-4.726405767591004e-05
1044.957997728	0.32236051489470546	-4.7181843309180606e-05
1046.167439855	0.32249539612835815	-4.7099988620426074e-05
1047.376881982	0.3226298864609402	-4.7018493915169414e-05
1048.586324109	0.3227639869421332	-4.693735938394398e-05
1049.795766236	0.3228976986193546	-4.685658510685583e-05
1051.005208363	0.3230310225377683	-4.677617105887551e-05
1052.2146504900002	0.3231639597402851	-4.669611711334391e-05
1053.424092617	0.323296511267566	-4.6616423048879974e-05
1054.6335347440001	0.323428678158012	-4.6537088544605816e-05
1055.842976871	0.3235604614477733	-4.6458113199948636e-05
1057.0524189980001	0.3236918621707454	-4.6379496524917574e-05
1058.261861125	0.3238228813585758	-4.630123795418446e-05
1059.471303252	0.3239535200406606	-4.6223336840092895e-05
1060.680745379	0.32408377924413917	-4.6145792472215494e-05
1061.890187506	0.3242136599938986	-4.6068604065205646e-05
1063.0996296330002	0.3243431633125785	-4.599177077583682e-05
1064.30907176	0.32447229022056395	-4.5915291698468e-05
1065.5185138870002	0.324601041735987	-4.58391658751953e-05
1066.727956014	0.32472941887472573	-4.576339229806544e-05
1067.9373981410001	0.3248574226504076	-4.568796990836541e-05
1069.146840268	0.32498505407440204	-4.5612897606756714e-05
1070.356282395	0.325112314155831	-4.5538174252506e-05
1071.565724522	0.3252392039015547	-4.5463798674589065e-05
1072.775166649	0.3253657243161858	-4.538976966203881e-05
1073.9846087760002	0.3254918764020815	-4.531608598148853e-05
1075.194050903	0.3256176611593434	-4.5242746372869784e-05
1076.4034930300002	0.32574307958582094	-4.5169749556264564e-05
1077.612935157	0.32586813267710996	-4.509709423005607e-05
1078.8223772840001	0.32599282142654945	-4.502477908110373e-05
1080.031819411	0.32611714682522525	-4.4952802781769025e-05
1081.2412615380001	0.3262411098619722	-4.4881164000774854e-05
1082.450703665	0.3263647115233766	-4.4809861399854045e-05
1083.660145792	0.3264879527937705	-4.4738893636756503e-05
1084.869587919	0.3266108346552353	-4.4668259372242745e-05
1086.079030046	0.32673335808760107	-4.459795726892077e-05
1087.2884721730002	0.32685552406845525	-4.45279859959298e-05
1088.4979143	0.32697733357313613	-4.445834423442898e-05
1089.7073564270001	0.3270987875747427	-4.4389030676165314e-05
1090.916798554	0.3272198870441263	-4.432004402840292e-05
1092.1262406810001	0.3273406329499025	-4.4251383014493745e-05
1093.335682808	0.3274610262584439	-4.4183046378301095e-05
1094.545124935	0.3275810679338976	-4.411503288534284e-05
1095.754567062	0.32770075893817074	-4.404734132790449e-05
1096.964009189	0.327820100230945	-4.3979970522706885e-05
1098.1734513160002	0.32793909276967315	-4.391291931715117e-05
1099.382893443	0.32805773750958706	-4.384618659176477e-05
1100.5923355700002	0.32817603540369944	-4.3779771261193666e-05
1101.801777697	0.328293987402803	-4.371367227306959e-05
1103.0112198240001	0.3284115944554892	-4.3647888615154506e-05
1104.220661951	0.3285288575081283	-4.358241931631552e-05
1105.430104078	0.3286457775048944	-4.351726344746683e-05
1106.639546205	0.32876235538776355	-4.345242012365313e-05
1107.848988332	0.3288785920965015	-4.3387888508566834e-05
1109.058430459	0.32899448856869234	-4.332366781182803e-05
1110.267872586	0.329110045739728	-4.325975729388334e-05
1111.4773147130002	0.3292252645428123	-4.319615626733296e-05
1112.68675684	0.32934014590896504	-4.3132864097785925e-05
1113.8961989670001	0.32945469076703804	-4.306988020848831e-05
1115.105641094	0.3295689000436951	-4.300720407593092e-05
1116.3150832210001	0.32968277466343	-4.294483523732771e-05
1117.524525348	0.3297963155485697	-4.288277328528146e-05
1118.733967475	0.32990952361926945	-4.282101787529734e-05
1119.943409602	0.3300223997935202	-4.2759568723882944e-05
1121.152851729	0.33013494498714835	-4.2698425605369825e-05
1122.3622938560002	0.3302471601138151	-4.26375883627139e-05
1123.571735983	0.33035904608502076	-4.257705689081348e-05
1124.7811781100002	0.3304706038101044	-4.2516831152279635e-05
1125.990620237	0.33058183419624254	-4.245691116398515e-05
1127.2000623640001	0.33069273814844674	-4.239729700382909e-05
1128.409504491	0.33080331656956563	-4.233798880979526e-05
1129.618946618	0.3309135703602871	-4.227898676710919e-05
1130.828388745	0.3310235004191299	-4.2220291116594304e-05
1132.037830872	0.33113310764244563	-4.21619021420969e-05
1133.2472729990002	0.3312423929244144	-4.210382017177071e-05
1134.456715126	0.3313513571570397	-4.204604557268279e-05
1135.6661572530002	0.3314600012301586	-4.198857874255016e-05
1136.87559938	0.3315683260314132	-4.193142009906083e-05
1138.0850415070001	0.3316763324462778	-4.187457008038948e-05
1139.294483634	0.33178402135803015	-4.1818029129056696e-05
1140.5039257610001	0.3318913936477637	-4.1761797685386896e-05
1141.713367888	0.3319984501943747	-4.1705876175131534e-05
1142.922810015	0.3321051918745668	-4.1650264998839125e-05
1144.132252142	0.332211619562836	-4.1594964519610714e-05
1145.341694269	0.3323177341314814	-4.1539975044547e-05
1146.5511363960002	0.33242353645059464	-4.1485296814170423e-05
1147.760578523	0.3325290273880561	-4.1430929985756225e-05
1148.9700206500002	0.332634207809535	-4.137687461556799e-05
1150.179462777	0.3327390785784963	-4.132313063869367e-05
1151.3889049040001	0.3328436405561895	-4.1269697854961346e-05
1152.598347031	0.3329478946016489	-4.121657590438251e-05
1153.807789158	0.3330518415717011	-4.116376425346681e-05
1155.017231285	0.33315548232096714	-4.1111262167551916e-05
1156.226673412	0.3332588177018635	-4.105906869644217e-05
1157.4361155390002	0.33336184856460405	-4.10071826485686e-05
1158.645557666	0.33346457575720917	-4.09556025716051e-05
1159.8549997930002	0.33356700012551366	-4.0904326734703556e-05
1161.06444192	0.33366912251317415	-4.085335310053794e-05
1162.2738840470001	0.3337709437616801	-4.0802679310319306e-05
1163.483326174	0.3338724647103654	-4.0752302666315424e-05
1164.6927683010001	0.33397368619642553	-4.070222010740983e-05
1165.902210428	0.33407460905492065	-4.065242819631127e-05
1167.111652555	0.3341752341188125	-4.0602923105037114e-05
1168.321094682	0.33427556221896554	-4.055370059743643e-05
1169.530536809	0.33437559418418	-4.050475602253127e-05
1170.7399789360002	0.3344753308412121	-4.045608430045542e-05
1171.949421063	0.3345747730147952	-4.0407679917033815e-05
1173.1588631900001	0.33467392152767256	-4.0359536923599126e-05
1174.368305317	0.3347727772006285	-4.0311648928659845e-05
1175.5777474440001	0.33487134085251724	-4.0264009110062456e-05
1176.787189571	0.33496961330028896	-4.021661021742567e-05
1177.996631698	0.33506759535903835	-4.016944457674093e-05
1179.206073825	0.3351652878420398	-4.012250411051946e-05
1180.415515952	0.3352626915607851	-4.007578035569899e-05
1181.6249580790002	0.33535980732502996	-4.002926448398074e-05
1182.834400206	0.3354566359428237	-3.998294732378846e-05
1184.0438423330002	0.3355531782205734	-3.99368194006571e-05
1185.25328446	0.3356494349630741	-3.989087095979723e-05
1186.4627265870001	0.3357454069735618	-3.984509201329905e-05
1187.672168714	0.335841095053766	-3.9799472371481424e-05
1188.881610841	0.3359365000039435	-3.975400169362042e-05
1190.091052968	0.33603162262294395	-3.970866953350747e-05
1191.300495095	0.33612646370823673	-3.9663465390415986e-05
1192.5099372220002	0.3362210240559649	-3.961837875353412e-05
1193.719379349	0.3363153044609801	-3.95733991579131e-05
1194.9288214760002	0.33640930571688565	-3.9528516234464944e-05
1196.138263603	0.33650302861607073	-3.948371976598454e-05
1197.3477057300001	0.33659647394973097	-3.943899973396937e-05
1198.557147857	0.336689642507899	-3.939434637286474e-05
1199.7665899840001	0.336782535079449	-3.9349750217405714e-05
1200.976032111	0.3368751524521199	-3.9305202148925966e-05
1202.185474238	0.33696749541250226	-3.926069344170656e-05
1203.394916365	0.3370595647460346	-3.921621580415201e-05
1204.604358492	0.3371513612369842	-3.917176142894394e-05
1205.8138006190002	0.33724288566841415	-3.912732301915691e-05
1207.023242746	0.33733413882216573	-3.908289383441985e-05
1208.2326848730002	0.33742512147878356	-3.903846772251255e-05
1209.442127	0.3375158344174845	-3.899403915996096e-05
