0.0	0.0	0.0
1.209442127	1.1400915906478257e-06	-1.4812527340386192e-08
2.418884254	4.6837049951684335e-06	-1.5755988455217458e-08
3.6283263810000004	1.0884500615291713e-05	-1.6844920222052113e-08
4.837768508	2.0176363622066222e-05	-1.805867591951271e-08
6.047210635000001	3.315968033605089e-05	-1.9404049798143845e-08
7.256652762000001	5.0593923829306594e-05	-2.094449528499125e-08
8.466094889	7.338892249916418e-05	-2.2620247470226816e-08
9.675537016	0.00010259436130111633	-2.443389446188924e-08
10.884979143	0.00013938783859282253	-2.636518345490316e-08
12.094421270000002	0.0001850618025211107	-2.8419704496397647e-08
13.303863397	0.0002410094098281755	-3.057428842349538e-08
14.513305524000002	0.00030870960821206876	-3.280986443388598e-08
15.722747651	0.0003897115574219813	-3.50982687076333e-08
16.932189778	0.00048561864644810674	-3.743349859643488e-08
18.141631905	0.0005980722543286076	-3.982278567180638e-08
19.351074032	0.0007287354850643273	-4.2264601205757243e-08
20.560516159000002	0.000879277104049371	-4.4770096880946374e-08
21.769958286	0.0010513557531323455	-4.7355325795460715e-08
22.979400413	0.0012466047159978115	-5.005352051975012e-08
24.188842540000003	0.0014666172997575895	-5.288243533916118e-08
25.398284667000002	0.0017129331585695583	-5.5781878159980036e-08
26.607726794	0.0019870253374205888	-5.8837751123726537e-08
27.817168921	0.0022902884869940346	-6.214654789979228e-08
29.026611048000003	0.002624028217820801	-6.584364751040586e-08
30.236053175000002	0.0029894516078838324	-7.009514246185226e-08
31.445495302	0.0033876589490617584	-7.511505444122296e-08
32.654937429	0.0038196367862710573	-8.120652790141736e-08
33.864379556	0.004286252261677006	-8.881727237008974e-08
35.073821683000006	0.004788248765097319	-9.85888865194344e-08
36.28326381	0.005326242890286596	-1.1137974926340652e-07
37.492705937000004	0.005900722678495513	-1.2825828071350368e-07
38.702148064	0.006512047112022603	-1.504677480798286e-07
39.911590191	0.007160446810019078	-1.793561391666594e-07
41.121032318000005	0.007846025861501852	-2.1626824042806497e-07
42.330474445	0.00856876469263519	-2.6242349438886786e-07
43.539916572	0.009328523821132197	-3.188334848150398e-07
44.749358699000005	0.0101250483400857	-3.863091253804643e-07
45.958800826	0.01095797301446028	-4.6555894045582566e-07
47.168242953000004	0.011826827928387181	-5.573256344542851e-07
48.377685080000006	0.012731044644748132	-6.624931136478031e-07
49.587127207	0.013669962827809285	-7.821233721522908e-07
50.796569334000004	0.014642837256231866	-9.174231372357719e-07
52.00601146100001	0.015648845132586096	-1.0696656999576414e-06
53.215453588	0.016687093584211825	-1.2400957917772966e-06
54.424895715000005	0.01775662725144397	-1.429834719304801e-06
55.634337842	0.018856435869082318	-1.6397922730174846e-06
56.843779969	0.019985461759298797	-1.870586770530338e-06
58.053222096000006	0.021142607165146907	-2.122474226677693e-06
59.262664223	0.02232674136258286	-2.3952894677792616e-06
60.472106350000004	0.023536707495957522	-2.6884040318676805e-06
61.68154847700001	0.024771329088136666	-3.000706836528075e-06
62.890990604	0.026029416182261317	-3.3306133181100137e-06
64.100432731	0.027309771078121492	-3.6761069315879163e-06
65.309874858	0.028611193632536613	-4.0348136723352204e-06
66.519316985	0.029932486100299936	-4.404106287518236e-06
67.728759112	0.03127245750026564	-4.781230875352399e-06
68.93820123900001	0.03262992749966511	-5.163445575656102e-06
70.14764336600001	0.034003729818008324	-5.548159384263784e-06
71.357085493	0.035392715159435706	-5.933058646261959e-06
72.56652762	0.036795753689264056	-6.316209102730057e-06
73.775969747	0.038211737077491384	-6.696122621301613e-06
74.98541187400001	0.03963958013991027	-7.071780844069078e-06
76.19485400100001	0.041078222115533844	-7.442613517037386e-06
77.404296128	0.042526627625402054	-7.808436769953311e-06
78.613738255	0.04398378736031469	-8.169364112721456e-06
79.823180382	0.04544871854259512	-8.52570787849595e-06
81.032622509	0.04692046520054012	-8.877889574994413e-06
82.24206463600001	0.0483980982860978	-9.226374199812828e-06
83.45150676300001	0.04988071565904556	-9.571637286548071e-06
84.66094889	0.051367441956327795	-9.914166375829536e-06
85.870391017	0.05285742836367538	-1.025449218443851e-05
87.079833144	0.054349852307613064	-1.0593240026690945e-05
88.28927527100001	0.05584391708819119	-1.0931189338111644e-05
89.49871739800001	0.05733885147499765	-1.1269328565207543e-05
90.708159525	0.05883390928996139	-1.160889412820526e-05
91.917601652	0.06032836899950133	-1.1951385259154068e-05
93.127043779	0.06182153333543759	-1.2298550868351799e-05
94.33648590600001	0.06331272895912858	-1.2652349252170736e-05
95.54592803300001	0.0648013061773508	-1.3014885673540144e-05
96.75537016000001	0.0662866387123911	-1.3388335682113645e-05
97.964812287	0.06776812352373668	-1.3774863175889523e-05
99.174254414	0.06924518067506899	-1.4176541568763218e-05
100.383696541	0.0707172532383456	-1.4595284515434709e-05
101.59313866800001	0.07218380722626405	-1.5032790081123681e-05
102.80258079500001	0.07364433154505713	-1.549049970405586e-05
104.01202292200001	0.07509833796072786	-1.596957123599016e-05
105.221465049	0.07654536107315649	-1.64708639741086e-05
106.430907176	0.07798495829358369	-1.69949330452758e-05
107.64034930300001	0.07941670982162104	-1.7542030586830543e-05
108.84979143000001	0.08084021861822424	-1.8112111792024238e-05
110.05923355700001	0.08225511037094196	-1.8704844619996802e-05
111.268675684	0.0836610334474144	-1.9319622604440506e-05
112.478117811	0.08505765883264857	-1.995558048556792e-05
113.687559938	0.08644468004509999	-2.061161250920332e-05
114.89700206500001	0.08782181302631309	-2.1286393249157765e-05
116.10644419200001	0.0891887959988643	-2.1978400815934884e-05
117.31588631900001	0.09054538928775581	-2.268594220157516e-05
118.525328446	0.09189137510116867	-2.3407180220168244e-05
119.734770573	0.09322655726752621	-2.4140160999601423e-05
120.94421270000001	0.09455076092697842	-2.488284053794171e-05
122.15365482700001	0.09586383217671834	-2.5633108507547298e-05
123.36309695400001	0.09716563767082792	-2.638880754517875e-05
124.572539081	0.09845606417656443	-2.7147746615212298e-05
125.781981208	0.09973501808988501	-2.7907707607209564e-05
126.99142333500001	0.1010024249133285	-2.8666445010268327e-05
128.200865462	0.10225822869897047	-2.9421679232727316e-05
129.410307589	0.10350239145791007	-3.017108496944365e-05
130.619749716	0.10473489253593563	-3.091227697286231e-05
131.82919184300002	0.1059557279529713	-3.1642796761162384e-05
133.03863397	0.10716490970220492	-3.236010498054026e-05
134.24807609700002	0.10836246500395375	-3.3061584993929194e-05
135.457518224	0.10954843550985832	-3.3744563090506996e-05
136.666960351	0.11072287645530227	-3.4406348935249464e-05
137.87640247800002	0.1118858557621943	-3.5044296398598074e-05
139.085844605	0.11303745309998267	-3.56558805782517e-05
140.29528673200002	0.11417775891889638	-3.623878310281964e-05
141.504728859	0.11530687347421786	-3.6790975962701367e-05
142.714170986	0.1164249058624896	-3.731079480415178e-05
143.92361311300002	0.11753197308916015	-3.779699524501107e-05
145.13305524	0.11862819918303674	-3.824878915559965e-05
146.34249736700002	0.11971371436740087	-3.8665860818735964e-05
147.551939494	0.12078865429235887	-3.904836480733698e-05
148.761381621	0.12185315932893191	-3.9396908354707993e-05
149.97082374800002	0.12290737392267004	-3.971252128607411e-05
151.180265875	0.12395144600296618	-3.999661648676489e-05
152.38970800200002	0.12498552644336282	-4.025094362582887e-05
153.599150129	0.12600976856782206	-4.047753851612462e-05
154.808592256	0.12702432769802902	-4.0678670163510344e-05
156.018034383	0.1280293607374598	-4.085678741806015e-05
157.22747651	0.12902502578903072	-4.10144670514867e-05
158.43691863700002	0.13001148180455394	-4.1154365094220324e-05
159.646360764	0.13098888826565105	-4.1279173059217966e-05
160.85580289100002	0.13195740489680677	-4.1391580258232086e-05
162.065245018	0.13291719141172856	-4.149424268415358e-05
163.274687145	0.13386840729392957	-4.15897580278643e-05
164.48412927200002	0.13481121161164009	-4.1680645556201046e-05
165.693571399	0.13574576286593498	-4.176932894636026e-05
166.90301352600002	0.1366722188695905	-4.185811998804606e-05
168.112455653	0.1375907366529136	-4.1949201311335116e-05
169.32189778	0.1385014723918045	-4.204460696487916e-05
170.53133990700002	0.1394045813528378	-4.214620059310448e-05
171.740782034	0.14030021785019856	-4.225565192750996e-05
172.95022416100002	0.1411885352099106	-4.237441305172257e-05
174.159666288	0.14206968573771486	-4.250369632748108e-05
175.369108415	0.14294382068805822	-4.264445580465237e-05
176.57855054200002	0.14381109023265398	-4.279737357557045e-05
177.787992669	0.1446716434277951	-4.296285189048232e-05
178.99743479600002	0.14552562818010167	-4.3141011189955225e-05
180.206876923	0.14637319121052877	-4.333169363306133e-05
181.41631905	0.14721447801651447	-4.3534471300787914e-05
182.62576117700002	0.14804963283204556	-4.374865807227346e-05
183.835203304	0.14887879858535966	-4.397332415378291e-05
185.04464543100002	0.14970211685394616	-4.420731237008563e-05
186.254087558	0.15051972781654643	-4.44492555082554e-05
187.46352968500003	0.15133177020189884	-4.469759424129138e-05
188.67297181200001	0.15213838123409465	-4.495059540556706e-05
189.882413939	0.1529396965745669	-4.5206370624183145e-05
191.09185606600002	0.15373585026087244	-4.5462895454401187e-05
192.301298193	0.15452697464262127	-4.571802936456648e-05
193.51074032000002	0.15531320031505733	-4.596953685327004e-05
194.720182447	0.1560946560509102	-4.621511001350054e-05
195.929624574	0.15687146873127242	-4.645239268542822e-05
197.13906670100002	0.15764376327627255	-4.667900621852655e-05
198.348508828	0.15841166257636316	-4.689257670872221e-05
199.55795095500002	0.1591752874250167	-4.70907634322823e-05
200.767393082	0.15993475645360822	-4.727128810283476e-05
201.976835209	0.16069018606917182	-4.743196449735754e-05
203.18627733600002	0.16144169039568032	-4.757072794455558e-05
204.395719463	0.162189381219386	-4.7685664131429106e-05
205.60516159000002	0.16293336793867752	-4.7775036680061667e-05
206.814603717	0.16367375751879437	-4.7837312960888334e-05
208.02404584400003	0.16441065445162328	-4.787118761800935e-05
209.23348797100002	0.16514416072072033	-4.787560335911545e-05
210.442930098	0.1658743757715559	-4.784976858882711e-05
211.65237222500002	0.16660139648693292	-4.7793171552894254e-05
212.861814352	0.1673253171674277	-4.770559073785652e-05
214.07125647900003	0.16804622951665565	-4.758710133057065e-05
215.28069860600002	0.16876422263110555	-4.743807764332614e-05
216.490140733	0.16947938299427984	-4.7259191476509144e-05
217.69958286000002	0.17019179447480592	-4.705140646707462e-05
218.909024987	0.1709015383281952	-4.68159685439451e-05
220.11846711400003	0.17160869320190528	-4.655439267209349e-05
221.32790924100001	0.172313335143324	-4.626844611101133e-05
222.537351368	0.1730155376103152	-4.596012848391562e-05
223.74679349500002	0.1737153714839356	-4.563164896777966e-05
224.956235622	0.17441290508296298	-4.528540098042849e-05
226.16567774900003	0.1751082041798563	-4.4923934759841244e-05
227.375119876	0.17580133201779843	-4.454992826300602e-05
228.584562003	0.17649234932849997	-4.416615682665409e-05
229.79400413000002	0.1771813143504511	-4.377546207174482e-05
231.003446257	0.17786828284736628	-4.338072051738445e-05
232.21288838400002	0.1785533081265856	-4.298481236564289e-05
233.422330511	0.1792364410572608	-4.2590590949478924e-05
234.63177263800003	0.17991773008818243	-4.220085325636058e-05
235.84121476500002	0.18059722126518932	-4.181831196793662e-05
237.050656892	0.18127495824811143	-4.144556938528998e-05
238.26009901900002	0.18195098232728524	-4.108509357547696e-05
239.469541146	0.18262533243971468	-4.0739197035455366e-05
240.67898327300003	0.18329804518499834	-4.0410018129474756e-05
241.88842540000002	0.18396915484117357	-4.009950547284591e-05
243.097867527	0.18463869338068697	-3.980940542065714e-05
244.30730965400002	0.18530669048670065	-3.954125274736875e-05
245.516751781	0.18597317356999132	-3.9296364565524766e-05
246.72619390800003	0.18663816778670797	-3.907583744455767e-05
247.93563603500002	0.18730169605728036	-3.8880547683084465e-05
249.145078162	0.18796377908677947	-3.871115455764129e-05
250.35452028900002	0.18862443538706458	-3.856810636751473e-05
251.563962416	0.18928368130101184	-3.845164901818132e-05
252.77340454300003	0.1899415310291599	-3.8361836843914254e-05
253.98284667000001	0.19059799665898747	-3.8298545331952316e-05
255.192288797	0.19125308819710118	-3.8261485433663256e-05
256.401730924	0.19190681360444373	-3.825021913600457e-05
257.61117305100004	0.19255917883462137	-3.826417596711207e-05
258.820615178	0.1932101878753565	-3.8302670175738296e-05
260.030057305	0.1938598427930342	-3.836491830369604e-05
261.239499432	0.19450814378025824	-3.845005691965886e-05
262.448941559	0.19515508920629612	-3.8557160290747516e-05
263.65838368600004	0.19580067567032033	-3.868525775706233e-05
264.867825813	0.19644489805729387	-3.8833350629929875e-05
266.07726794	0.19708774959640446	-3.900042840176976e-05
267.286710067	0.19772922192193731	-3.918548407834399e-05
268.49615219400005	0.19836930513645498	-3.9387528471393485e-05
269.70559432100004	0.19900798787618934	-3.960560327127827e-05
270.915036448	0.1996452573785214	-3.983879276658886e-05
272.124478575	0.20028109955141718	-4.008623407011913e-05
273.333920702	0.2009154990446708	-4.034712573591781e-05
274.54336282900005	0.20154843932279784	-4.062073468795446e-05
275.75280495600003	0.2021799027393854	-4.090640138938728e-05
276.962247083	0.20280987061271266	-4.120354321746067e-05
278.17168921	0.20343832330241549	-4.151165605963125e-05
279.381131337	0.20406524028694262	-4.1830314155846815e-05
280.59057346400004	0.2046906002416055	-4.215916827104982e-05
281.80001559100003	0.2053143811169219	-4.2497942311620074e-05
283.009457718	0.20593656021703077	-4.284642851425102e-05
284.218899845	0.20655711427792756	-4.320448139129296e-05
285.428341972	0.20717601954525905	-4.35720105956966e-05
286.63778409900004	0.2077932518514619	-4.394897291977451e-05
287.84722622600003	0.20840878669201118	-4.433536361182766e-05
289.056668353	0.20902259930054337	-4.473120721366908e-05
290.26611048	0.20963466472267206	-4.513654811566514e-05
291.475552607	0.21024495788826034	-4.5551440992747105e-05
292.68499473400004	0.21085345368198768	-4.5975941322384806e-05
293.89443686100003	0.21146012701199718	-4.641009611718039e-05
295.103878988	0.2120649528764617	-4.6853935028845495e-05
296.313321115	0.21266790642788408	-4.730746195660829e-05
297.522763242	0.21326896303497808	-4.777064726028957e-05
298.73220536900004	0.21386809834198622	-4.824342070001986e-05
299.94164749600003	0.214465288325265	-4.872566516744836e-05
301.151089623	0.21506050934705742	-4.9217211288338225e-05
302.36053175	0.21565373820629563	-4.971783293655774e-05
303.569973877	0.2162449521863784	-5.022724370780385e-05
304.77941600400004	0.21683412909979943	-5.0745094362397714e-05
305.98885813100003	0.21742124732959833	-5.127097124076052e-05
307.198300258	0.21800628586758009	-5.1804395648405444e-05
308.407742385	0.21858922434925548	-5.2344824169686666e-05
309.617184512	0.21917004308552057	-5.289164987877515e-05
310.82662663900004	0.21974872309108145	-5.3444204385855176e-05
312.036068766	0.22032524610964113	-5.400176065978313e-05
313.245510893	0.22089959463593248	-5.45635365375996e-05
314.45495302	0.2214717519346705	-5.512869884481686e-05
315.664395147	0.22204170205652624	-5.5696368020358156e-05
316.87383727400004	0.22260942985126958	-5.626562315104444e-05
318.083279401	0.22317492097823086	-5.683550730488374e-05
319.292721528	0.2237381619142666	-5.740503306217448e-05
320.502163655	0.2242991399594353	-5.79731881297646e-05
321.71160578200005	0.2248578432405804	-5.853894095700363e-05
322.92104790900004	0.22541426071301998	-5.910124624391999e-05
324.130490036	0.2259683821605557	-5.9659050272650727e-05
325.339932163	0.22652019819396232	-6.021129599012576e-05
326.54937429	0.2270697002481344	-6.075692779178299e-05
327.75881641700005	0.22761688057800888	-6.129489598143134e-05
328.96825854400004	0.2281617322534102	-6.182416088186538e-05
330.177700671	0.22870424915290727	-6.234369660546024e-05
331.387142798	0.22924442595677896	-6.285249450288521e-05
332.596584925	0.22978225813917108	-6.334956631376398e-05
333.80602705200005	0.23031774195949822	-6.38339470582644e-05
335.01546917900004	0.23085087445317903	-6.43046976947087e-05
336.224911306	0.2313816534217126	-6.47609075843103e-05
337.434353433	0.23191007742216552	-6.520169679880006e-05
338.64379556	0.23243614575608043	-6.56262182936046e-05
339.85323768700005	0.23295985845782138	-6.603365997034927e-05
341.06267981400003	0.23348121628239837	-6.642324664994648e-05
342.272121941	0.23400022069273566	-6.679424198678674e-05
343.481564068	0.23451687384643033	-6.714595031417914e-05
344.691006195	0.23503117858198266	-6.74777184557912e-05
345.90044832200005	0.23554313840449223	-6.778893750181147e-05
347.10989044900003	0.236052757470834	-6.807904456115899e-05
348.319332576	0.23656004057428795	-6.834752449824677e-05
349.528774703	0.2370649931286522	-6.859391166263995e-05
350.73821683	0.23756762115179458	-6.881779159834123e-05
351.94765895700004	0.23806793124866027	-6.901880277120076e-05
353.15710108400003	0.23856593059374132	-6.919663827224809e-05
354.366543211	0.23906162691298072	-6.935104753104382e-05
355.575985338	0.23955502846512236	-6.948183800752072e-05
356.785427465	0.24004614402251787	-6.958887688034154e-05
357.99486959200004	0.24053498285137787	-6.967209268990415e-05
359.20431171900003	0.24102155469149156	-6.973147695964188e-05
360.413753846	0.2415058697354282	-6.976708573810941e-05
361.623195973	0.24198793860722154	-6.977904107551003e-05
362.8326381	0.24246777234058933	-6.976753238041589e-05
364.04208022700004	0.24294538235670174	-6.973281765274009e-05
365.25152235400003	0.24342078044153304	-6.967522454275066e-05
366.460964481	0.243893978722866	-6.959515121558735e-05
367.670406608	0.244364989646973	-6.949306697745516e-05
368.87984873500005	0.24483382595504283	-6.936951262347113e-05
370.08929086200004	0.24530050065943293	-6.922510048501529e-05
371.29873298900003	0.24576502701979208	-6.906051413005376e-05
372.508175116	0.24622741851915386	-6.887650767674336e-05
373.717617243	0.2466876888400798	-6.867390469546264e-05
374.92705937000005	0.2471458518409244	-6.845359667514983e-05
376.13650149700004	0.24760192153233068	-6.821654101187014e-05
377.34594362400003	0.24805591205404348	-6.796375851961245e-05
378.555385751	0.24850783765211737	-6.769633043658685e-05
379.764827878	0.2489577126566533	-6.741539493219928e-05
380.97427000500005	0.24940555146009688	-6.712214309202713e-05
382.18371213200004	0.2498513684962424	-6.681781442069434e-05
383.393154259	0.25029517821999153	-6.650369185051686e-05
384.602596386	0.2507369950879759	-6.618109629669133e-05
385.812038513	0.2511768335400729	-6.585138076925512e-05
387.02148064000005	0.2516147079819343	-6.551592410994345e-05
388.23092276700004	0.25205063276854545	-6.517612437452469e-05
389.440364894	0.25248462218887807	-6.483339191391824e-05
390.649807021	0.25291669045168036	-6.448914222643987e-05
391.859249148	0.2533468516724137	-6.414478863255024e-05
393.06869127500005	0.253775119861387	-6.380173482668783e-05
394.27813340200004	0.25420150891306115	-6.346136740886799e-05
395.487575529	0.25462603259653804	-6.312504842546918e-05
396.697017656	0.2550487045472357	-6.279410802140228e-05
397.906459783	0.25546953825968766	-6.246983726689026e-05
399.11590191000005	0.2558885470814659	-6.215348121593745e-05
400.32534403700004	0.2563057442081786	-6.184623227881159e-05
401.534786164	0.2567211426794879	-6.154922397315354e-05
402.744228291	0.25713475537609237	-6.12635250971244e-05
403.953670418	0.25754659501760635	-6.099013440183376e-05
405.16311254500005	0.2579566741612871	-6.072997578640549e-05
406.37255467200004	0.25836500520151584	-6.048389407899146e-05
407.581996799	0.25877160036995717	-6.025265142325931e-05
408.791438926	0.25917647173634967	-6.0036924301690164e-05
410.000881053	0.2595796312098002	-5.9837301222637196e-05
411.21032318000005	0.25998109054055896	-5.965428107061743e-05
412.41976530700003	0.2603808613221495	-5.948827212862162e-05
413.629207434	0.26077895499381154	-5.933959176546155e-05
414.838649561	0.26117538284317765	-5.9208466783894353e-05
416.04809168800006	0.26157015600908823	-5.909503439767427e-05
417.25753381500004	0.26196328548454656	-5.899934382776195e-05
418.46697594200003	0.2623547821196785	-5.89213584710202e-05
419.676418069	0.26274465662469104	-5.886095861190599e-05
420.885860196	0.2631329195727839	-5.881794463703793e-05
422.09530232300006	0.26351958140294035	-5.87920407004866e-05
423.30474445000004	0.2639046524225934	-5.8782898799861205e-05
424.51418657700003	0.26428814281013147	-5.879010320136713e-05
425.723628704	0.26467006261720627	-5.881317516535922e-05
426.933070831	0.26505042177084387	-5.885157791853113e-05
428.14251295800005	0.26542923007533775	-5.8904721823654915e-05
429.35195508500004	0.265806497213933	-5.897196967971641e-05
430.56139721200003	0.26618223275026465	-5.905264211275574e-05
431.770839339	0.26655644612960794	-5.914602299539329e-05
432.980281466	0.26692914667990564	-5.92513648601245e-05
434.18972359300005	0.267300343612597	-5.9367894239867325e-05
435.39916572000004	0.2676700460232808	-5.94948169268944e-05
436.60860784700003	0.2680382628922068	-5.9631323065995057e-05
437.818049974	0.2684050030846061	-5.977659209210895e-05
439.027492101	0.26877027535094516	-5.9929797438976196e-05
440.23693422800005	0.26913408832703384	-6.009011103381978e-05
441.44637635500004	0.2694964505340917	-6.0256707519690256e-05
442.65581848200003	0.2698573703787513	-6.042876820683274e-05
443.865260609	0.2702168561530211	-6.060548473296734e-05
445.074702736	0.2705749160342626	-6.078606242160278e-05
446.28414486300005	0.2709315580851806	-6.09697233285994e-05
447.49358699000004	0.2712867902538313	-6.115570898800049e-05
448.703029117	0.271640620373705	-6.134328284126966e-05
449.912471244	0.2719930561638833	-6.153173235269593e-05
451.121913371	0.2723441052292567	-6.172037084582749e-05
452.33135549800005	0.27269377506088255	-6.190853902351967e-05
453.54079762500004	0.27304207303642203	-6.209560622344457e-05
454.750239752	0.27338900642071107	-6.22809714071193e-05
455.959681879	0.2737345823664716	-6.246406389226467e-05
457.169124006	0.27407880791513123	-6.264434384951889e-05
458.37856613300005	0.27442168999780625	-6.282130258622454e-05
459.58800826000004	0.2747632354364049	-6.299446262238162e-05
460.797450387	0.2751034509448758	-6.316337758587032e-05
462.006892514	0.275442343130585	-6.332763195233959e-05
463.216334641	0.2757799184958404	-6.348684062081056e-05
464.42577676800005	0.27611618343952327	-6.364064837403871e-05
465.63521889500004	0.27645114425885214	-6.378872922262191e-05
466.844661022	0.27678480715125825	-6.393078565536392e-05
468.054103149	0.2771171782163679	-6.406654781111742e-05
469.26354527600006	0.2774482634580764	-6.419577258524878e-05
470.47298740300005	0.27777806878671346	-6.431824268626762e-05
471.68242953000004	0.27810660002129006	-6.443376565617998e-05
472.891871657	0.2784338628918027	-6.454217286580577e-05
474.101313784	0.2787598630416122	-6.464331850002114e-05
475.31075591100006	0.279084606029856	-6.473707852042154e-05
476.52019803800005	0.2794080973339146	-6.482334965500491e-05
477.72964016500003	0.2797303423518819	-6.490204838506541e-05
478.939082292	0.2800513464050955	-6.497310994439676e-05
480.148524419	0.2803711147406435	-6.503648735041445e-05
481.35796654600006	0.2806896525338943	-6.50921504596752e-05
482.56740867300005	0.2810069648910159	-6.514008504678037e-05
483.77685080000003	0.2813230568514833	-6.518029192299768e-05
484.986292927	0.28163793339057636	-6.521278608069558e-05
486.195735054	0.2819515994218446	-6.523759588024369e-05
487.40517718100006	0.2822640597995469	-6.525476225983928e-05
488.61461930800004	0.28257531932105745	-6.52643379968898e-05
489.82406143500003	0.28288538272923414	-6.526638698961529e-05
491.033503562	0.28319425471474485	-6.526098357834131e-05
492.242945689	0.2835019399183506	-6.52482118970038e-05
493.45238781600005	0.28380844293312946	-6.522816525345032e-05
494.66182994300004	0.28411376830666696	-6.520094554338107e-05
495.87127207000003	0.2844179205431745	-6.516666268414906e-05
497.080714197	0.2847209041055778	-6.512543408021543e-05
498.290156324	0.2850227234175316	-6.50773841040786e-05
499.49959845100005	0.2853233828653816	-6.502264360705445e-05
500.70904057800004	0.2856228868000747	-6.496134943333176e-05
501.91848270500003	0.28592123953901494	-6.489364396823627e-05
503.127924832	0.28621844536784496	-6.481967469186556e-05
504.337366959	0.28651450854219285	-6.473959374565796e-05
505.54680908600005	0.28680943328935427	-6.465355751872348e-05
506.75625121300004	0.28710322380990494	-6.456172622849865e-05
507.96569334000003	0.2873958842792816	-6.446426353048929e-05
509.175135467	0.2876874188492757	-6.436133612211514e-05
510.384577594	0.28797783164951224	-6.425311335844786e-05
511.59401972100005	0.28826712678883565	-6.413976687978662e-05
512.803461848	0.2885553083566671	-6.402147023433502e-05
514.0129039750001	0.2888423804243047	-6.389839852141699e-05
515.2223461020001	0.2891283470461563	-6.377072802965511e-05
516.4317882290001	0.289413212260942	-6.363863588944307e-05
517.641230356	0.28969698009283384	-6.350229972722221e-05
518.850672483	0.28997965455255564	-6.336189733206765e-05
520.06011461	0.2902612396384155	-6.321760632639617e-05
521.269556737	0.2905417393373039	-6.306960384899751e-05
522.478998864	0.2908211576256437	-6.291806623957841e-05
523.688440991	0.2910994984702961	-6.276316874541388e-05
524.897883118	0.29137676582940747	-6.260508522873409e-05
526.1073252450001	0.29165296365321264	-6.244398789333194e-05
527.3167673720001	0.2919280958848155	-6.228004701278045e-05
528.5262094990001	0.292202166460887	-6.211343068769637e-05
529.735651626	0.2924751793123608	-6.194430460491895e-05
530.945093753	0.2927471383650534	-6.177283181615922e-05
532.15453588	0.29301804754025407	-6.15991725284315e-05
533.363978007	0.29328791075528104	-6.142348391731389e-05
534.573420134	0.29355673192399256	-6.12459199432619e-05
535.782862261	0.2938245149572382	-6.106663120659939e-05
536.9923043880001	0.29409126376331357	-6.0885764789644914e-05
538.2017465150001	0.2943569822483333	-6.0703464144024055e-05
539.4111886420001	0.29462167431658903	-6.0519868975650315e-05
540.6206307690001	0.2948853438708772	-6.033511515633749e-05
541.830072896	0.29514799481276993	-6.014933464738165e-05
543.039515023	0.295409631042867	-5.9962655435674694e-05
544.24895715	0.29567025646102296	-5.977520149683113e-05
545.458399277	0.29592987496650786	-5.958709275964008e-05
546.667841404	0.29618849045817686	-5.939844509326303e-05
547.877283531	0.29644610683458406	-5.9209370302959474e-05
549.0867256580001	0.2967027279940724	-5.901997614506105e-05
550.2961677850001	0.296958357834843	-5.883036634290323e-05
551.5056099120001	0.2972130002549808	-5.8640640623879026e-05
552.715052039	0.29746665915247544	-5.845089475912252e-05
553.924494166	0.2977193384251966	-5.826122061360073e-05
555.133936293	0.2979710419708619	-5.807170620893143e-05
556.34337842	0.29822177368696395	-5.788243577840857e-05
557.552820547	0.29847153747069954	-5.769348984058231e-05
558.762262674	0.2987203372188517	-5.750494527331784e-05
559.971704801	0.29896817682766114	-5.731687539514696e-05
561.1811469280001	0.29921506019269895	-5.712935003478886e-05
562.3905890550001	0.2994609912086882	-5.694243561194662e-05
563.6000311820001	0.29970597376932484	-5.675619522511194e-05
564.809473309	0.2999500117670897	-5.657068872282067e-05
566.018915436	0.30019310909302127	-5.638597278565666e-05
567.228357563	0.3004352696365139	-5.620210100763107e-05
568.43779969	0.30067649728505336	-5.601912395814673e-05
569.647241817	0.3009167959239855	-5.583708926314157e-05
570.856683944	0.30115616943623297	-5.5656041671056644e-05
572.066126071	0.3013946217020423	-5.5476023111927786e-05
573.2755681980001	0.3016321565986805	-5.529707276576146e-05
574.4850103250001	0.30186877800015616	-5.5119227109171054e-05
575.6944524520001	0.30210448977690274	-5.494251997409383e-05
576.903894579	0.30233929579547725	-5.4766982597181935e-05
578.113336706	0.30257319991824067	-5.4592643662421114e-05
579.322778833	0.30280620600302804	-5.4419529340106465e-05
580.53222096	0.3030383179028243	-5.424766332735864e-05
581.741663087	0.3032695394654178	-5.407706688741187e-05
582.951105214	0.30349987453306265	-5.3907758874191525e-05
584.160547341	0.30372932694213783	-5.373975576267176e-05
585.3699894680001	0.3039579005227822	-5.357307168731007e-05
586.5794315950001	0.3041855990985548	-5.3407718461476184e-05
587.7888737220001	0.3044124264860681	-5.324370560848973e-05
588.998315849	0.30463838649462155	-5.308104038850153e-05
590.207757976	0.30486348292584453	-5.291972782358462e-05
591.417200103	0.30508771957332576	-5.2759770730277655e-05
592.62664223	0.30531110022224756	-5.260116974689644e-05
593.836084357	0.30553362864901573	-5.244392336674342e-05
595.045526484	0.30575530862088557	-5.228802797923454e-05
596.2549686110001	0.30597614389558897	-5.213347789634337e-05
597.4644107380001	0.3061961382209716	-5.1980265402158665e-05
598.6738528650001	0.30641529533459844	-5.182838079342833e-05
599.8832949920001	0.3066336189633992	-5.167781243094888e-05
601.092737119	0.30685111282328986	-5.152854678981689e-05
602.302179246	0.3070677806187978	-5.138056851455852e-05
603.511621373	0.3072836260427009	-5.123386048680456e-05
604.7210635	0.3074986527756471	-5.108840388400038e-05
605.930505627	0.3077128644857932	-5.094417825023817e-05
607.139947754	0.30792626482843527	-5.0801161571967235e-05
608.3493898810001	0.30813885744566105	-5.0659330355452836e-05
609.5588320080001	0.30835064596597495	-5.0518659711361324e-05
610.7682741350001	0.3085616340039605	-5.037912343301698e-05
611.9777162620001	0.3087718251599134	-5.024069409401144e-05
613.187158389	0.30898122301951614	-5.01033431316647e-05
614.396600516	0.30918983115348714	-4.996704095080323e-05
615.606042643	0.30939765311725026	-4.983175701245984e-05
616.81548477	0.3096046924506146	-4.969745993637503e-05
618.024926897	0.30981095267745207	-4.956411760233259e-05
619.234369024	0.3100164373053868	-4.943169724622165e-05
620.4438111510001	0.31022114982549376	-4.930016556649319e-05
621.6532532780001	0.3104250937120046	-4.9169488821859675e-05
622.8626954050001	0.3106282724220313	-4.9039632931395516e-05
624.072137532	0.3108306893952814	-4.891056358138218e-05
625.281579659	0.3110323480538054	-4.8782246310663524e-05
626.491021786	0.31123325180173944	-4.8654646617650454e-05
627.700463913	0.3114334040250701	-4.852773004714733e-05
628.90990604	0.31163280809140737	-4.840146228692749e-05
630.119348167	0.3118314673497612	-4.827580924666314e-05
631.328790294	0.31202938513035416	-4.815073714904e-05
632.5382324210001	0.31222656474442567	-4.8026212606494534e-05
633.7476745480001	0.3124230094840487	-4.7902202693198004e-05
634.9571166750001	0.3126187226219847	-4.777867502661626e-05
636.166558802	0.312813707411529	-4.765559782299311e-05
637.376000929	0.3130079670863749	-4.753293996514335e-05
638.585443056	0.313201504860508	-4.74106710547928e-05
639.794885183	0.3133943239280975	-4.7288761472127905e-05
641.00432731	0.3135864274634032	-4.7167182410434716e-05
642.213769437	0.3137778186207104	-4.704590593112429e-05
643.4232115640001	0.3139685005342675	-4.692490498484775e-05
644.6326536910001	0.3141584763182455	-4.6804153458000763e-05
645.8420958180001	0.31434774906670804	-4.6683626188280536e-05
647.0515379450001	0.3145363218535966	-4.656329899184464e-05
648.260980072	0.31472419773272897	-4.644314868387095e-05
649.470422199	0.3149113797378164	-4.632315308131241e-05
650.679864326	0.3150978708824887	-4.6203291016073955e-05
651.889306453	0.3152836741603383	-4.608354234424822e-05
653.09874858	0.3154687925449684	-4.596388793750433e-05
654.308190707	0.31565322899007414	-4.5844309691317475e-05
655.5176328340001	0.3158369864295012	-4.572479050898165e-05
656.7270749610001	0.31602006777735153	-4.5605314295177335e-05
657.9365170880001	0.31620247592807826	-4.548586595336246e-05
659.1459592150001	0.31638421375660947	-4.536643135558821e-05
660.355401342	0.3165652841184554	-4.5246997338328765e-05
661.564843469	0.3167456898498501	-4.512755168135235e-05
662.774285596	0.3169254337679036	-4.500808308346288e-05
663.983727723	0.31710451867073997	-4.4888581147109474e-05
665.19316985	0.3172829473376595	-4.47690363540032e-05
666.402611977	0.31746072252930824	-4.464944003947091e-05
667.6120541040001	0.3176378469878633	-4.4529784374747194e-05
668.8214962310001	0.3178143234371948	-4.441006233495831e-05
670.0309383580001	0.3179901545830661	-4.429026767943656e-05
671.2403804850001	0.3181653431133221	-4.417039492419367e-05
672.449822612	0.31833989169809274	-4.405043932208946e-05
673.659264739	0.3185138029899907	-4.393039683206479e-05
674.868706866	0.31868707962432236	-4.3810264099330976e-05
676.078148993	0.3188597242192926	-4.3690038429113065e-05
677.28759112	0.3190317393762292	-4.356971776353635e-05
678.497033247	0.3192031276797819	-4.344930066586816e-05
679.7064753740001	0.31937389169815567	-4.332878628984099e-05
680.9159175010001	0.3195440339833265	-4.320817436059138e-05
682.1253596280001	0.31971355707125615	-4.308746516192702e-05
683.3348017550001	0.31988246348212207	-4.296665950306172e-05
684.544243882	0.32005075572054126	-4.284575871443125e-05
685.753686009	0.320218436275792	-4.2724764616197675e-05
686.963128136	0.3203855076220243	-4.260367951313543e-05
688.172570263	0.3205519722185005	-4.248250617304439e-05
689.38201239	0.3207178325098022	-4.236124780788303e-05
690.5914545170001	0.32088309092606776	-4.22399080687863e-05
691.8008966440001	0.3210477498831899	-4.211849102111337e-05
693.0103387710001	0.32121181178304287	-4.199700113419885e-05
694.2197808980001	0.3213752790137062	-4.187544327238779e-05
695.429223025	0.32153815394966334	-4.1753822677723096e-05
696.638665152	0.32170043895202743	-4.163214495678247e-05
697.848107279	0.32186213636872996	-4.151041608402989e-05
699.057549406	0.32202324853474873	-4.13886423664897e-05
700.266991533	0.3221837777722928	-4.1266830451108794e-05
701.47643366	0.32234372639101727	-4.114498730611177e-05
702.6858757870001	0.32250309668820415	-4.102312021306981e-05
703.8953179140001	0.32266189094896863	-4.0901236755278014e-05
705.1047600410001	0.3228201114464424	-4.0779344815305985e-05
706.3142021680001	0.3229777604419563	-4.0657452549754114e-05
707.523644295	0.323134840185233	-4.0535568392272014e-05
708.733086422	0.32329135291456196	-4.041370103503167e-05
709.942528549	0.3234473008569734	-4.02918594281515e-05
711.151970676	0.3236026862284008	-4.0170052763251196e-05
712.361412803	0.32375751123385793	-4.0048290459601676e-05
713.57085493	0.3239117780676052	-3.99265821616826e-05
714.7802970570001	0.32406548891330067	-3.980493772705318e-05
715.9897391840001	0.3242186459441575	-3.968336720826943e-05
717.1991813110001	0.32437125132308897	-3.9561880854903364e-05
718.4086234380001	0.3245233072028689	-3.9440489090492026e-05
719.618065565	0.324674815726258	-3.931920250633408e-05
720.827507692	0.32482577902615284	-3.9198031853648896e-05
722.036949819	0.3249761992257144	-3.90769880323702e-05
723.246391946	0.3251260784385005	-3.8956082066041176e-05
724.455834073	0.32527541876858884	-3.883532510698395e-05
725.6652762	0.3254242223106894	-3.871472841888296e-05
726.8747183270001	0.3255724911502865	-3.859430335975689e-05
728.0841604540001	0.32572022736372125	-3.8474061376657376e-05
729.2936025810001	0.3258674330183251	-3.835401398875199e-05
730.5030447080001	0.3260141101725049	-3.8234172777172615e-05
731.712486835	0.32616026087585476	-3.8114549373836903e-05
732.921928962	0.3263058871692526	-3.799515544984644e-05
734.131371089	0.32645099108494224	-3.787600269675867e-05
735.340813216	0.32659557464663375	-3.775710282086925e-05
736.550255343	0.3267396398695774	-3.7638467528945674e-05
737.7596974700001	0.326883188760661	-3.7520108516854445e-05
738.9691395970001	0.3270262233184602	-3.740203745386528e-05
740.1785817240001	0.3271687455333408	-3.728426597204154e-05
741.3880238510001	0.32731075738750165	-3.7166805663971236e-05
742.5974659780001	0.3274522608550617	-3.7049668052666074e-05
743.806908105	0.3275932579021164	-3.693286459335865e-05
745.016350232	0.3277337504867886	-3.681640666407249e-05
746.225792359	0.3278737405592996	-3.6700305541800815e-05
747.435234486	0.32801323006200617	-3.658457240569846e-05
748.644676613	0.32815222092945984	-3.6469218320074603e-05
749.8541187400001	0.3282907150884563	-3.63542542167819e-05
751.0635608670001	0.32842871445807736	-3.623969090083001e-05
752.2730029940001	0.3285662209497235	-3.6125539032191845e-05
753.4824451210001	0.3287032364671655	-3.6011809116422155e-05
754.6918872480001	0.32883976290657335	-3.5898511499349306e-05
755.901329375	0.3289758021565453	-3.5785656350033335e-05
757.110771502	0.32911135609814807	-3.5673253668946914e-05
758.320213629	0.3292464266049477	-3.556131326580558e-05
759.529655756	0.32938101554302635	-3.5449844764376404e-05
760.739097883	0.32951512477102074	-3.533885758463112e-05
761.9485400100001	0.32964875614012584	-3.522836094176779e-05
763.1579821370001	0.32978191149413316	-3.511836384116618e-05
764.3674242640001	0.3299145926694528	-3.5008875078929025e-05
765.5768663910001	0.3300468014951116	-3.489990322703973e-05
766.786308518	0.3301785397927885	-3.4791456634222784e-05
767.995750645	0.33030980937682175	-3.468354342859442e-05
769.205192772	0.330440612054229	-3.4576171500842745e-05
770.414634899	0.33057094962470723	-3.446934851893818e-05
771.624077026	0.33070082388066635	-3.436308191451243e-05
772.833519153	0.33083023660721944	-3.4257378880249434e-05
774.0429612800001	0.3309591895822029	-3.415224637939862e-05
775.2524034070001	0.3310876845761771	-3.404769113939804e-05
776.4618455340001	0.3312157233524524	-3.394371965277643e-05
777.6712876610001	0.3313433076670812	-3.384033817434989e-05
778.880729788	0.3314704392688749	-3.3737552729902476e-05
780.090171915	0.3315971198994097	-3.363536910986481e-05
781.299614042	0.33172335129302527	-3.3533792879500424e-05
782.509056169	0.3318491351768467	-3.343282937630365e-05
783.718498296	0.33197447327077395	-3.3332483715099726e-05
784.9279404230001	0.3320993672875074	-3.323276078848886e-05
786.1373825500001	0.332223818932535	-3.313366527459699e-05
787.3468246770001	0.3323478299041555	-3.3035201636395783e-05
788.5562668040001	0.33247140189348073	-3.293737413261055e-05
789.7657089310001	0.33259453658443755	-3.284018681461859e-05
790.975151058	0.3327172356537776	-3.2743643540292244e-05
792.184593185	0.332839500771085	-3.264774796856579e-05
793.394035312	0.33296133359878666	-3.255250357683814e-05
794.603477439	0.33308273579216313	-3.245791365414502e-05
795.812919566	0.3332037089993512	-3.236398131624407e-05
797.0223616930001	0.3333242548613571	-3.2270709509167605e-05
798.2318038200001	0.3334443750120586	-3.217810101432961e-05
799.4412459470001	0.33356407107822855	-3.2086158452994396e-05
800.6506880740001	0.3336833446795403	-3.199488429534575e-05
801.8601302010001	0.3338021974285735	-3.190428086319308e-05
803.069572328	0.33392063093084107	-3.1814350340476916e-05
804.279014455	0.3340386467847827	-3.172509477499669e-05
805.488456582	0.33415624658179804	-3.16365160882362e-05
806.697898709	0.334273431906239	-3.154861607514853e-05
807.907340836	0.3343902043354562	-3.1461396419088516e-05
809.1167829630001	0.3345065654397776	-3.1374858686386564e-05
810.3262250900001	0.33462251678255645	-3.128900434305748e-05
811.5356672170001	0.3347380599201742	-3.120383475188615e-05
812.7451093440001	0.3348531964020579	-3.1119351178936216e-05
813.9545514710001	0.33496792777070694	-3.1035554797151366e-05
815.163993598	0.3350822555617018	-3.0952446699421265e-05
816.373435725	0.335196181303736	-3.0870027890116114e-05
817.582877852	0.3353097065186238	-3.078829929215737e-05
818.792319979	0.33542283272133794	-3.070726175930655e-05
820.001762106	0.3355355614200177	-3.0626916069739774e-05
821.2112042330001	0.33564789411600277	-3.05472629306483e-05
822.4206463600001	0.3357598323038476	-3.0468302981159767e-05
823.6300884870001	0.33587137747135964	-3.0390036795772957e-05
824.8395306140001	0.33598253109960813	-3.0312464886300683e-05
826.0489727410001	0.33609329466295945	-3.0235587700218336e-05
827.258414868	0.33620366962910136	-3.0159405622537383e-05
828.467856995	0.3363136574590708	-3.0083918976138435e-05
829.677299122	0.3364232596072741	-3.0009128017885467e-05
830.886741249	0.3365324775215305	-2.9935032947271678e-05
832.0961833760001	0.3366413126430859	-2.9861633895567063e-05
833.3056255030001	0.3367497664066458	-2.9788930931064217e-05
834.5150676300001	0.3368578402404127	-2.9716924055657457e-05
835.7245097570001	0.3369655355661022	-2.964561320078357e-05
836.9339518840001	0.3370728537989766	-2.957499822110743e-05
838.143394011	0.3371797963478845	-2.9505078901592707e-05
839.352836138	0.33728636461528416	-2.9435854942201634e-05
840.562278265	0.33739255999727025	-2.9367325966374314e-05
841.771720392	0.33749838388360925	-2.9299491508948117e-05
842.981162519	0.33760383765777363	-2.9232351003286028e-05
844.1906046460001	0.3377089226969632	-2.9165903796084247e-05
845.4000467730001	0.3378136403721554	-2.910014912340525e-05
846.6094889000001	0.3379179920481147	-2.9035086118081588e-05
847.8189310270001	0.3380219790834309	-2.8970713792986214e-05
849.0283731540001	0.3381256028305638	-2.890703104074105e-05
850.237815281	0.3382288646358575	-2.8844036625667868e-05
851.447257408	0.3383317658395829	-2.8781729174816306e-05
852.656699535	0.33843430777595174	-2.8720107172558462e-05
853.866141662	0.3385364917731775	-2.8659168954829617e-05
855.075583789	0.3386383191534797	-2.8598912692252842e-05
856.2850259160001	0.3387397912331245	-2.8539336392505166e-05
857.4944680430001	0.33884090932246286	-2.8480437890103516e-05
858.7039101700001	0.33894167472595177	-2.8422214824457004e-05
859.9133522970001	0.3390420887421776	-2.836466465429982e-05
861.1227944240001	0.3391421526639084	-2.830778463459166e-05
862.332236551	0.33924186777810744	-2.8251571802223596e-05
863.541678678	0.33934123536597055	-2.8196022983380253e-05
864.751120805	0.33944025670295125	-2.8141134770058585e-05
865.960562932	0.3395389330587901	-2.808690351670945e-05
867.170005059	0.3396372656975627	-2.803332533386077e-05
868.3794471860001	0.3397352558776809	-2.798039607884023e-05
869.5888893130001	0.33983290485194173	-2.792811134012807e-05
870.7983314400001	0.3399302138675596	-2.7876466438120362e-05
872.0077735670001	0.3400271841661836	-2.78254564134231e-05
873.2172156940001	0.3401238169839334	-2.7775076014452393e-05
874.426657821	0.34022011355143894	-2.772531969723324e-05
875.636099948	0.34031607509386885	-2.7676181611563377e-05
876.845542075	0.3404117028309551	-2.7627655606037027e-05
878.054984202	0.3405069979770293	-2.757973520934459e-05
879.2644263290001	0.3406019617410568	-2.75324136301755e-05
880.4738684560001	0.3406965953266789	-2.7485683755587575e-05
881.6833105830001	0.3407908999322347	-2.743953813769129e-05
882.8927527100001	0.3408848767508185	-2.7393969006930807e-05
884.1021948370001	0.340978526970288	-2.7348968253945727e-05
885.3116369640001	0.34107185177333066	-2.7304527443768045e-05
886.521079091	0.3411648523375021	-2.7260637805608112e-05
887.730521218	0.34125752983525093	-2.7217290239599234e-05
888.939963345	0.34134988543398803	-2.7174475325651704e-05
890.149405472	0.3414419202961217	-2.713218332073969e-05
891.3588475990001	0.34153363557911187	-2.70904041677969e-05
892.5682897260001	0.3416250324355185	-2.7049127503557535e-05
893.7777318530001	0.3417161120130509	-2.7008342670900576e-05
894.9871739800001	0.3418068754546488	-2.6968038731964294e-05
896.1966161070001	0.34189732389852473	-2.692820447978972e-05
897.406058234	0.3419874584782204	-2.6888828453044966e-05
898.615500361	0.3420772803226926	-2.6849898952983897e-05
899.824942488	0.3421667905563641	-2.681140406576854e-05
901.034384615	0.34225599029921316	-2.6773331680184087e-05
902.243826742	0.3423448806668209	-2.6735669504548976e-05
903.4532688690001	0.3424334627704776	-2.6698405091840627e-05
904.6627109960001	0.34252173771723815	-2.6661525870060043e-05
905.8721531230001	0.34260970660999884	-2.6625019158330043e-05
907.0815952500001	0.3426973705475955	-2.658887218659478e-05
908.2910373770001	0.3427847306248554	-2.655307213229874e-05
909.500479504	0.3428717879327091	-2.6517606132377136e-05
910.709921631	0.34295854355823197	-2.6482461308270644e-05
911.919363758	0.3430449985847432	-2.6447624789788238e-05
913.128805885	0.3431311540918756	-2.6413083733002607e-05
914.338248012	0.343217011155636	-2.6378825339380685e-05
915.5476901390001	0.34330257084847493	-2.634483686492911e-05
916.7571322660001	0.34338783423934766	-2.6311105638304744e-05
917.9665743930001	0.34347280239375944	-2.627761907103565e-05
919.1760165200001	0.34355747637382167	-2.6244364659901154e-05
920.3854586470001	0.34364185723827645	-2.6211329999886734e-05
921.594900774	0.3437259460425429	-2.6178502773741008e-05
922.804342901	0.34380974383872615	-2.6145870763501222e-05
924.013785028	0.3438932516756249	-2.611342184389437e-05
925.223227155	0.34397647059874775	-2.6081143972803145e-05
926.432669282	0.34405940165029514	-2.6049025190051645e-05
927.6421114090001	0.3441420458691511	-2.6017053614553476e-05
928.8515535360001	0.34422440429085177	-2.598521742491755e-05
930.0609956630001	0.34430647794755265	-2.5953504866921273e-05
931.2704377900001	0.3443882678679976	-2.5921904244836924e-05
932.4798799170001	0.3444697750774512	-2.5890403917115667e-05
933.689322044	0.34455100059766686	-2.5858992287158822e-05
934.898764171	0.3446319454468046	-2.5827657818659755e-05
936.108206298	0.3447126106393888	-2.5796389036499e-05
937.317648425	0.34479299718623263	-2.5765174535140323e-05
938.5270905520001	0.3448731060943653	-2.5734002992702787e-05
939.7365326790001	0.34495293836697594	-2.5702863186656544e-05
940.9459748060001	0.345032495003339	-2.5671744021689424e-05
942.1554169330001	0.34511177699873685	-2.5640634548948493e-05
943.3648590600001	0.34519078534441333	-2.5609524001872497e-05
944.5743011870001	0.3452695210275015	-2.5578401827125452e-05
945.783743314	0.345347985030985	-2.5547257727909223e-05
946.993185441	0.3454261783336216	-2.5516081696472237e-05
948.202627568	0.34550410190991254	-2.548486406390299e-05
949.412069695	0.345581756730069	-2.5453595542894447e-05
950.6215118220001	0.34565914375996765	-2.542226727481056e-05
951.8309539490001	0.34573626396112783	-2.5390870867531e-05
953.0403960760001	0.34581311829070543	-2.5359398449283088e-05
954.2498382030001	0.34588970770145605	-2.532784271216948e-05
955.4592803300001	0.34596603314175406	-2.529619694746632e-05
956.6687224570001	0.3460420955555727	-2.526445509534736e-05
957.878164584	0.34611789588251135	-2.5232611766748403e-05
959.087606711	0.346193435057793	-2.5200662288900333e-05
960.297048838	0.3462687140122931	-2.5168602722953903e-05
961.506490965	0.34634373367254745	-2.5136429888474032e-05
962.7159330920001	0.34641849496080135	-2.510414138346545e-05
963.9253752190001	0.3464929987950201	-2.507173559572473e-05
965.1348173460001	0.3465672460889341	-2.503921170196599e-05
966.3442594730001	0.34664123775207006	-2.5006569676924717e-05
967.5537016000001	0.34671497468978835	-2.4973810281311848e-05
968.763143727	0.34678845780332646	-2.4940935048928248e-05
969.972585854	0.3468616879898304	-2.490794627755394e-05
971.182027981	0.3469346661424096	-2.4874846996460198e-05
972.391470108	0.3470073931501526	-2.484164095324648e-05
973.600912235	0.3470798698981872	-2.4808332566836344e-05
974.8103543620001	0.3471520972677004	-2.477492690381583e-05
976.0197964890001	0.34722407613599354	-2.474142963683479e-05
977.2292386160001	0.3472958073764931	-2.470784700538825e-05
978.4386807430001	0.3473672918587974	-2.4674185766848655e-05
979.6481228700001	0.34743853044870004	-2.4640453157101505e-05
980.857564997	0.3475095240082204	-2.460665684258373e-05
982.067007124	0.34758027339562514	-2.4572804872301235e-05
983.276449251	0.34765077946545186	-2.453890563575145e-05
984.485891378	0.3477210430685339	-2.450496781752215e-05
985.6953335050001	0.3477910650520088	-2.4471000348962046e-05
986.9047756320001	0.347860846259351	-2.4437012364382504e-05
988.1142177590001	0.3479303875303739	-2.4403013167487164e-05
989.3236598860001	0.34799968970124934	-2.4369012189232042e-05
990.5331020130001	0.3480687536045252	-2.4335018953283716e-05
991.7425441400001	0.34813758006912665	-2.4301043042060377e-05
992.951986267	0.3482061699203819	-2.426709406740113e-05
994.161428394	0.34827452398003383	-2.4233181647279056e-05
995.370870521	0.3483426430662372	-2.4199315380522834e-05
996.580312648	0.34841052799359007	-2.416550483008706e-05
997.7897547750001	0.34847817957313687	-2.413175949992491e-05
998.9991969020001	0.3485455986123947	-2.4098088833093834e-05
1000.2086390290001	0.3486127859153584	-2.4064502189599657e-05
1001.4180811560001	0.3486797422825199	-2.403100884735415e-05
1002.6275232830001	0.348746468510899	-2.3997617988991138e-05
1003.8369654100001	0.3488129653940616	-2.3964338709145383e-05
1005.046407537	0.3488792337221355	-2.3931180005043462e-05
1006.255849664	0.34894527428184247	-2.3898150781152816e-05
1007.465291791	0.34901108785653256	-2.386525984945237e-05
1008.674733918	0.34907667522620955	-2.3832515932215026e-05
1009.8841760450001	0.3491420371675614	-2.3799927664602816e-05
1011.0936181720001	0.349207174453994	-2.3767503600488626e-05
1012.3030602990001	0.3492720878556769	-2.3735252213656632e-05
1013.5125024260001	0.34933677813957487	-2.370318190637183e-05
1014.7219445530001	0.3494012460694999	-2.367130100424525e-05
1015.9313866800001	0.34946549240613733	-2.3639617759807496e-05
1017.140828807	0.34952951790709674	-2.360814036030806e-05
1018.350270934	0.34959332332696347	-2.3576876918771084e-05
1019.559713061	0.34965690941733185	-2.3545835478235022e-05
1020.769155188	0.3497202769268636	-2.3515024002433715e-05
1021.9785973150001	0.3497834266013224	-2.348445037921032e-05
1023.1880394420001	0.34984635918363777	-2.345412240534195e-05
1024.397481569	0.3499090754139251	-2.3424047783798807e-05
1025.606923696	0.3499715760295646	-2.339423411355096e-05
1026.816365823	0.3500338617652279	-2.3364688877008932e-05
1028.0258079500002	0.3500959333529201	-2.3335419427603088e-05
1029.235250077	0.350157791522036	-2.3306432979368352e-05
1030.4446922040001	0.35021943699939545	-2.3277736584469133e-05
1031.654134331	0.3502808705092884	-2.3249337129029046e-05
1032.8635764580001	0.35034209277350437	-2.3221241301656093e-05
1034.073018585	0.35040310451138545	-2.3193455590327094e-05
1035.282460712	0.3504639064398551	-2.3165986249781834e-05
1036.491902839	0.350524499273441	-2.3138839303438186e-05
1037.701344966	0.3505848837243294	-2.3112020505165753e-05
1038.9107870930002	0.35064506050236605	-2.3085535331639206e-05
1040.12022922	0.3507050303151119	-2.3059388965435135e-05
1041.3296713470002	0.3507647938678482	-2.3033586278760343e-05
1042.539113474	0.35082435186359867	-2.30081318190814e-05
1043.7485556010001	0.35088370500316296	-2.2983029787863873e-05
1044.957997728	0.3509428539851142	-2.2958284037033483e-05
1046.167439855	0.3510017995058381	-2.2933898049394552e-05
1047.376881982	0.3510605422595269	-2.290987493577812e-05
1048.586324109	0.3511190829381913	-2.2886217424945843e-05
1049.795766236	0.35117742223167814	-2.28629278588785e-05
1051.005208363	0.351235560827677	-2.2840008186440774e-05
1052.2146504900002	0.35129349941170984	-2.281745996229878e-05
1053.424092617	0.35135123866715795	-2.2795284351256884e-05
1054.6335347440001	0.3514087792752398	-2.2773482125315603e-05
1055.842976871	0.35146612191503523	-2.2752053671942774e-05
1057.0524189980001	0.35152326726347044	-2.273099900993586e-05
1058.261861125	0.3515802159953129	-2.2710317777806244e-05
1059.471303252	0.351636968783184	-2.269000926714143e-05
1060.680745379	0.35169352629754314	-2.267007242059277e-05
1061.890187506	0.3517498892066899	-2.2650505863301695e-05
1063.0996296330002	0.35180605817675487	-2.2631307910227216e-05
1064.30907176	0.35186203387171744	-2.2612476583826202e-05
1065.5185138870002	0.3519178169533724	-2.2594009649483382e-05
1066.727956014	0.3519734080813455	-2.2575904619320797e-05
1067.9373981410001	0.35202880791309193	-2.255815878902251e-05
1069.146840268	0.3520840171038784	-2.254076926676979e-05
1070.356282395	0.3521390363068015	-2.252373298226168e-05
1071.565724522	0.3521938661727823	-2.2507046732130054e-05
1072.775166649	0.3522485073505524	-2.2490707198598303e-05
1073.9846087760002	0.35230296048667786	-2.247471097681364e-05
1075.194050903	0.3523572262255505	-2.2459054607515405e-05
1076.4034930300002	0.35241130520940217	-2.2443734597830944e-05
1077.612935157	0.35246519807830495	-2.2428747456934572e-05
1078.8223772840001	0.3525189054701744	-2.241408971473402e-05
1080.031819411	0.35257242802079614	-2.2399757947030863e-05
1081.2412615380001	0.35262576636382875	-2.2385748803949168e-05
1082.450703665	0.35267892113081667	-2.2372059027969682e-05
1083.660145792	0.3527318929512038	-2.2358685472942397e-05
1084.869587919	0.3527846824523583	-2.2345625126728164e-05
1086.079030046	0.3528372902595916	-2.2332875115306516e-05
1087.2884721730002	0.352889716996164	-2.232043272279438e-05
1088.4979143	0.3529419632833246	-2.230829540207646e-05
1089.7073564270001	0.35299402974032884	-2.22964607747983e-05
1090.916798554	0.3530459169844466	-2.2284926632865076e-05
1092.1262406810001	0.35309762563101443	-2.2273690938011403e-05
1093.335682808	0.35314915629343246	-2.2262751815570192e-05
1094.545124935	0.3532005095832127	-2.2252107544813715e-05
1095.754567062	0.35325168610998203	-2.2241756544860714e-05
1096.964009189	0.3533026864815241	-2.2231697351833557e-05
1098.1734513160002	0.35335351130379966	-2.2221928600490992e-05
1099.382893443	0.3534041611809606	-2.2212449001864087e-05
1100.5923355700002	0.3534546367153759	-2.220325730682704e-05
1101.801777697	0.3535049385076563	-2.219435227263783e-05
1103.0112198240001	0.35355506715666485	-2.218573262993684e-05
1104.220661951	0.3536050232595338	-2.2177397035666457e-05
1105.430104078	0.35365480741167077	-2.216934403356796e-05
1106.639546205	0.3537044202067823	-2.2161572007170505e-05
1107.848988332	0.35375386223686855	-2.2154079132391535e-05
1109.058430459	0.35380313409221853	-2.2146863332871136e-05
1110.267872586	0.3538522363614148	-2.213992222052652e-05
1111.4773147130002	0.35390116963132723	-2.2133253049304302e-05
1112.68675684	0.3539499344870909	-2.2126852667718466e-05
1113.8961989670001	0.35399853151208743	-2.2120717460799577e-05
1115.105641094	0.3540469612879337	-2.211484331723912e-05
1116.3150832210001	0.3540952243944297	-2.2109225569853785e-05
1117.524525348	0.354143321409545	-2.210385895944078e-05
1118.733967475	0.35419125290936027	-2.2098737595170614e-05
1119.943409602	0.35423901946803327	-2.209385492258492e-05
1121.152851729	0.35428662165773334	-2.2089203688249737e-05
1122.3622938560002	0.354334060048592	-2.2084775928611633e-05
1123.571735983	0.3543813352086324	-2.208056293955679e-05
1124.7811781100002	0.35442844770369986	-2.207655527467628e-05
1125.990620237	0.3544753980974004	-2.2072742741900686e-05
1127.2000623640001	0.3545221869510147	-2.20691144079202e-05
1128.409504491	0.3545688148234205	-2.2065658612221983e-05
1129.618946618	0.3546152822710096	-2.206236299253511e-05
1130.828388745	0.3546615898476148	-2.2059214507430536e-05
1132.037830872	0.3547077381044098	-2.205619947565768e-05
1133.2472729990002	0.35475372758983537	-2.205330364109248e-05
1134.456715126	0.3547995588495124	-2.2050512203788952e-05
1135.6661572530002	0.35484523242616034	-2.204780990623656e-05
1136.87559938	0.35489074885953265	-2.204518108767095e-05
1138.0850415070001	0.3549361086863212	-2.2042609774536315e-05
1139.294483634	0.3549813124401071	-2.2040079764015785e-05
1140.5039257610001	0.35502636065128146	-2.203757471343215e-05
1141.713367888	0.35507125384700244	-2.203507824177775e-05
1142.922810015	0.35511599255114185	-2.203257401986458e-05
1144.132252142	0.355160577284239	-2.203004589091534e-05
1145.341694269	0.3552050085634779	-2.202747796539034e-05
1146.5511363960002	0.35524928690265256	-2.2024854733251886e-05
1147.760578523	0.3552934128121854	-2.202216117470207e-05
1148.9700206500002	0.3553373867990868	-2.2019382864245374e-05
1150.179462777	0.3553812093669922	-2.201650608366773e-05
1151.3889049040001	0.35542488101617375	-2.201351791402545e-05
1152.598347031	0.3554684022435654	-2.2010406346084643e-05
1153.807789158	0.35551177354281993	-2.2007160370624e-05
1155.017231285	0.35555499540435187	-2.2003770068904083e-05
1156.226673412	0.35559806831540747	-2.200022668611551e-05
1157.4361155390002	0.35564099276013966	-2.1996522713514655e-05
1158.645557666	0.3556837692196769	-2.199265195262229e-05
1159.8549997930002	0.3557263981722375	-2.198860956752896e-05
1161.06444192	0.3557688800932145	-2.1984392133848896e-05
1162.2738840470001	0.3558112154552925	-2.1979997668460094e-05
1163.483326174	0.35585340472855975	-2.1975425666002912e-05
1164.6927683010001	0.35589544838062287	-2.1970677105603853e-05
1165.902210428	0.35593734687674344	-2.1965754456516884e-05
1167.111652555	0.35597910067995214	-2.1960661668922465e-05
1168.321094682	0.3560207102511991	-2.195540415549785e-05
1169.530536809	0.35606217604945534	-2.1949988760677774e-05
1170.7399789360002	0.35610349853188084	-2.1944423729110263e-05
1171.949421063	0.35614467815393275	-2.193871864030611e-05
1173.1588631900001	0.3561857153695011	-2.1932884367602268e-05
1174.368305317	0.35622661063104516	-2.19269329950339e-05
1175.5777474440001	0.356267364389705	-2.1920877742526157e-05
1176.787189571	0.3563079770954207	-2.191473289669954e-05
1177.996631698	0.35634844919705877	-2.190851369726632e-05
1179.206073825	0.3563887811425079	-2.1902236256032825e-05
1180.415515952	0.35642897337878643	-2.1895917452198488e-05
1181.6249580790002	0.356469026352126	-2.1889574824643376e-05
1182.834400206	0.3565089405080723	-2.1883226464895766e-05
1184.0438423330002	0.35654871629155066	-2.187689090370204e-05
1185.25328446	0.35658835414693546	-2.1870587004313435e-05
1186.4627265870001	0.35662785451812157	-2.1864333845711403e-05
1187.672168714	0.35666721784855454	-2.1858150613215943e-05
1188.881610841	0.35670644458128836	-2.1852056485686944e-05
1190.091052968	0.3567455351590161	-2.184607053636045e-05
1191.300495095	0.3567844900240904	-2.1840211621729222e-05
1192.5099372220002	0.3568233096185353	-2.1834498280706716e-05
1193.719379349	0.3568619943840559	-2.1828948644282697e-05
1194.9288214760002	0.35690054476203675	-2.182358033902404e-05
1196.138263603	0.35693896119354507	-2.1818410411718336e-05
1197.3477057300001	0.35697724411929294	-2.181345524217282e-05
1198.557147857	0.35701539397962706	-2.180873047754467e-05
1199.7665899840001	0.3570534112145037	-2.1804250962202676e-05
1200.976032111	0.35709129626344105	-2.1800030686053296e-05
1202.185474238	0.3571290495654975	-2.1796082732485067e-05
1203.394916365	0.35716667155920945	-2.179241923724179e-05
1204.604358492	0.3572041626825579	-2.1789051352777422e-05
1205.8138006190002	0.3572415233729059	-2.17859892203201e-05
1207.023242746	0.35727875406695686	-2.1783241951685295e-05
1208.2326848730002	0.3573158552006975	-2.178081761393391e-05
1209.442127	0.3573528272093369	-2.177872322190605e-05
