0.0	0.0	0.0
1.209442127	1.75313117202594e-06	8.949456877193325e-10
2.418884254	7.0065918421791185e-06	6.001252775294673e-10
3.6283263810000004	1.58061211876791e-05	3.844059262988186e-10
4.837768508	2.821788347633093e-05	2.466894199079799e-10
6.047210635000001	4.433448822934156e-05	5.5637574945758953e-11
7.256652762000001	6.427316471874155e-05	-1.0262971764560914e-10
8.466094889	8.817451358241642e-05	-1.994348596417474e-10
9.675537016	0.00011620056037629377	-2.1839554711196033e-10
10.884979143	0.00014853251540397088	-2.0156380459476398e-10
12.094421270000002	0.0001853682576267311	-1.405320158694509e-10
13.303863397	0.0002269195968113104	-2.1929034848026333e-11
14.513305524000002	0.0002734093688688625	1.5549655872404465e-10
15.722747651	0.00032506834894232764	3.9248830941763287e-10
16.932189778	0.0003821320484740183	6.990578584883467e-10
18.141631905	0.0004448374170415547	1.088737127755428e-09
19.351074032	0.0005134194902248269	1.5776681055318376e-09
20.560516159000002	0.0005881080206392253	2.1871118767512014e-09
21.769958286	0.0006691241218258256	2.9430114208541056e-09
22.979400413	0.0007566769594747761	3.875401657351882e-09
24.188842540000003	0.0008509605236382937	5.021340469184114e-09
25.398284667000002	0.0009521505089808672	6.428959605940445e-09
26.607726794	0.0010604013371458155	8.15734827385936e-09
27.817168921	0.001175843346568468	1.0276086546360391e-08
29.026611048000003	0.001298580172300456	1.2863530472252173e-08
30.236053175000002	0.0014286863335399662	1.6004751359280367e-08
31.445495302	0.001566205047365638	1.979526898692255e-08
32.654937429	0.0017111462948833215	2.4355843449919493e-08
33.864379556	0.0018634851697436647	2.985100526920609e-08
35.073821683000006	0.002023160533415888	3.6500058291999773e-08
36.28326381	0.0021900739899438355	4.457786869846436e-08
37.492705937000004	0.002364089185743523	5.4409163274642125e-08
38.702148064	0.0025450314397991855	6.636318291512039e-08
39.911590191	0.0027326877141286504	8.085538968178804e-08
41.121032318000005	0.0029268069362684865	9.835725411130175e-08
42.330474445	0.0031271006778563126	1.194021848616167e-07
43.539916572	0.003333244175396444	1.4456466129134787e-07
44.749358699000005	0.0035448776651089294	1.743989467787449e-07
45.958800826	0.003761608015757938	2.0935818266856754e-07
47.168242953000004	0.003983010679505385	2.4974736822537535e-07
48.377685080000006	0.004208632017472093	2.9575227114032876e-07
49.587127207	0.004437992048194599	3.475290643161627e-07
50.796569334000004	0.004670587520405453	4.053262812357336e-07
52.00601146100001	0.0049058951255888964	4.6960589438101163e-07
53.215453588	0.005143374821125578	5.410949708919977e-07
54.424895715000005	0.00538247329148868	6.207548725618156e-07
55.634337842	0.005622627547580155	7.09714597748809e-07
56.843779969	0.005863268659852285	8.092011507428165e-07
58.053222096000006	0.006103825610439387	9.204768574595096e-07
59.262664223	0.00634372922619127	1.0447930681826978e-06
60.472106350000004	0.006582416144773359	1.183361705929184e-06
61.68154847700001	0.006819332770423826	1.3373386383800506e-06
62.890990604	0.007053939180232934	1.5078135389059305e-06
64.100432731	0.007285712943929611	1.6958033648723642e-06
65.309874858	0.007514152821802547	1.902248160141548e-06
66.519316985	0.007738782307152083	2.1280086367203577e-06
67.728759112	0.007959152981782344	2.3738652280540923e-06
68.93820123900001	0.008174847655580068	2.6405181899509522e-06
70.14764336600001	0.008385483264193763	2.928588031896745e-06
71.357085493	0.008590713502163541	3.2386151855336165e-06
72.56652762	0.008790231172410328	3.5710574361295933e-06
73.775969747	0.008983770236741358	3.926283310811893e-06
74.98541187400001	0.00917110755583896	4.3045598381221545e-06
76.19485400100001	0.009352064310697364	4.70603500944862e-06
77.404296128	0.009526507099430676	5.130719630921585e-06
78.613738255	0.009694348702523536	5.57847696516095e-06
79.823180382	0.009855548506232551	6.049026651773828e-06
81.032622509	0.010010112569095043	6.541964129016739e-06
82.24206463600001	0.010158093309947398	7.056795970570781e-06
83.45150676300001	0.010299588788613237	7.59299450123381e-06
84.66094889	0.010434741549930262	8.150073765532048e-06
85.870391017	0.010563737021762035	8.727678563214339e-06
87.079833144	0.010686801509156078	9.325660707300634e-06
88.28927527100001	0.010804199899164615	9.944102012746786e-06
89.49871739800001	0.010916233238717078	1.0583248951605631e-05
90.708159525	0.011023236317986117	1.1243359156268284e-05
91.917601652	0.011125575284957764	1.1924506956655437e-05
93.127043779	0.011223645208991532	1.2626415395202567e-05
94.33648590600001	0.011317867481066526	1.3348356984183365e-05
95.54592803300001	0.01140868699003254	1.4089118853147925e-05
96.75537016000001	0.01149656908995168	1.4846999023007332e-05
97.964812287	0.011581996422757607	1.5619804837697926e-05
99.174254414	0.011665465672047088	1.640484723264453e-05
100.383696541	0.011747484312238255	1.7198941039147167e-05
101.59313866800001	0.011828567397957283	1.7998420760639844e-05
102.80258079500001	0.011909234416645906	1.879917261395081e-05
104.01202292200001	0.011990006204237446	1.959668214991314e-05
105.221465049	0.01207140190732105	2.038610329139351e-05
106.430907176	0.012153935977866457	2.1162356415097006e-05
107.64034930300001	0.012238115211414904	2.1920252301382837e-05
108.84979143000001	0.012324435874812741	2.2654622118360723e-05
110.05923355700001	0.0124133809956537	2.3360425387159572e-05
111.268675684	0.012505417884657977	2.4032816496762782e-05
112.478117811	0.01260099592876408	2.466716550471315e-05
113.687559938	0.012700544652766906	2.5259030446252856e-05
114.89700206500001	0.012804472040675394	2.580408127132207e-05
116.10644419200001	0.012913163112420103	2.629800941266261e-05
117.31588631900001	0.013026978722083141	2.6736475996685938e-05
118.525328446	0.013146254520939126	2.7115119051181538e-05
119.734770573	0.013271300050023832	2.742960494482062e-05
120.94421270000001	0.013402397960681994	2.7675701401341096e-05
122.15365482700001	0.013539803379459345	2.7849354771772653e-05
123.36309695400001	0.01368374343621491	2.7946761390921712e-05
124.572539081	0.01383441696840109	2.7964429271000804e-05
125.781981208	0.013991994405267884	2.7899230951897863e-05
126.99142333500001	0.01415661782761009	2.774845045318622e-05
128.200865462	0.014328401194763814	2.7509828425193242e-05
129.410307589	0.014507430731437478	2.718161210866349e-05
130.619749716	0.01469376546945377	2.6762619896869566e-05
131.82919184300002	0.014887437937749753	2.6252327373400136e-05
133.03863397	0.015088454982395845	2.565096483964774e-05
134.24807609700002	0.015296798683776973	2.4959592750662535e-05
135.457518224	0.015512427347431289	2.4180124211785337e-05
136.666960351	0.01573527657994808	2.3315308892267114e-05
137.87640247800002	0.01596526046523155	2.2368725142747972e-05
139.085844605	0.016202272811287177	2.1344796787834894e-05
140.29528673200002	0.016446188413265284	2.0248804041011342e-05
141.504728859	0.016696864308335217	1.908685645990102e-05
142.714170986	0.01695414103150262	1.7865826757789555e-05
143.92361311300002	0.01721784388249376	1.6593263940404765e-05
145.13305524	0.017487784199346622	1.5277302500791082e-05
146.34249736700002	0.01776376062633289	1.3926575271256889e-05
147.551939494	0.01804556036400011	1.2550131110738647e-05
148.761381621	0.018332960390578596	1.1157356231309562e-05
149.97082374800002	0.018625728643245743	9.757898011289456e-06
151.180265875	0.018923625146375286	8.361590922462137e-06
152.38970800200002	0.019226403075786512	6.978384492498102e-06
153.599150129	0.019533809755172896	5.618272019799683e-06
154.808592256	0.01984558759112583	4.291215997365844e-06
156.018034383	0.020161474961079926	3.0070633686186954e-06
157.22747651	0.0204812070701332	1.7754433228340388e-06
158.43691863700002	0.02080451678815195	6.056439246244355e-07
159.646360764	0.021131135471070064	-4.935295693196673e-07
160.85580289100002	0.021460793762836355	-1.5139048323269816e-06
162.065245018	0.02179322236933058	-2.4480859070336036e-06
163.274687145	0.022128152794995144	-3.2895726784047674e-06
164.48412927200002	0.022465318039034794	-4.03284135069501e-06
165.693571399	0.02280445325989237	-4.673379250474952e-06
166.90301352600002	0.02314529642743443	-5.207681486818494e-06
168.112455653	0.0234875889805492	-5.6332319247655305e-06
169.32189778	0.023831076487570803	-5.9484966321160515e-06
170.53133990700002	0.02417550927895631	-6.152947079778037e-06
171.740782034	0.024520643009521538	-6.24710780699686e-06
172.95022416100002	0.02486623912416565	-6.2326050550981504e-06
174.159666288	0.025212065233234188	-6.112191427039976e-06
175.369108415	0.025557895427613678	-5.889734728967144e-06
176.57855054200002	0.025903510568129916	-5.57017487335873e-06
177.787992669	0.026248698574053778	-5.159461317835734e-06
178.99743479600002	0.026593254721241733	-4.664482670699993e-06
180.206876923	0.02693698194741791	-4.092993177322313e-06
181.41631905	0.02727969115212196	-3.453533277068821e-06
182.62576117700002	0.027621201472575282	-2.7553379889876106e-06
183.835203304	0.02796134051547415	-2.0082286745735922e-06
185.04464543100002	0.02829994452952114	-1.2224879046077164e-06
186.254087558	0.028636858512808998	-4.0872021349683263e-07
187.46352968500003	0.028971936258606015	4.222971066968062e-07
188.67297181200001	0.029305040348880047	1.2597680109568965e-06
189.882413939	0.029636042106626976	2.0930301889120206e-06
191.09185606600002	0.029964821517966096	2.9116994444827737e-06
192.301298193	0.03029126713484602	3.705801495116484e-06
193.51074032000002	0.030615275967201018	4.465891312661202e-06
194.720182447	0.03093675336565911	5.183161958886157e-06
195.929624574	0.03125561288860401	5.849538798757825e-06
197.13906670100002	0.031571776153039	6.4577510820104655e-06
198.348508828	0.031885172679144154	7.001381649843208e-06
199.55795095500002	0.03219573973713773	7.474904299847179e-06
200.767393082	0.03250342219682665	7.87371540882792e-06
201.976835209	0.032808172376375	8.194159329798917e-06
203.18627733600002	0.0331099498881005	8.433544810990123e-06
204.395719463	0.03340872148175639	8.590151284782604e-06
205.60516159000002	0.03370446088753411	8.663225281785314e-06
206.814603717	0.03399714866125371	8.652967226938785e-06
208.02404584400003	0.03428677203324645	8.560508526437444e-06
209.23348797100002	0.03457332476108998	8.387878853724495e-06
210.442930098	0.034856806985294475	8.137963840765955e-06
211.65237222500002	0.03513722508651361	7.81445368061226e-06
212.861814352	0.035414591542729426	7.421783312942798e-06
214.07125647900003	0.03568892478494248	6.9650648998505205e-06
215.28069860600002	0.035960249049989304	6.450013270375976e-06
216.490140733	0.0362285942291351	5.882865031059392e-06
217.69958286000002	0.03649399571109735	5.270292111409641e-06
218.909024987	0.03675649421814254	4.619310668859539e-06
220.11846711400003	0.03701613563392847	3.937186462087822e-06
221.32790924100001	0.03727297082188476	3.2313379806601927e-06
222.537351368	0.037527055433071485	2.509238779195566e-06
223.74679349500002	0.037778449702684555	1.7783205620569564e-06
224.956235622	0.03802721823461734	1.0458786354784755e-06
226.16567774900003	0.03827342977376866	3.189813489283544e-07
227.375119876	0.03851715696607687	-3.9561486761541254e-07
228.584562003	0.0387584761065624	-1.091543354758695e-06
229.79400413000002	0.03899746687602049	-1.762896575246975e-06
231.003446257	0.03923421206733711	-2.40428583067262e-06
232.21288838400002	0.039468797302657135	-3.0108904868451913e-06
233.422330511	0.03970131074276535	-3.57849616640718e-06
234.63177263800003	0.039931842790126945	-4.103521627479151e-06
235.84121476500002	0.040160485787214276	-4.583034290236293e-06
237.050656892	0.04038733371195609	-5.0147546138620824e-06
238.26009901900002	0.04061248187231932	-5.397049749226307e-06
239.469541146	0.0408360266021031	-5.728917084377172e-06
240.67898327300003	0.04105806495998016	-6.009958423133788e-06
241.88842540000002	0.04127869443371229	-6.240345633744954e-06
243.097867527	0.04149801265127925	-6.420778675655242e-06
244.30730965400002	0.04171611710047326	-6.5524369747028965e-06
245.516751781	0.04193310485825916	-6.636925203688804e-06
246.72619390800003	0.04214907233099214	-6.676214611509718e-06
247.93563603500002	0.04236411500635413	-6.672581137383976e-06
249.145078162	0.04257832721770091	-6.62854163937035e-06
250.35452028900002	0.042791801921343076	-6.546789682020798e-06
251.563962416	0.043004630487171444	-6.4301323697765755e-06
252.77340454300003	0.04321690250293454	-6.281429795092219e-06
253.98284667000001	0.04342870559240283	-6.103538611825637e-06
255.192288797	0.04364012524754597	-5.8992611697249175e-06
256.401730924	0.04385124467474873	-5.671301391368955e-06
257.61117305100004	0.044062144654929386	-5.422228251179828e-06
258.820615178	0.044272903417222814	-5.154447274009766e-06
260.030057305	0.044483596525697555	-4.870180004844932e-06
261.239499432	0.04469429677834419	-4.571450988137549e-06
262.448941559	0.044905074117430506	-4.2600814813657795e-06
263.65838368600004	0.04511599555020131	-3.937688981978105e-06
264.867825813	0.045327125078855834	-3.605691641993952e-06
266.07726794	0.0455385236387584	-3.265316749646169e-06
267.286710067	0.04575024904388868	-2.917612566891159e-06
268.49615219400005	0.045962355938643895	-2.5634629081602855e-06
269.70559432100004	0.0461748957552732	-2.203603872347193e-06
270.915036448	0.04638791667642825	-1.8386421411949183e-06
272.124478575	0.04660146360256863	-1.4690742811095114e-06
273.333920702	0.04681557812415589	-1.0953065491987879e-06
274.54336282900005	0.0470302984987199	-7.176748174561598e-07
275.75280495600003	0.047245659632919726	-3.3646430493139423e-07
276.962247083	0.047461693069710154	4.807112242641298e-08
278.17168921	0.047678426980671526	4.3569033910187405e-07
279.381131337	0.04789588616352766	8.26147316567577e-07
280.59057346400004	0.04811409204485901	1.2191747740600278e-06
281.80001559100003	0.048333062688057954	1.6144694885388e-06
283.009457718	0.04855281280662645	2.01167963151741e-06
284.218899845	0.048773353783030556	2.4103944922838905e-06
285.428341972	0.048994693693479724	2.81013689119175e-06
286.63778409900004	0.04921683733917848	3.2103585118209432e-06
287.84722622600003	0.04943978628466339	3.6104382745080765e-06
289.056668353	0.04966353890353846	4.009683713578072e-06
290.26611048	0.04988809043130288	4.407335009774804e-06
291.475552607	0.05011343302477925	4.802571098708186e-06
292.68499473400004	0.05033955582812266	5.194517427344059e-06
293.89443686100003	0.05056644504581187	5.582255225903415e-06
295.103878988	0.050794084022868634	5.964832201953846e-06
296.313321115	0.051022453332293494	6.34127438353671e-06
297.522763242	0.05125153086954292	6.71059874051208e-06
298.73220536900004	0.051481291953839714	7.071826184330138e-06
299.94164749600003	0.05171170943608807	7.4239945768266036e-06
301.151089623	0.051942753813122314	7.766171410621137e-06
302.36053175	0.052174393347990324	8.097465854312036e-06
303.569973877	0.05240659419591058	8.417039913360957e-06
304.77941600400004	0.052639320535506406	8.724118478433546e-06
305.98885813100003	0.052872534704861376	9.01799810361023e-06
307.198300258	0.05310619734191929	9.298054384668242e-06
308.407742385	0.05334026752870119	9.563747866508931e-06
309.617184512	0.053574702938801524	9.81462843634845e-06
310.82662663900004	0.05380945998759406	1.0050338200406211e-05
312.036068766	0.054044493984570716	1.0270612878199303e-05
313.245510893	0.05427975928722158	1.0475281753491439e-05
314.45495302	0.05451520945586137	1.0664266279065276e-05
315.664395147	0.054750797408798575	1.0837577419816474e-05
316.87383727400004	0.054986475577242795	1.0995311856231565e-05
318.083279401	0.05522219605936661	1.1137647191950678e-05
319.292721528	0.05545791077290915	1.1264836309015508e-05
320.502163655	0.055693571605755623	1.1377201043365898e-05
321.71160578200005	0.05592913056391371	1.1475125353557769e-05
322.92104790900004	0.056164539916334376	1.1559048156847829e-05
324.130490036	0.056399752336051406	1.1629456003185712e-05
325.339932163	0.05663472103713328	1.1686875742759895e-05
326.54937429	0.05686939990698313	1.1731867314779959e-05
327.75881641700005	0.05710374363355583	1.1765016770297343e-05
328.96825854400004	0.0573377078271041	1.1786929625105802e-05
330.177700671	0.05757124913611097	1.1798224625492182e-05
331.387142798	0.057804325357109665	1.1799528019419692e-05
332.596584925	0.05803689553815443	1.1791468410841943e-05
333.80602705200005	0.058268920075740985	1.1774672266137709e-05
335.01546917900004	0.05850036080501651	1.1749760098968276e-05
336.224911306	0.058731181083150036	1.1717343339899544e-05
337.434353433	0.058961345865762606	1.1678021856240117e-05
338.64379556	0.059190821776330005	1.1632382067701397e-05
339.85323768700005	0.05941957716851681	1.1580995598496624e-05
341.06267981400003	0.05964758218140655	1.1524418391077595e-05
342.272121941	0.0598748087876247	1.1463190221557007e-05
343.481564068	0.060101230834366456	1.139783454321558e-05
344.691006195	0.06032682407736728	1.1328858603915082e-05
345.90044832200005	0.06055156620787394	1.1256753772316552e-05
347.10989044900003	0.06077543687269152	1.1181996019765661e-05
348.319332576	0.06099841768742423	1.1105046509453376e-05
349.528774703	0.06122049224302971	1.1026352242163306e-05
350.73821683	0.06144164610583914	1.094634671983119e-05
351.94765895700004	0.06166186681122074	1.0865450587760339e-05
353.15710108400003	0.06188114385108151	1.0784072231609376e-05
354.366543211	0.06209946865541803	1.0702608299724414e-05
355.575985338	0.062316834568153845	1.0621444140941627e-05
356.785427465	0.06253323681750747	1.0540954144266923e-05
357.99486959200004	0.06274867248116414	1.0461501973250964e-05
359.20431171900003	0.06296314044652111	1.0383440712365133e-05
360.413753846	0.06317664136630537	1.0307112911354943e-05
361.623195973	0.0633891776098611	1.0232850552009676e-05
362.8326381	0.06360075321041106	1.0160974950761126e-05
364.04208022700004	0.06381137380861451	1.0091796601961744e-05
365.25152235400003	0.06402104659273056	1.0025614988258547e-05
366.460964481	0.06422978023571155	9.962718361261613e-06
367.670406608	0.0644375848295389	9.903383513878983e-06
368.87984873500005	0.0646444718171205	9.84787554739186e-06
370.08929086200004	0.0648504539220538	9.796447648181827e-06
371.29873298900003	0.06505554507656547	9.74934086606788e-06
372.508175116	0.0652597603479059	9.706783906431038e-06
373.717617243	0.06546311586350564	9.668992926717412e-06
374.92705937000005	0.0656656287351449	9.636171335036803e-06
376.13650149700004	0.06586731698241002	9.608509579865643e-06
377.34594362400003	0.06606819945568156	9.586184923464358e-06
378.555385751	0.06626829575889315	9.56936118923224e-06
379.764827878	0.06646762617227871	9.558188466145257e-06
380.97427000500005	0.06666621157532064	9.552802771858881e-06
382.18371213200004	0.06686407337010306	9.553325646581567e-06
383.393154259	0.0670612334052432	9.559863692699955e-06
384.602596386	0.06725771390058741	9.572508034662308e-06
385.812038513	0.06745353737283256	9.591333711228556e-06
387.02148064000005	0.06764872656222484	9.61639899681177e-06
388.23092276700004	0.06784330436048808	9.647744660383484e-06
389.440364894	0.06803729374012044	9.685393164850231e-06
390.649807021	0.06823071768518899	9.729347828633939e-06
391.859249148	0.06842359912375597	9.779591964985401e-06
393.06869127500005	0.0686159608620536	9.8360880115278e-06
394.27813340200004	0.06880782552053344	9.898776685238198e-06
395.487575529	0.06899921547189979	9.96757617667543e-06
396.697017656	0.06919015278124763	1.0042381420043156e-05
397.906459783	0.0693806591484052	1.0123063458190862e-05
399.11590191000005	0.0695707558525971	1.0209468935880317e-05
400.32534403700004	0.06976046369952665	1.0301419744077056e-05
401.534786164	0.06994980297098272	1.0398712840975488e-05
402.744228291	0.07013879337706358	1.05011202730515e-05
403.953670418	0.07032745401111828	1.0608389414565322e-05
405.16311254500005	0.07051580330748516	1.0720243439718558e-05
406.37255467200004	0.07070385900212132	1.0836382042869741e-05
407.581996799	0.07089163809618565	1.0956482408841506e-05
408.791438926	0.0710791568226621	1.1080200438148835e-05
410.000881053	0.07126643061606446	1.1207172223054451e-05
411.21032318000005	0.07145347408529562	1.1337015768775327e-05
412.41976530700003	0.0716403009896875	1.1469332945525379e-05
413.629207434	0.07182692421825901	1.160371164753149e-05
414.838649561	0.07201335577221206	1.1739728152507234e-05
416.04809168800006	0.07219960675067846	1.187694963807745e-05
417.25753381500004	0.07238568733970117	1.2014936836279855e-05
418.46697594200003	0.07257160680444207	1.2153246792455386e-05
419.676418069	0.07275737348458915	1.2291435687108998e-05
420.885860196	0.07294299479290972	1.2429061696191124e-05
422.09530232300006	0.07312847721689775	1.2565687839881379e-05
423.30474445000004	0.07331382632345199	1.2700884793007128e-05
424.51418657700003	0.07349904676649852	1.2834233612826762e-05
425.723628704	0.07368414229745866	1.296532835518005e-05
426.933070831	0.0738691157784759	1.3093778539481626e-05
428.14251295800005	0.07405396919826698	1.3219211437494327e-05
429.35195508500004	0.07423870369049015	1.3341274150972804e-05
430.56139721200003	0.07442331955448744	1.3459635459268926e-05
431.770839339	0.07460781627826862	1.3573987414840227e-05
432.980281466	0.0747921925635861	1.3684046667371275e-05
434.18972359300005	0.07497644635294862	1.3789555509471918e-05
435.39916572000004	0.07516057485842645	1.3890282628797879e-05
436.60860784700003	0.0753445745920759	1.3986023571360695e-05
437.818049974	0.07552844139783865	1.4076600915423343e-05
439.027492101	0.07571217048473887	1.4161864157334614e-05
440.23693422800005	0.07589575646122919	1.424168932901565e-05
441.44637635500004	0.07607919337051611	1.4315978345100233e-05
442.65581848200003	0.07626247472671419	1.438465812005768e-05
443.865260609	0.0764455935516682	1.4447679452245232e-05
445.074702736	0.07662854241229236	1.4505015718833947e-05
446.28414486300005	0.07681131345828277	1.455666139010825e-05
447.49358699000004	0.07699389846005546	1.460263040558435e-05
448.703029117	0.07717628884677905	1.4642954429079647e-05
449.912471244	0.07735847574435979	1.4677681020813793e-05
451.121913371	0.0775404500132669	1.4706871747649508e-05
452.33135549800005	0.0777222022860699	1.4730600273134276e-05
453.54079762500004	0.0779037230045746	1.4748950439680275e-05
454.750239752	0.07808500245646222	1.4762014386361655e-05
455.959681879	0.07826603081131839	1.4769890715755907e-05
457.169124006	0.0784467981559702	1.4772682743698085e-05
458.37856613300005	0.07862729452903894	1.4770496843057035e-05
459.58800826000004	0.07880750995463029	1.4763440906243042e-05
460.797450387	0.07898743447509513	1.4751622947256626e-05
462.006892514	0.07916705818278363	1.4735149845665485e-05
463.216334641	0.07934637125073835	1.4714126249662507e-05
464.42577676800005	0.07952536396227544	1.4688653650556105e-05
465.63521889500004	0.07970402673939228	1.4658829622211933e-05
466.844661022	0.079882350169969	1.4624747237325375e-05
468.054103149	0.08006032503372575	1.4586494661648908e-05
469.26354527600006	0.08023794232689146	1.4544154911429186e-05
470.47298740300005	0.0804151932855646	1.4497805784441375e-05
471.68242953000004	0.08059206940773656	1.4447519946857168e-05
472.891871657	0.08076856247396308	1.4393365170339845e-05
474.101313784	0.08094466456665866	1.4335404713100575e-05
475.31075591100006	0.08112036808800618	1.4273697820463283e-05
476.52019803800005	0.08129566577647634	1.4208300343487856e-05
477.72964016500003	0.08147055072194634	1.4139265459733874e-05
478.939082292	0.08164501637941571	1.40666444681109e-05
480.148524419	0.08181905658132439	1.3990487654907957e-05
481.35796654600006	0.08199266554847937	1.3910845210331202e-05
482.56740867300005	0.0821658378995899	1.3827768176793986e-05
483.77685080000003	0.08233856865943412	1.3741309414248837e-05
484.986292927	0.08251085326565832	1.3651524563507156e-05
486.195735054	0.08268268757423819	1.3558472998657922e-05
487.40517718100006	0.08285406786361402	1.3462218747213595e-05
488.61461930800004	0.08302499083752266	1.336283136731814e-05
489.82406143500003	0.08319545362655748	1.3260386770318211e-05
491.033503562	0.08336545378846878	1.3154967978531995e-05
492.242945689	0.08353498930725452	1.3046665801916268e-05
493.45238781600005	0.0837040585910549	1.2935579427775235e-05
494.66182994300004	0.08387266046889842	1.282181691718981e-05
495.87127207000003	0.08404079418632687	1.2705495595177752e-05
497.080714197	0.0842084593999396	1.258674233459156e-05
498.290156324	0.08437565617090136	1.2465693728321015e-05
499.49959845100005	0.08454238495744398	1.2342496142660198e-05
500.70904057800004	0.08470864660641766	1.2217305655488897e-05
501.91848270500003	0.0848744423439258	1.2090287880919814e-05
503.127924832	0.08503977376509075	1.1961617671134295e-05
504.337366959	0.08520464282299935	1.18314787105403e-05
505.54680908600005	0.08536905181687218	1.170006299438392e-05
506.75625121300004	0.08553300337950764	1.1567570202604405e-05
507.96569334000003	0.08569650046404406	1.1434206974643424e-05
509.175135467	0.0858595463300969	1.1300186087817576e-05
510.384577594	0.08602214452930948	1.1165725548309413e-05
511.59401972100005	0.08618429889038207	1.1031047604817545e-05
512.803461848	0.08634601350361429	1.0896377690854109e-05
514.0129039750001	0.08650729270502425	1.076194330553587e-05
515.2223461020001	0.0866681410600855	1.0627972848890888e-05
516.4317882290001	0.08682856334714253	1.0494694411701533e-05
517.641230356	0.0869885645405425	1.0362334541533236e-05
518.850672483	0.08714814979355148	1.023111698852941e-05
520.06011461	0.08730732442109121	1.0101261448076937e-05
521.269556737	0.08746609388234912	9.972982307857037e-06
522.478998864	0.08762446376332478	9.846487412500105e-06
523.688440991	0.08778243975934538	9.721976858854953e-06
524.897883118	0.08794002765761091	9.599641828859917e-06
526.1073252450001	0.08809723331981636	9.47966347275564e-06
527.3167673720001	0.0882540626648973	9.362211855261371e-06
528.5262094990001	0.08841052165194452	9.247444969336105e-06
529.735651626	0.08856661626334247	9.135507828529621e-06
530.945093753	0.08872235248817013	9.026531647617075e-06
532.15453588	0.08887773630591111	8.920633114001264e-06
533.363978007	0.08903277367051818	8.81791376296237e-06
534.573420134	0.08918747049487377	8.718459450940408e-06
535.782862261	0.0893418326356821	8.622339943330226e-06
536.9923043880001	0.08949586587884592	8.529608609836314e-06
538.2017465150001	0.08964957592534341	8.44030223352138e-06
539.4111886420001	0.08980296837766678	8.354440934735252e-06
540.6206307690001	0.08995604872682772	8.272028203984427e-06
541.830072896	0.09010882233998599	8.193051050847666e-06
543.039515023	0.09026129444871347	8.117480257030518e-06
544.24895715	0.09041347013792636	8.045270735945742e-06
545.458399277	0.09056535433550753	7.976361992304004e-06
546.667841404	0.09071695180264089	7.910678675275562e-06
547.877283531	0.09086826712487706	7.848131220331012e-06
549.0867256580001	0.0910193047039407	7.788616570705842e-06
550.2961677850001	0.09117006875029754	7.732018972778087e-06
551.5056099120001	0.09132056327649155	7.678210838600596e-06
552.715052039	0.09147079209124956	7.6270536597741745e-06
553.924494166	0.09162075879437148	7.57839897764373e-06
555.133936293	0.09177046677238997	7.532089380549167e-06
556.34337842	0.09191991919501402	7.487959539878575e-06
557.552820547	0.09206911901234216	7.445837264863364e-06
558.762262674	0.09221806895283338	7.4055445670392905e-06
559.971704801	0.09236677152204037	7.3668987294744914e-06
561.1811469280001	0.09251522900207307	7.32971337082805e-06
562.3905890550001	0.09266344345179403	7.293799496786713e-06
563.6000311820001	0.09281141670771664	7.258966531031863e-06
564.809473309	0.09295915038558832	7.225023317701529e-06
566.018915436	0.09310664588263676	7.191779092155515e-06
567.228357563	0.09325390438046105	7.159044415408489e-06
568.43779969	0.09340092684852815	7.126632059199778e-06
569.647241817	0.09354771404825715	7.094357847479971e-06
570.856683944	0.09369426653766572	7.06204144469702e-06
572.066126071	0.09384058467653218	7.02950709231126e-06
573.2755681980001	0.09398666863206401	6.996584284026108e-06
574.4850103250001	0.09413251838501188	6.963108390559136e-06
575.6944524520001	0.09427813373623194	6.928921219000184e-06
576.903894579	0.09442351431362866	6.89387151837223e-06
578.113336706	0.09456865957946631	6.857815425476144e-06
579.322778833	0.09471356883800075	6.820616854474881e-06
580.53222096	0.09485824124341416	6.782147828093832e-06
581.741663087	0.09500267580799712	6.742288759034598e-06
582.951105214	0.0951468714105605	6.700928676432738e-06
584.160547341	0.09529082680503684	6.657965404242849e-06
585.3699894680001	0.09543454062924155	6.613305694611049e-06
586.5794315950001	0.09557801141375342	6.566865317053638e-06
587.7888737220001	0.0957212375908903	6.518569104912997e-06
588.998315849	0.09586421750374799	6.468350969457415e-06
590.207757976	0.09600694941526805	6.416153874679031e-06
591.417200103	0.09614943151731095	6.361929785696219e-06
592.62664223	0.0962916619396961	6.305639587124434e-06
593.836084357	0.0964336387591981	6.2472529772719665e-06
595.045526484	0.09657536000845032	6.186748336113601e-06
596.2549686110001	0.0967168236847596	6.124112586304575e-06
597.4644107380001	0.09685802775877929	6.05934101984007e-06
598.6738528650001	0.09699897018303491	5.992437125436345e-06
599.8832949920001	0.09713964890028534	5.923412392701277e-06
601.092737119	0.0972800618516788	5.852286113924854e-06
602.302179246	0.0974202069847074	5.779085167668951e-06
603.511621373	0.09756008226093241	5.703843803953057e-06
604.7210635	0.09769968566345866	5.626603413529108e-06
605.930505627	0.09783901520415467	5.547412296337539e-06
607.139947754	0.09797806893059735	5.4663254257306115e-06
608.3493898810001	0.09811684493273376	5.383404201753095e-06
609.5588320080001	0.09825534134924072	5.298716205900944e-06
610.7682741350001	0.09839355637358033	5.2123349477684044e-06
611.9777162620001	0.09853148825973439	5.124339609523243e-06
613.187158389	0.0986691353276242	5.03481478298512e-06
614.396600516	0.09880649596818766	4.94385020487903e-06
615.606042643	0.09894356864813107	4.85154048503883e-06
616.81548477	0.09908035191433173	4.757984827685746e-06
618.024926897	0.09921684439789911	4.6632867499799e-06
619.234369024	0.09935304481788981	4.567553796269719e-06
620.4438111510001	0.09948895198467386	4.470897240614613e-06
621.6532532780001	0.09962456480295012	4.373431784415738e-06
622.8626954050001	0.09975988227441751	4.275275250584243e-06
624.072137532	0.09989490350009339	4.176548266690561e-06
625.281579659	0.10002962768229359	4.07737394763491e-06
626.491021786	0.1001640541262647	3.977877559305232e-06
627.700463913	0.10029818224147996	3.8781861909364945e-06
628.90990604	0.1004320115426062	3.7784284111497257e-06
630.119348167	0.10056554165013495	3.6787339190574864e-06
631.328790294	0.10069877229069515	3.5792331950570966e-06
632.5382324210001	0.100831703297054	3.4800571436857664e-06
633.7476745480001	0.10096433460780412	3.3813367303001107e-06
634.9571166750001	0.10109666626675451	3.2832026196222275e-06
636.166558802	0.101228698422028	3.1857848114269505e-06
637.376000929	0.10136043132487715	3.0892122724057725e-06
638.585443056	0.10149186532822993	2.993612571895732e-06
639.794885183	0.1016230008849705	2.8991115177331994e-06
641.00432731	0.10175383854596731	2.8058327975893915e-06
642.213769437	0.1018843789578674	2.7138976202781273e-06
643.4232115640001	0.10201462286065324	2.6234243668613044e-06
644.6326536910001	0.10214457108498722	2.534528250955348e-06
645.8420958180001	0.10227422454935109	2.4473209809944274e-06
647.0515379450001	0.10240358425699206	2.3619104419503323e-06
648.260980072	0.10253265129268811	2.2784003826659127e-06
649.470422199	0.10266142681934848	2.196890118884298e-06
650.679864326	0.10278991207446256	2.117474251259188e-06
651.889306453	0.10291810836640114	2.040242401607495e-06
653.09874858	0.10304601707060052	1.965278961839345e-06
654.308190707	0.10317363962562612	1.8926628679583057e-06
655.5176328340001	0.10330097752914	1.8224673888067588e-06
656.7270749610001	0.10342803233378398	1.754759939853745e-06
657.9365170880001	0.10355480564298364	1.689601916168848e-06
659.1459592150001	0.10368129910670451	1.6270485483499408e-06
660.355401342	0.10380751441715337	1.5671487823970542e-06
661.564843469	0.10393345330445336	1.5099451871267155e-06
662.774285596	0.10405911753229714	1.4554738774208431e-06
663.983727723	0.10418450889359776	1.4037644701161978e-06
665.19316985	0.10430962920614834	1.354840059468454e-06
666.402611977	0.10443448030829314	1.3087172187967178e-06
667.6120541040001	0.10455906405464185	1.2654060280101187e-06
668.8214962310001	0.10468338231182073	1.2249101214306668e-06
670.0309383580001	0.10480743695428274	1.1872267630178013e-06
671.2403804850001	0.10493122986018359	1.1523469401683584e-06
672.449822612	0.10505476290733545	1.1202554827949296e-06
673.659264739	0.10517803796925093	1.090931203005796e-06
674.868706866	0.10530105691128333	1.0643470553448053e-06
676.078148993	0.10542382158687347	1.0404703118666037e-06
677.28759112	0.10554633383391693	1.0192627599298065e-06
678.497033247	0.10566859547125207	1.000680915325125e-06
679.7064753740001	0.10579060829528072	9.846762501625195e-07
680.9159175010001	0.10591237407673389	9.711954342961349e-07
682.1253596280001	0.10603389455758068	9.60180587324111e-07
683.3348017550001	0.10615517144808763	9.515695467143814e-07
684.544243882	0.10627620642403837	9.452961387684811e-07
685.753686009	0.10639700112411973	9.412904589528592e-07
686.963128136	0.10651755714746985	9.394791624026122e-07
688.172570263	0.10663787605140007	9.397857568399504e-07
689.38201239	0.10675795934928857	9.421308952775598e-07
690.5914545170001	0.10687780850865428	9.464326729685668e-07
691.8008966440001	0.10699742494940762	9.526069269447102e-07
693.0103387710001	0.1071168100422742	9.605675295176752e-07
694.2197808980001	0.10723596510740777	9.702266850208918e-07
695.429223025	0.10735489141318082	9.814952147413347e-07
696.638665152	0.10747359017514768	9.942828477146892e-07
697.848107279	0.10759206255519704	1.0084984940136876e-06
699.057549406	0.10771030966086984	1.0240505228104047e-06
700.266991533	0.10782833254485949	1.0408470218839505e-06
701.47643366	0.10794613220468005	1.0587960541444397e-06
702.6858757870001	0.10806370958250708	1.077805906538054e-06
703.8953179140001	0.10818106556517665	1.0977853227150947e-06
705.1047600410001	0.1082982009843538	1.1186437319926634e-06
706.3142021680001	0.10841511661684888	1.1402914613448112e-06
707.523644295	0.10853181318509464	1.1626399430489376e-06
708.733086422	0.10864829135776255	1.1856019025077713e-06
709.942528549	0.10876455175052321	1.209091541512497e-06
711.151970676	0.1088805949269463	1.2330247068370603e-06
712.361412803	0.1089964213995229	1.2573190469392093e-06
713.57085493	0.1091120316308159	1.2818941571846043e-06
714.7802970570001	0.10922742603472585	1.3066717160781227e-06
715.9897391840001	0.10934260497786515	1.331575606215718e-06
717.1991813110001	0.10945756878104224	1.356532024231194e-06
718.4086234380001	0.10957231772083342	1.381469585351458e-06
719.618065565	0.10968685203124921	1.4063194122976297e-06
720.827507692	0.10980117190548298	1.4310152137361754e-06
722.036949819	0.10991527749773253	1.4554933596699904e-06
723.246391946	0.11002916892509354	1.4796929358393274e-06
724.455834073	0.11014284626950806	1.5035558015921713e-06
725.6652762	0.11025630957976881	1.527026630074313e-06
726.8747183270001	0.11036955887357416	1.550052947670022e-06
728.0841604540001	0.11048259413961879	1.572585157018358e-06
729.2936025810001	0.11059541533971264	1.594576559731109e-06
730.5030447080001	0.11070802241093289	1.6159833726367423e-06
731.712486835	0.1108204152677859	1.6367647288836884e-06
732.921928962	0.1109325938043921	1.6568826835886008e-06
734.131371089	0.1110445578966627	1.6763022075774736e-06
735.340813216	0.11115630740448719	1.6949911761862668e-06
736.550255343	0.11126784217390276	1.7129203515875435e-06
737.7596974700001	0.11137916203925516	1.730063364145662e-06
738.9691395970001	0.1114902668253436	1.7463966860559177e-06
740.1785817240001	0.1116011563495316	1.7618996023677225e-06
741.3880238510001	0.11171183042383612	1.7765541710096366e-06
742.5974659780001	0.1118222888569696	1.7903451906692291e-06
743.806908105	0.11193253145635418	1.8032601521236757e-06
745.016350232	0.11204255803007745	1.815289193636549e-06
746.225792359	0.11215236838880611	1.826425051060232e-06
747.435234486	0.11226196234763924	1.836662999556149e-06
748.644676613	0.11237133972790773	1.8460008025800168e-06
749.8541187400001	0.11248050035890395	1.8544386423263726e-06
751.0635608670001	0.11258944407955154	1.861979058444263e-06
752.2730029940001	0.11269817074000246	1.8686268791548444e-06
753.4824451210001	0.11280668020316138	1.8743891504399701e-06
754.6918872480001	0.11291497234613182	1.8792750591453689e-06
755.901329375	0.11302304706159194	1.8832958560907609e-06
757.110771502	0.11313090425908129	1.886464774662755e-06
758.320213629	0.11323854386621068	1.8887969448488917e-06
759.529655756	0.11334596582978429	1.8903093099917334e-06
760.739097883	0.1134531701168415	1.8910205339534025e-06
761.9485400100001	0.11356015671560678	1.890950910320155e-06
763.1579821370001	0.11366692563635404	1.8901222676032114e-06
764.3674242640001	0.113773476912187	1.8885578711505535e-06
765.5768663910001	0.11387981059972452	1.8862823260787365e-06
766.786308518	0.11398592677970024	1.8833214741331705e-06
767.995750645	0.11409182555747598	1.8797022931851814e-06
769.205192772	0.1141975070634665	1.8754527938841248e-06
770.414634899	0.11430297145347278	1.8706019121600415e-06
771.624077026	0.11440821890893432	1.8651794046475878e-06
772.833519153	0.11451324963709342	1.8592157414731858e-06
774.0429612800001	0.11461806387108134	1.852742000894858e-06
775.2524034070001	0.11472266186990848	1.845789762235095e-06
776.4618455340001	0.11482704391839087	1.8383909977243151e-06
777.6712876610001	0.11493121032698776	1.8305779703048364e-06
778.880729788	0.11503516143156736	1.8223831246694244e-06
780.090171915	0.11513889759309179	1.8138389895408502e-06
781.299614042	0.11524241919724354	1.8049780686479888e-06
782.509056169	0.11534572665397219	1.7958327472242241e-06
783.718498296	0.11544882039697969	1.786435192850655e-06
784.9279404230001	0.11555170088314234	1.7768172589777143e-06
786.1373825500001	0.11565436859187402	1.767010397141222e-06
787.3468246770001	0.11575682402443238	1.7570455657575645e-06
788.5562668040001	0.11585906770317414	1.7469531450320375e-06
789.7657089310001	0.11596110017075562	1.736762858778329e-06
790.975151058	0.11606292198929258	1.7265036962588187e-06
792.184593185	0.11616453373947944	1.7162038400825308e-06
793.394035312	0.11626593601965955	1.7058905974337568e-06
794.603477439	0.11636712944487465	1.6955903406890016e-06
795.812919566	0.11646811464587228	1.685328445237555e-06
797.0223616930001	0.11656889226809232	1.6751292398059503e-06
798.2318038200001	0.11666946297062344	1.6650159562273115e-06
799.4412459470001	0.11676982742514763	1.6550106895288352e-06
800.6506880740001	0.11686998631485909	1.6451343595944024e-06
801.8601302010001	0.11696994033338415	1.635406681708973e-06
803.069572328	0.117069690183677	1.6258461376650324e-06
804.279014455	0.11716923657692163	1.616469957846367e-06
805.488456582	0.11726858023142586	1.6072941041792022e-06
806.697898709	0.11736772187151949	1.5983332603206057e-06
807.907340836	0.11746666222646132	1.589600828293125e-06
809.1167829630001	0.1175654020293457	1.581108928019881e-06
810.3262250900001	0.11766394201603111	1.5728684021470984e-06
811.5356672170001	0.11776228292407281	1.5648888259736649e-06
812.7451093440001	0.11786042549168277	1.5571785233065016e-06
813.9545514710001	0.11795837045670612	1.549744585008228e-06
815.163993598	0.1180561185556204	1.5425928912293774e-06
816.373435725	0.11815367052255853	1.5357281392888722e-06
817.582877852	0.11825102708836466	1.5291538743716915e-06
818.792319979	0.11834818897967816	1.5228725243898733e-06
820.001762106	0.11844515691804788	1.5168854352598515e-06
821.2112042330001	0.11854193161908559	1.511192913014603e-06
822.4206463600001	0.11863851379164968	1.5057942673243896e-06
823.6300884870001	0.11873490413707415	1.500687853102367e-06
824.8395306140001	0.11883110334842785	1.4958711209087094e-06
826.0489727410001	0.11892711210982065	1.4913406637673265e-06
827.258414868	0.11902293109575193	1.4870922701304412e-06
828.467856995	0.1191185609704961	1.4831209718124683e-06
829.677299122	0.11921400238753493	1.4794210995913715e-06
830.886741249	0.11930925598903719	1.4759863366867187e-06
832.0961833760001	0.11940432240537444	1.472809767630312e-06
833.3056255030001	0.1194992022546919	1.4698839375590356e-06
834.5150676300001	0.11959389614251537	1.4672009014532472e-06
835.7245097570001	0.11968840466140909	1.464752281056525e-06
836.9339518840001	0.11978272839067552	1.4625293166606324e-06
838.143394011	0.11987686789610533	1.4605229179537327e-06
839.352836138	0.11997082372976092	1.4587237167906775e-06
840.562278265	0.12006459642981802	1.4571221170003867e-06
841.771720392	0.12015818652043656	1.4557083426111617e-06
842.981162519	0.12025159451168635	1.4544724876927595e-06
844.1906046460001	0.12034482089950457	1.453404560342042e-06
845.4000467730001	0.12043786616570352	1.4524945274110856e-06
846.6094889000001	0.1205307307780101	1.45173236006102e-06
847.8189310270001	0.12062341519014506	1.4511080733345394e-06
849.0283731540001	0.12071591984194524	1.4506117649026873e-06
850.237815281	0.12080824515951846	1.4502336525903936e-06
851.447257408	0.12090039155542995	1.4499641117285411e-06
852.656699535	0.12099235942892472	1.4497937033258745e-06
853.866141662	0.12108414916618579	1.44971321321824e-06
855.075583789	0.12117576114061374	1.4497136764102247e-06
856.2850259160001	0.12126719571314519	1.449786404365827e-06
857.4944680430001	0.12135845323258755	1.449923010918286e-06
858.7039101700001	0.12144953403598828	1.4501154357096646e-06
859.9133522970001	0.12154043844901996	1.4503559635573038e-06
861.1227944240001	0.12163116678639088	1.4506372451178473e-06
862.332236551	0.12172171935228235	1.450952313200582e-06
863.541678678	0.12181209644078578	1.4512945958541912e-06
864.751120805	0.12190229833637697	1.4516579304943433e-06
865.960562932	0.12199232531439254	1.4520365752834774e-06
867.170005059	0.12208217764151857	1.4524252164790918e-06
868.3794471860001	0.12217185557630121	1.4528189748452824e-06
869.5888893130001	0.12226135936965538	1.4532134131051144e-06
870.7983314400001	0.12235068926538539	1.4536045369606398e-06
872.0077735670001	0.12243984550070816	1.4539887966610876e-06
873.2172156940001	0.12252882830679208	1.4543630887445258e-06
874.426657821	0.12261763790927926	1.4547247516316641e-06
875.636099948	0.12270627452882737	1.4550715627323352e-06
876.845542075	0.12279473838163713	1.4554017329429514e-06
878.054984202	0.12288302967998488	1.4557139034407363e-06
879.2644263290001	0.12297114863274933	1.4560071311259248e-06
880.4738684560001	0.12305909544593222	1.4562808864915233e-06
881.6833105830001	0.12314687032317295	1.4565350359360685e-06
882.8927527100001	0.12323447346625452	1.4567698352202507e-06
884.1021948370001	0.12332190507560149	1.4569859136601138e-06
885.3116369640001	0.12340916535076624	1.4571842607488672e-06
886.521079091	0.12349625449090218	1.4573662083169903e-06
887.730521218	0.12358317269522814	1.4575334175148669e-06
888.939963345	0.12366992016347292	1.4576878584332542e-06
890.149405472	0.12375649709630913	1.4578317966348897e-06
891.3588475990001	0.123842903695772	1.4579677688683623e-06
892.5682897260001	0.12392914016565629	1.458098564985355e-06
893.7777318530001	0.1240152067119003	1.4582272124044615e-06
894.9871739800001	0.12410110354295079	1.4583569475576375e-06
896.1966161070001	0.12418683087010522	1.4584912009438233e-06
897.406058234	0.12427238890784172	1.4586335758751123e-06
898.615500361	0.12435777787412199	1.458787820242391e-06
899.824942488	0.12444299799067582	1.4589578120338675e-06
901.034384615	0.12452804948327129	1.4591475327244141e-06
902.243826742	0.12461293258195191	1.4593610483115693e-06
903.4532688690001	0.12469764752126454	1.4596024850987988e-06
904.6627109960001	0.12478219454045464	1.4598760086498297e-06
905.8721531230001	0.12486657388364986	1.4601858030552362e-06
907.0815952500001	0.12495078580001724	1.460536048880634e-06
908.2910373770001	0.12503483054389933	1.460930902058566e-06
909.500479504	0.12511870837493005	1.4613744759861547e-06
910.709921631	0.12520241955812755	1.4618708188834928e-06
911.919363758	0.12528596436396744	1.4624238968627412e-06
913.128805885	0.12536934306843692	1.4630375744228985e-06
914.338248012	0.12545255595306637	1.4637155985250394e-06
915.5476901390001	0.12553560330494126	1.4644615779005332e-06
916.7571322660001	0.12561848541669432	1.4652789742247707e-06
917.9665743930001	0.12570120258648182	1.4661710825356056e-06
919.1760165200001	0.12578375511793888	1.4671410167657606e-06
920.3854586470001	0.12586614332011645	1.468191699979804e-06
921.594900774	0.12594836750740343	1.4693258516690344e-06
922.804342901	0.12603042799942987	1.470545977447224e-06
924.013785028	0.12611232512095852	1.4718543610015011e-06
925.223227155	0.12619405920175342	1.4732530545513711e-06
926.432669282	0.12627563057644642	1.4747438714241001e-06
927.6421114090001	0.12635703958437847	1.476328382710168e-06
928.8515535360001	0.12643828656943285	1.4780079105394806e-06
930.0609956630001	0.12651937187985926	1.4797835276234017e-06
931.2704377900001	0.12660029586808583	1.48165605420858e-06
932.4798799170001	0.12668105889051567	1.4836260562242631e-06
933.689322044	0.12676166130732222	1.4856938485088844e-06
934.898764171	0.1268421034822299	1.4878594917153154e-06
936.108206298	0.12692238578229065	1.4901228022404234e-06
937.317648425	0.12700250857765255	1.4924833504278978e-06
938.5270905520001	0.12708247224132493	1.4949404661679377e-06
939.7365326790001	0.1271622771489352	1.4974932487643589e-06
940.9459748060001	0.1272419236784823	1.5001405699321957e-06
942.1554169330001	0.1273214122100923	1.5028810809100679e-06
943.3648590600001	0.127400743125761	1.5057132264906237e-06
944.5743011870001	0.12747991680911117	1.5086352489201982e-06
945.783743314	0.1275589336451278	1.5116452023525295e-06
946.993185441	0.12763779401991326	1.5147409601207196e-06
948.202627568	0.1277164983204334	1.5179202272549985e-06
949.412069695	0.1277950469342662	1.5211805549780744e-06
950.6215118220001	0.12787344024935351	1.5245193498020226e-06
951.8309539490001	0.12795167865375995	1.5279338877183246e-06
953.0403960760001	0.12802976253542492	1.531421330691618e-06
954.2498382030001	0.12810769228193192	1.5349787310589558e-06
955.4592803300001	0.12818546828027133	1.5386030543795837e-06
956.6687224570001	0.12826309091661797	1.5422911882473356e-06
957.878164584	0.12834056057611024	1.5460399577296724e-06
959.087606711	0.12841787764263413	1.5498461390719975e-06
960.297048838	0.12849504249861657	1.5537064703280423e-06
961.506490965	0.12857205552482948	1.5576176691650678e-06
962.7159330920001	0.128648917100197	1.5615764441326285e-06
963.9253752190001	0.12872562760160677	1.565579506063175e-06
965.1348173460001	0.1288021874037463	1.5696235826576088e-06
966.3442594730001	0.12887859687892994	1.5737054311903975e-06
967.5537016000001	0.1289548563969405	1.577821847495442e-06
968.763143727	0.12903096632489097	1.5819696798785587e-06
969.972585854	0.129106927027081	1.5861458402335882e-06
971.182027981	0.1291827388648676	1.5903473124800893e-06
972.391470108	0.12925840219655563	1.5945711642900706e-06
973.600912235	0.1293339173772841	1.5988145545750565e-06
974.8103543620001	0.12940928475892896	1.6030747421735825e-06
976.0197964890001	0.1294845046900167	1.607349096460764e-06
977.2292386160001	0.12955957751565045	1.6116351016573494e-06
978.4386807430001	0.12963450357743914	1.6159303630330912e-06
979.6481228700001	0.129709283213442	1.6202326199657446e-06
980.857564997	0.12978391675812134	1.6245397387662508e-06
982.067007124	0.12985840454230485	1.6288497285341097e-06
983.276449251	0.12993274689315748	1.633160739332451e-06
984.485891378	0.1300069441341692	1.637471067489349e-06
985.6953335050001	0.13008099658514088	1.6417791586162411e-06
986.9047756320001	0.13015490456218612	1.646083606289539e-06
988.1142177590001	0.13022866837774388	1.6503831589131934e-06
989.3236598860001	0.13030228834059357	1.6546767141190077e-06
990.5331020130001	0.13037576475588356	1.6589633239916246e-06
991.7425441400001	0.13044909792516818	1.6632421922790908e-06
992.951986267	0.1305222881464474	1.6675126727899725e-06
994.161428394	0.13059533571421947	1.6717742687410997e-06
995.370870521	0.13066824091954046	1.6760266298362914e-06
996.580312648	0.1307410040500817	1.6802695515794053e-06
997.7897547750001	0.13081362539020894	1.684502966836643e-06
998.9991969020001	0.1308861052210567	1.688726948549657e-06
1000.2086390290001	0.13095844382061067	1.6929417027480853e-06
1001.4180811560001	0.13103064146379617	1.6971475630955801e-06
1002.6275232830001	0.13110269842257077	1.7013449869207609e-06
1003.8369654100001	0.1311746149660261	1.705534550117127e-06
1005.046407537	0.13124639136048666	1.7097169430629888e-06
1006.255849664	0.1313180278696165	1.7138929608237485e-06
1007.465291791	0.13138952475452903	1.718063501125744e-06
1008.674733918	0.13146088227389896	1.7222295568622425e-06
1009.8841760450001	0.13153210068407936	1.7263922076002358e-06
1011.0936181720001	0.1316031802392136	1.73055261511873e-06
1012.3030602990001	0.13167412119136077	1.7347120177257924e-06
1013.5125024260001	0.1317449237906138	1.7388717186983538e-06
1014.7219445530001	0.1318155882852204	1.743033083367873e-06
1015.9313866800001	0.13188611492170277	1.7471975305716203e-06
1017.140828807	0.13195650394498545	1.7513665268725775e-06
1018.350270934	0.13202675559851462	1.7555415796760565e-06
1019.559713061	0.13209687012438018	1.759724225877668e-06
1020.769155188	0.13216684776343615	1.763916030864121e-06
1021.9785973150001	0.13223668875542238	1.768118576245259e-06
1023.1880394420001	0.13230639333908248	1.7723334570646232e-06
1024.397481569	0.13237596175227992	1.7765622723625585e-06
1025.606923696	0.13244539423211454	1.7808066231778108e-06
1026.816365823	0.13251469101503321	1.7850681001269075e-06
1028.0258079500002	0.13258385233693953	1.7893482785052983e-06
1029.235250077	0.13265287843330337	1.793648716982843e-06
1030.4446922040001	0.13272176953926185	1.7979709466126037e-06
1031.654134331	0.13279052588972184	1.8023164654878965e-06
1032.8635764580001	0.13285914771945642	1.8066867386729024e-06
1034.073018585	0.13292763526319842	1.8110831868367594e-06
1035.282460712	0.13299598875572888	1.8155071851155835e-06
1036.491902839	0.13306420843196565	1.8199600554241746e-06
1037.701344966	0.1331322945270374	1.8244430668862277e-06
1038.9107870930002	0.1332002472763683	1.8289574269803044e-06
1040.12022922	0.13326806691574875	1.833504280540632e-06
1041.3296713470002	0.13333575368139688	1.838084706939913e-06
1042.539113474	0.13340330781002852	1.8426997149545432e-06
1043.7485556010001	0.13347072953891503	1.8473502409466214e-06
1044.957997728	0.133538019105933	1.852037146948815e-06
1046.167439855	0.13360517674961558	1.8567612167785796e-06
1047.376881982	0.1336722027091968	1.8615231566071477e-06
1048.586324109	0.13373909722464955	1.8663235919064158e-06
1049.795766236	0.13380586053672117	1.8711630674767e-06
1051.005208363	0.13387249288695793	1.8760420425339985e-06
1052.2146504900002	0.1339389945177399	1.8809608963027413e-06
1053.424092617	0.13400536567229188	1.885919922520185e-06
1054.6335347440001	0.13407160659470396	1.8909193318650264e-06
1055.842976871	0.13413771752993914	1.8959592515827017e-06
1057.0524189980001	0.13420369872384075	1.9010397265956103e-06
1058.261861125	0.1342695504231331	1.9061607191422913e-06
1059.471303252	0.13433527287542174	1.911322109665603e-06
1060.680745379	0.13440086632918902	1.916523697978456e-06
1061.890187506	0.1344663310337749	1.921765205442627e-06
1063.0996296330002	0.13453166723936694	1.9270462764259255e-06
1064.30907176	0.1345968751969871	1.932366480869585e-06
1065.5185138870002	0.13466195515846235	1.9377253129698735e-06
1066.727956014	0.1347269073764047	1.943122196770841e-06
1067.9373981410001	0.13479173210417664	1.948556487746389e-06
1069.146840268	0.13485642959586366	1.9540274731194573e-06
1070.356282395	0.13492100010624208	1.9595343775241636e-06
1071.565724522	0.13498544389073402	1.965076361909457e-06
1072.775166649	0.1350497612053727	1.970652531407824e-06
1073.9846087760002	0.13511395230675638	1.97626193143563e-06
1075.194050903	0.13517801745200964	1.9819035567553156e-06
1076.4034930300002	0.13524195689873014	1.9875763504900723e-06
1077.612935157	0.13530577090494417	1.9932792087729023e-06
1078.8223772840001	0.13536945972905404	1.9990109833972758e-06
1080.031819411	0.13543302362978618	2.0047704831493984e-06
1081.2412615380001	0.13549646286614023	2.010556478956871e-06
1082.450703665	0.13555977769733535	2.016367707843858e-06
1083.660145792	0.13562296838275306	2.022202871251877e-06
1084.869587919	0.13568603518188344	2.028060641368068e-06
1086.079030046	0.1357489783542672	2.0339396646085195e-06
1087.2884721730002	0.13581179815943822	2.039838562978291e-06
1088.4979143	0.13587449485687556	2.0457559338354914e-06
1089.7073564270001	0.1359370687059368	2.0516903573991607e-06
1090.916798554	0.13599951996580634	2.0576403986088954e-06
1092.1262406810001	0.1360618488954391	2.0636046060007462e-06
1093.335682808	0.13612405575350386	2.0695815162452558e-06
1094.545124935	0.13618614079833066	2.075569657936094e-06
1095.754567062	0.13624810428785897	2.0815675502994235e-06
1096.964009189	0.13630994647957353	2.087573709091961e-06
1098.1734513160002	0.13637166763046865	2.093586643381329e-06
1099.382893443	0.1364332679969878	2.0996048633176168e-06
1100.5923355700002	0.1364947478349735	2.105626877343947e-06
1101.801777697	0.13655610739962643	2.111651193778541e-06
1103.0112198240001	0.13661734694545352	2.1176763241037566e-06
1104.220661951	0.1366784667262257	2.123700784992244e-06
1105.430104078	0.136739466994936	2.1297230962391556e-06
1106.639546205	0.13680034800375654	2.135741784883849e-06
1107.848988332	0.1368611100040034	2.1417553835861858e-06
1109.058430459	0.13692175324609607	2.147762432375133e-06
1110.267872586	0.13698227797952386	2.1537614813826877e-06
1111.4773147130002	0.13704268445281736	2.159751087540962e-06
1112.68675684	0.1371029729135106	2.165729818162654e-06
1113.8961989670001	0.13716314360812254	2.1716962489148894e-06
1115.105641094	0.13722319678212208	2.1776489660813025e-06
1116.3150832210001	0.13728313267990963	2.1835865661318232e-06
1117.524525348	0.1373429515447966	2.1895076555561443e-06
1118.733967475	0.1374026536189853	2.195410849864521e-06
1119.943409602	0.13746223914355174	2.201294776835172e-06
1121.152851729	0.13752170835843192	2.2071580722260453e-06
1122.3622938560002	0.1375810615024107	2.2129993809821835e-06
1123.571735983	0.13764029881311426	2.218817358165537e-06
1124.7811781100002	0.1376994205269983	2.2246106681778066e-06
1125.990620237	0.13775842687934786	2.2303779854820904e-06
1127.2000623640001	0.13781731810427533	2.236117990550568e-06
1128.409504491	0.13787609443471557	2.241829373791915e-06
1129.618946618	0.13793475610243164	2.2475108329006455e-06
1130.828388745	0.13799330333801468	2.2531610741755026e-06
1132.037830872	0.13805173637089713	2.2587788085920435e-06
1133.2472729990002	0.1381100554293539	2.26436275650721e-06
1134.456715126	0.13816826074051317	2.2699116432184363e-06
1135.6661572530002	0.138226352530374	2.2754242006428615e-06
1136.87559938	0.13828433102381338	2.280899166512418e-06
1138.0850415070001	0.13834219644460496	2.2863352861224318e-06
1139.294483634	0.138399949015437	2.2917313085707436e-06
1140.5039257610001	0.13845758895792626	2.2970859896442875e-06
1141.713367888	0.13851511649264253	2.302398090056612e-06
1142.922810015	0.13857253183912993	2.3076663761972815e-06
1144.132252142	0.13862983521592812	2.31288962267151e-06
1145.341694269	0.13868702684059608	2.3180666064714917e-06
1146.5511363960002	0.13874410692973743	2.3231961160524728e-06
1147.760578523	0.13880107569902883	2.328276941646057e-06
1148.9700206500002	0.13885793336324173	2.3333078859044676e-06
1150.179462777	0.13891468013627667	2.3382877587380113e-06
1151.3889049040001	0.13897131623118775	2.3432153778008002e-06
1152.598347031	0.13902784186021216	2.348089571321821e-06
1153.807789158	0.13908425723480117	2.352909179978435e-06
1155.017231285	0.13914056256564905	2.3576730552865577e-06
1156.226673412	0.13919675806272575	2.3623800664424044e-06
1157.4361155390002	0.13925284393530424	2.3670290930921656e-06
1158.645557666	0.13930882039199344	2.371619034199912e-06
1159.8549997930002	0.13936468764076895	2.3761488076728954e-06
1161.06444192	0.13942044588900512	2.3806173524848484e-06
1162.2738840470001	0.13947609534350208	2.3850236286759863e-06
1163.483326174	0.13953163621052017	2.389366623570255e-06
1164.6927683010001	0.13958706869580895	2.3936453473066832e-06
1165.902210428	0.139642393004637	2.3978588430950687e-06
1167.111652555	0.13969760934181763	2.402006185384109e-06
1168.321094682	0.1397527179117443	2.4060864814712257e-06
1169.530536809	0.13980771891841398	2.41009887999577e-06
1170.7399789360002	0.1398626125654574	2.4140425652907638e-06
1171.949421063	0.1399173990561638	2.4179167668891832e-06
1173.1588631900001	0.13997207859350708	2.4217207616333836e-06
1174.368305317	0.1400266513801701	2.425453874299599e-06
1175.5777474440001	0.1400811176185722	2.4291154823441463e-06
1176.787189571	0.1401354775108878	2.432705019470016e-06
1177.996631698	0.14018973125907064	2.436221979623676e-06
1179.206073825	0.14024387906487404	2.4396659166203705e-06
1180.415515952	0.1402979211298713	2.4430364539140825e-06
1181.6249580790002	0.1403518576554736	2.446333280475832e-06
1182.834400206	0.1404056888429464	2.449556159814237e-06
1184.0438423330002	0.140459414893426	2.452704928684879e-06
1185.25328446	0.14051303600793796	2.4557795076790567e-06
1186.4627265870001	0.14056655238740218	2.458779895755936e-06
1187.672168714	0.14061996423265738	2.461706180137413e-06
1188.881610841	0.14067327174445732	2.4645585357946365e-06
1190.091052968	0.14072647512349362	2.4673372297084883e-06
1191.300495095	0.14077957457039497	2.4700426223961403e-06
1192.5099372220002	0.1408325702857395	2.4726751726988905e-06
1193.719379349	0.14088546247005582	2.4752354396556653e-06
1194.9288214760002	0.14093825132383117	2.4777240831691527e-06
1196.138263603	0.14099093704751206	2.4801418687797616e-06
1197.3477057300001	0.14104351984150845	2.4824896693725895e-06
1198.557147857	0.14109599990618982	2.484768463331677e-06
1199.7665899840001	0.14114837744188913	2.4869793426168796e-06
1200.976032111	0.14120065264889956	2.489123506740909e-06
1202.185474238	0.14125282572746764	2.4912022695972036e-06
1203.394916365	0.14130489687779565	2.4932170575447943e-06
1204.604358492	0.1413568663000293	2.495169410407505e-06
1205.8138006190002	0.14140873419425723	2.4970609802527077e-06
1207.023242746	0.14146050076050135	2.498893534458313e-06
1208.2326848730002	0.1415121661987049	2.5006689516465785e-06
1209.442127	0.14156373070872913	2.5023892225028987e-06
