0.0	0.0	0.0
1.209442127	2.764488615815517e-06	7.092328095308591e-11
2.418884254	1.1046425143592296e-05	5.779833917170682e-10
3.6283263810000004	2.4811443775739385e-05	1.1260526123657875e-09
4.837768508	4.40053878648304e-05	1.5491709864217122e-09
6.047210635000001	6.855408331690616e-05	1.7928504071050317e-09
7.256652762000001	9.836324794482501e-05	2.1193775522000864e-09
8.466094889	0.00013331891497612506	2.3745933402241496e-09
9.675537016	0.00017328691141512597	2.591549713568857e-09
10.884979143	0.00021811251832183108	2.7615304053088627e-09
12.094421270000002	0.00026761999178981377	2.883270479574901e-09
13.303863397	0.0003216123683256902	2.9426941682551312e-09
14.513305524000002	0.0003798711628979315	2.9293229189975706e-09
15.722747651	0.00044215627785621327	2.8453182343330004e-09
16.932189778	0.0005082061983017821	2.7082354182601104e-09
18.141631905	0.0005777385193324919	2.539751235166275e-09
19.351074032	0.0006504508471102309	2.360245557157803e-09
20.560516159000002	0.0007260221332893985	2.1902262516658444e-09
21.769958286	0.0008041144922041882	2.061322731646345e-09
22.979400413	0.0008843755258146951	2.0184339998008394e-09
24.188842540000003	0.00096644116127267	2.0959374119090823e-09
25.398284667000002	0.0010499390345874537	2.2448383985018694e-09
26.607726794	0.0011344925698483577	2.2954560379220834e-09
27.817168921	0.001219725767568701	2.241842578330072e-09
29.026611048000003	0.001305267734616383	2.41728733731128e-09
30.236053175000002	0.0013907571603072751	3.0679435302979896e-09
31.445495302	0.0014758478754434716	4.3088382341294196e-09
32.654937429	0.0015602148441063496	6.242048134451339e-09
33.864379556	0.0016435601190932193	8.993260068070053e-09
35.073821683000006	0.001725618768722854	1.2734300259241438e-08
36.28326381	0.0018061647432677827	1.7694512363143622e-08
37.492705937000004	0.0018850165816379854	2.4168231207988278e-08
38.702148064	0.001962042794405328	3.2509910830209876e-08
39.911590191	0.0020371667051146936	4.3080216609314714e-08
41.121032318000005	0.0021103706199857263	5.615798178478654e-08
42.330474445	0.002181699484048101	7.194256510618599e-08
43.539916572	0.0022512643317418343	9.069150849793164e-08
44.749358699000005	0.0023192454720837932	1.1282400942105517e-07
45.958800826	0.002385894926158545	1.389218616467021e-07
47.168242953000004	0.0024515376992626874	1.6977217311511285e-07
48.377685080000006	0.0025165717190296475	2.0645183074316682e-07
49.587127207	0.0025814664724482126	2.502870728354799e-07
50.796569334000004	0.002646760521720457	3.0269864051890236e-07
52.00601146100001	0.0027130581830466546	3.650733662732353e-07
53.215453588	0.00278102561483939	4.386728809476414e-07
54.424895715000005	0.0028513861511678773	5.245797216358325e-07
55.634337842	0.0029249145688742687	6.238694129808689e-07
56.843779969	0.003002430478353582	7.380274085305694e-07
58.053222096000006	0.0030847912016557484	8.692932585242297e-07
59.262664223	0.0031728841888205156	1.020742647734074e-06
60.472106350000004	0.0032676188967069864	1.1961807436096577e-06
61.68154847700001	0.003369918158632498	1.39994775827879e-06
62.890990604	0.003480709170563075	1.636655523811696e-06
64.100432731	0.003600914259002651	1.9108253956263693e-06
65.309874858	0.0037314416144861653	2.226402407002118e-06
66.519316985	0.0038731761901332094	2.5861651376114404e-06
67.728759112	0.004026970965210503	2.991124724465489e-06
68.93820123900001	0.004193638732758943	3.4400881614553302e-06
70.14764336600001	0.004373944469798294	3.929600094037622e-06
71.357085493	0.004568598211709456	4.4544083937375644e-06
72.56652762	0.004778248261139751	5.008405163713889e-06
73.775969747	0.0050034746022248255	5.585770215367107e-06
74.98541187400001	0.005244782551772405	6.181934893959246e-06
76.19485400100001	0.005502596847379985	6.794056692241169e-06
77.404296128	0.005777256438047736	7.420942203019984e-06
78.613738255	0.006069010169924863	8.062624371569724e-06
79.823180382	0.0063780134471387966	8.719823532802901e-06
81.032622509	0.006704325913917026	9.393417744721366e-06
82.24206463600001	0.0070479102071569506	1.0084016802491033e-05
83.45150676300001	0.00740863181119468	1.0791708275042361e-05
84.66094889	0.007786259995407056	1.1515966913586714e-05
85.870391017	0.00818046974173281	1.2255670626799343e-05
87.079833144	0.008590844563560296	1.300918096314792e-05
88.28927527100001	0.009016880134314023	1.3774425568765023e-05
89.49871739800001	0.009457988628880795	1.4548925704996654e-05
90.708159525	0.00991350367863184	1.5329751429804144e-05
91.917601652	0.010382685834167488	1.6113436944075485e-05
93.127043779	0.010864728421954501	1.6895952952907618e-05
94.33648590600001	0.011358763712355514	1.7672866527699085e-05
95.54592803300001	0.011863869371958543	1.8439740089717244e-05
96.75537016000001	0.012379075187358732	1.919264190326992e-05
97.964812287	0.012903370036509237	1.9928517453863506e-05
99.174254414	0.013435709108150699	2.0645213856570056e-05
100.383696541	0.013975021423086742	2.1341140924638303e-05
101.59313866800001	0.014520217693124627	2.2014837637704746e-05
102.80258079500001	0.015070198384394738	2.2664788108881038e-05
104.01202292200001	0.015623861759427277	2.3289619026811053e-05
105.221465049	0.01618011173563785	2.388859817574864e-05
106.430907176	0.016737865418301346	2.446221567145167e-05
107.64034930300001	0.01729606009830073	2.501258527747626e-05
108.84979143000001	0.017853659479862356	2.5543499273116173e-05
110.05923355700001	0.018409659028340103	2.6060150426806053e-05
111.268675684	0.01896309054803151	2.656864902761012e-05
112.478117811	0.019513026254301555	2.707542125326718e-05
113.687559938	0.02005858259094233	2.7586446966629957e-05
114.89700206500001	0.020598923884958934	2.810624562249583e-05
116.10644419200001	0.02113326571779919	2.8636650386354434e-05
117.31588631900001	0.02166087772562432	2.9175659615037278e-05
118.525328446	0.022181085525682043	2.9716832253953197e-05
119.734770573	0.02269327167208647	3.024960380714403e-05
120.94421270000001	0.023196875860040815	3.0760502311300095e-05
122.15365482700001	0.02369139474264221	3.123480946807091e-05
123.36309695400001	0.024176381601696443	3.1658102619137526e-05
124.572539081	0.024651445911788816	3.201734198597433e-05
125.781981208	0.025116252726858225	3.230145944033104e-05
126.99142333500001	0.025570521809258957	3.250156847457676e-05
128.200865462	0.026014026454997098	3.261094513840783e-05
129.410307589	0.02644659200543571	3.262489451759387e-05
130.619749716	0.02686809406196796	3.254057010897626e-05
131.82919184300002	0.02727845643542771	3.2356777084715464e-05
133.03863397	0.02767764886932988	3.207376936027349e-05
134.24807609700002	0.028065684578197293	3.169304184252484e-05
135.457518224	0.02844261764127544	3.121711880106582e-05
136.666960351	0.02880854028886002	3.064934335243611e-05
137.87640247800002	0.029163580114428343	2.9993679404997833e-05
139.085844605	0.02950789724327052	2.925454317132762e-05
140.29528673200002	0.029841681490072464	2.8436679285344293e-05
141.504728859	0.030165149541285345	2.7545080202398455e-05
142.714170986	0.030478542194580446	2.658492653305651e-05
143.92361311300002	0.030782121675324913	2.5561522331264946e-05
145.13305524	0.03107616903948517	2.4480216455925134e-05
146.34249736700002	0.031360981671298215	2.3346318227679495e-05
147.551939494	0.031636870887960085	2.2165019268813313e-05
148.761381621	0.03190415966587676	2.0941328471783642e-05
149.97082374800002	0.03216318050207761	1.968002153442767e-05
151.180265875	0.0324142734211686	1.838560347669103e-05
152.38970800200002	0.032657784134006815	1.7062281797147662e-05
153.599150129	0.0328940623498687	1.571394855494476e-05
154.808592256	0.03312346023988477	1.4344170905532683e-05
156.018034383	0.03334633104627792	1.2956190894811842e-05
157.22747651	0.03356302782973058	1.1552936159606609e-05
158.43691863700002	0.03377390234601825	1.0137043285834459e-05
159.646360764	0.03397930404267792	8.710894842168995e-06
160.85580289100002	0.03417957916657387	7.276669679352407e-06
162.065245018	0.03437506997338119	5.836404111649908e-06
163.274687145	0.03456611403001431	4.392059352531985e-06
164.48412927200002	0.03475304360085113	2.9455882778256157e-06
165.693571399	0.03493618510849717	1.498992670920891e-06
166.90301352600002	0.03511585866056124	5.43610208312683e-08
168.112455653	0.03529237763628318	-1.3861225266512903e-06
169.32189778	0.035466048331030224	-2.8202042163722775e-06
170.53133990700002	0.03563716966111783	-4.245621077160781e-06
171.740782034	0.03580603293345427	-5.660185573110803e-06
172.95022416100002	0.03597292168206574	-7.061875932481976e-06
174.159666288	0.03613811156708797	-8.44891054223361e-06
175.369108415	0.036301870324299476	-9.819789396757375e-06
176.57855054200002	0.03646445774836235	-1.1173295755384331e-05
177.787992669	0.036626125692420554	-1.2508462073774042e-05
178.99743479600002	0.03678711807007551	-1.3824511820554209e-05
180.206876923	0.03694767085081013	-1.5120791646766008e-05
181.41631905	0.03710801204466983	-1.639670732180148e-05
182.62576117700002	0.037268361675247885	-1.765167312628404e-05
183.835203304	0.03742893174180838	-1.8885079105517607e-05
185.04464543100002	0.0375899261722635	-2.0096275046425514e-05
186.254087558	0.03775154076925181	-2.128456606203204e-05
187.46352968500003	0.037913963151924086	-2.24492136216409e-05
188.67297181200001	0.03807737269598721	-2.358943793803422e-05
189.882413939	0.03824194047394386	-2.470442121252944e-05
191.09185606600002	0.03840782919655854	-2.5793313138136056e-05
192.301298193	0.03857519315450029	-2.685523841636651e-05
193.51074032000002	0.038744178155059095	-2.7889303537547328e-05
194.720182447	0.03891492145119776	-2.8894601534624098e-05
195.929624574	0.03908755167285322	-2.987021800898151e-05
197.13906670100002	0.03926218877302437	-3.081523964204493e-05
198.348508828	0.039438943987464864	-3.172876095113974e-05
199.55795095500002	0.03961791980031256	-3.260988848149374e-05
200.767393082	0.03979920991392188	-3.345774546915578e-05
201.976835209	0.0399828992260754	-3.42714773921564e-05
203.18627733600002	0.04016906381801691	-3.5050256411045836e-05
204.395719463	0.0403577709556211	-3.579328341127893e-05
205.60516159000002	0.04054907910516267	-3.6499787765304544e-05
206.814603717	0.04074303796463089	-3.716902562684492e-05
208.02404584400003	0.0409396885113116	-3.780027763550047e-05
209.23348797100002	0.04113906306626677	-3.839284679784641e-05
210.442930098	0.041341185376325994	-3.894605722756946e-05
211.65237222500002	0.04154607071419397	-3.9459254396539576e-05
212.861814352	0.04175372599726698	-3.993180752289512e-05
214.07125647900003	0.04196414992568875	-4.036311470139754e-05
215.28069860600002	0.0421773331400979	-4.0752611309312434e-05
216.490140733	0.04239325839943206	-4.109978207023296e-05
217.69958286000002	0.04261190077907548	-4.140417688973776e-05
218.909024987	0.04283322788959849	-4.166543015106687e-05
220.11846711400003	0.043057200116301333	-4.188328268069021e-05
221.32790924100001	0.043283770879627134	-4.205760510071332e-05
222.537351368	0.04351288691626477	-4.2188420979255657e-05
223.74679349500002	0.043744488580291674	-4.227592806312357e-05
224.956235622	0.04397851016310481	-4.2320516022546295e-05
226.16567774900003	0.04421488023017385	-4.232277943883229e-05
227.375119876	0.04445352197195743	-4.228352518655717e-05
228.584562003	0.04469435356580716	-4.2203773850851226e-05
229.79400413000002	0.04493728854546724	-4.208475535543137e-05
231.003446257	0.04518223617503421	-4.1927899530614255e-05
232.21288838400002	0.045429101824839474	-4.1734822777122343e-05
233.422330511	0.045677787347225975	-4.150731209153044e-05
234.63177263800003	0.04592819145035115	-4.12473075307783e-05
235.84121476500002	0.04618021006835607	-4.095688386187234e-05
237.050656892	0.04643373672680922	-4.0638231795971915e-05
238.26009901900002	0.04668866290286165	-4.029363892567284e-05
239.469541146	0.0469448783797584	-3.9925470342862e-05
240.67898327300003	0.04720227159531301	-3.9536148918706856e-05
241.88842540000002	0.04746072998386505	-3.912813532457146e-05
243.097867527	0.04772014031114125	-3.870390800944179e-05
244.30730965400002	0.04798038900140858	-3.8265943474815635e-05
245.516751781	0.04824136245624989	-3.7816697260155624e-05
246.72619390800003	0.048502947364279174	-3.73585860571024e-05
247.93563603500002	0.0487650310010848	-3.689397131472296e-05
249.145078162	0.049027501518670843	-3.6425144605635494e-05
250.35452028900002	0.04929024822363434	-3.595431489275785e-05
251.563962416	0.04955316184330993	-3.548359772670721e-05
252.77340454300003	0.04981613477913622	-3.501500630167945e-05
253.98284667000001	0.05007906134658697	-3.45504442489717e-05
255.192288797	0.05034183800116504	-3.4091699993916275e-05
256.401730924	0.05060436355013693	-3.364044250491518e-05
257.61117305100004	0.05086653934985519	-3.3198218262471644e-05
258.820615178	0.05112826948859721	-3.276644935894414e-05
260.030057305	0.05138946095481035	-3.23464327560647e-05
261.239499432	0.05165002379062929	-3.193934084099961e-05
262.448941559	0.05190987123076338	-3.154622332896353e-05
263.65838368600004	0.05216891982754603	-3.1168010056151425e-05
264.867825813	0.052427089563730184	-3.0805513571682916e-05
266.07726794	0.05268430395458454	-3.0459430333149446e-05
267.286710067	0.05294049013981661	-3.0130339947904012e-05
268.49615219400005	0.05319557896486845	-2.981870257240488e-05
269.70559432100004	0.05344950505118525	-2.9524854760350563e-05
270.915036448	0.053702206855666505	-2.9249003853300644e-05
272.124478575	0.053953626719963	-2.8991220866468744e-05
273.333920702	0.05420371091038178	-2.8751431878799226e-05
274.54336282900005	0.054452409649206134	-2.8529408124175742e-05
275.75280495600003	0.05469967713842218	-2.8324755312632285e-05
276.962247083	0.05494547157720084	-2.8136903074159144e-05
278.17168921	0.0551897551746946	-2.7965095719593975e-05
279.381131337	0.055432494159544016	-2.7808385437361243e-05
280.59057346400004	0.05567365878677374	-2.766562852262808e-05
281.80001559100003	0.055913223341684234	-2.7535484495812827e-05
283.009457718	0.05615116613945609	-2.7416417494922527e-05
284.218899845	0.056387469518829184	-2.7306699527638884e-05
285.428341972	0.05662211982840105	-2.7204415883203627e-05
286.63778409900004	0.056855107404513945	-2.710747374533304e-05
287.84722622600003	0.05708642654003198	-2.7013615367749724e-05
289.056668353	0.057316075443403044	-2.6920437011914252e-05
290.26611048	0.05754405618736978	-2.6825414361005538e-05
291.475552607	0.05777037464657312	-2.672593454332528e-05
292.68499473400004	0.05799504042324266	-2.6619334357006136e-05
293.89443686100003	0.058218066760190125	-2.6502943859294838e-05
295.103878988	0.05843947044043727	-2.6374134151638544e-05
296.313321115	0.05865927167300145	-2.623036798208168e-05
297.522763242	0.05887749396463305	-2.6069251638191225e-05
298.73220536900004	0.05909416397758497	-2.588858653872439e-05
299.94164749600003	0.05930931137382029	-2.568641894019842e-05
301.151089623	0.059522968646383845	-2.5461086208355076e-05
302.36053175	0.059735170938938625	-2.521125821692313e-05
303.569973877	0.059945955854773844	-2.4935972580315672e-05
304.77941600400004	0.06015536325677048	-2.4634662611165855e-05
305.98885813100003	0.060363435060036594	-2.4307177108105196e-05
307.198300258	0.060570215019033244	-2.395379133013711e-05
308.407742385	0.06077574851111385	-2.3575208769795902e-05
309.617184512	0.060980082318419865	-2.3172553603660216e-05
310.82662663900004	0.0611832644100887	-2.2747353965493354e-05
312.036068766	0.061385343726642755	-2.230151643814449e-05
313.245510893	0.06158636996835101	-2.183729239780977e-05
314.45495302	0.06178639338920055	-2.1357237051653323e-05
315.664395147	0.06198546459795519	-2.086416219393883e-05
316.87383727400004	0.06218363436757164	-2.036108384699726e-05
318.083279401	0.062380953454042674	-1.985116605927634e-05
319.292721528	0.06257747242550174	-1.9337662216437198e-05
320.502163655	0.0627732415021894	-1.882385522755767e-05
321.71160578200005	0.06296831040767398	-1.8312997970467912e-05
322.92104790900004	0.0631627282314749	-1.7808255317195137e-05
324.130490036	0.0633565433030536	-1.7312648988062522e-05
325.339932163	0.06354980307693589	-1.6829006396507345e-05
326.54937429	0.06374255402858237	-1.6359914495584806e-05
327.75881641700005	0.06393484156046975	-1.590767951922291e-05
328.96825854400004	0.06412670991774624	-1.547429333650474e-05
330.177700671	0.06431820211272024	-1.5061406997383085e-05
331.387142798	0.06450935985736397	-1.4670311860298917e-05
332.596584925	0.06470022350293075	-1.4301928506642216e-05
333.80602705200005	0.0648908319857684	-1.3956803411700964e-05
335.01546917900004	0.06508122277840146	-1.3635113103985285e-05
336.224911306	0.06527143184508105	-1.3336675325110363e-05
337.434353433	0.06546149360114373	-1.3060966592492096e-05
338.64379556	0.0656514408756365	-1.2807145511408357e-05
339.85323768700005	0.06584130487673516	-1.2574081173470511e-05
341.06267981400003	0.06603111515951424	-1.2360385933050597e-05
342.272121941	0.06622089959568851	-1.2164451790358868e-05
343.481564068	0.0664106843450632	-1.1984489534495445e-05
344.691006195	0.06660049382855979	-1.1818569734906633e-05
345.90044832200005	0.06679035070283199	-1.1664664678654336e-05
347.10989044900003	0.06698027583657867	-1.1520690341099062e-05
348.319332576	0.06717028828876898	-1.1384547528633243e-05
349.528774703	0.06736040528904343	-1.125416139788121e-05
350.73821683	0.06755064222063208	-1.1127518612808612e-05
351.94765895700004	0.06774101260616681	-1.1002701512490432e-05
353.15710108400003	0.06793152809682444	-1.087791876984651e-05
354.366543211	0.06812219846524971	-1.075153212630334e-05
355.575985338	0.06831303160271071	-1.0622078902165245e-05
356.785427465	0.06850403352094867	-1.04882900841749e-05
357.99486959200004	0.06869520835912536	-1.0349103881019447e-05
359.20431171900003	0.06888655839626463	-1.0203674755536896e-05
360.413753846	0.06907808406951796	-1.005137800233263e-05
361.623195973	0.06926978399852766	-9.891810046608503e-06
362.8326381	0.06946165501610131	-9.724784705965588e-06
364.04208022700004	0.06965369220533829	-9.550325714554383e-06
365.25152235400003	0.06984588894327029	-9.368655885788005e-06
366.460964481	0.0700382369510103	-9.18018331550613e-06
367.670406608	0.0702307263503083	-8.985485071606562e-06
368.87984873500005	0.07042334572633334	-8.78528884865927e-06
370.08929086200004	0.07061608219642898	-8.580453047296512e-06
371.29873298900003	0.07080892148450006	-8.371945774646172e-06
372.508175116	0.07100184800063658	-8.160823213128419e-06
373.717617243	0.07119484492551313	-7.948207811765869e-06
374.92705937000005	0.07138789429904799	-7.735266713934826e-06
376.13650149700004	0.0715809771127714	-7.523190805530829e-06
377.34594362400003	0.07177407340530272	-7.313174724901759e-06
378.555385751	0.07196716236032714	-7.1063981384152444e-06
379.764827878	0.072160222406429	-6.904008529439159e-06
380.97427000500005	0.0723532313181428	-6.707105710513153e-06
382.18371213200004	0.07254616631758595	-6.516728206654512e-06
383.393154259	0.07273900417603141	-6.333841621786445e-06
384.602596386	0.07293172131481854	-6.1593290346878896e-06
385.812038513	0.07312429390501471	-5.993983448329861e-06
387.02148064000005	0.07331669796527218	-5.838502249027287e-06
388.23092276700004	0.073508909457365	-5.693483611921967e-06
389.440364894	0.07370090437893556	-5.559424746927333e-06
390.649807021	0.07389265885302385	-5.436721850010911e-06
391.859249148	0.0740841492140085	-5.325671600088511e-06
393.06869127500005	0.07427535208962552	-5.226474028109402e-06
394.27813340200004	0.07446624447880403	-5.139236560823806e-06
395.487575529	0.07465680382508674	-5.063979046537447e-06
396.697017656	0.07484700808546998	-5.000639561831676e-06
397.906459783	0.07503683579453513	-4.949080802770043e-06
399.11590191000005	0.07522626612378813	-4.909096885314865e-06
400.32534403700004	0.07541527893616443	-4.8804203910037675e-06
401.534786164	0.0756038548356997	-4.862729508900779e-06
402.744228291	0.07579197521240398	-4.8556551464074005e-06
403.953670418	0.07597962228241255	-4.858787884053518e-06
405.16311254500005	0.07616677912353395	-4.871684645356509e-06
406.37255467200004	0.07635342970632646	-4.893874988192316e-06
407.581996799	0.0765395589208526	-4.924866917273112e-06
408.791438926	0.07672515259927713	-4.964152161206908e-06
410.000881053	0.0769101975344588	-5.011210880136348e-06
411.21032318000005	0.07709468149470718	-5.0655157977511425e-06
412.41976530700003	0.07727859323487436	-5.12653576292604e-06
413.629207434	0.077461922503946	-5.193738775050808e-06
414.838649561	0.07764466004931511	-5.266594498769955e-06
416.04809168800006	0.07782679761790057	-5.344576318933557e-06
417.25753381500004	0.07800832795428547	-5.427162977126709e-06
418.46697594200003	0.07818924479602146	-5.513839853416372e-06
419.676418069	0.0783695428662664	-5.604099937974762e-06
420.885860196	0.07854921786389085	-5.697444564326578e-06
422.09530232300006	0.07872826645119153	-5.79338394694805e-06
423.30474445000004	0.07890668623933877	-5.891437588217887e-06
424.51418657700003	0.079084475771681	-5.991134602412445e-06
425.723628704	0.07926163450501972	-6.092013998936635e-06
426.933070831	0.07943816278896268	-6.193624971515335e-06
428.14251295800005	0.07961406184345217	-6.295527220365367e-06
429.35195508500004	0.07978933373458304	-6.397291336323989e-06
430.56139721200003	0.07996398134878124	-6.498499261352493e-06
431.770839339	0.0801380083654594	-6.598744847172676e-06
432.980281466	0.080311419228222	-6.697634504154466e-06
434.18972359300005	0.08048421911472148	-6.794787946346262e-06
435.39916572000004	0.08065641390524969	-6.889839026794596e-06
436.60860784700003	0.08082801015015906	-6.982436646742196e-06
437.818049974	0.08099901503620102	-7.0722457249758515e-06
439.027492101	0.08116943635188066	-7.158948210158125e-06
440.23693422800005	0.08133928245192593	-7.242244108972805e-06
441.44637635500004	0.08150856222095529	-7.321852514521887e-06
442.65581848200003	0.08167728503646479	-7.397512607503886e-06
443.865260609	0.08184546073121989	-7.468984603934466e-06
445.074702736	0.08201309955516728	-7.53605063221743e-06
446.28414486300005	0.08218021213696677	-7.598515517023754e-06
447.49358699000004	0.08234680944525699	-7.656207444097472e-06
448.703029117	0.08251290274976036	-7.708978502015892e-06
449.912471244	0.08267850358233772	-7.756705072941694e-06
451.121913371	0.08284362369810594	-7.79928806968937e-06
452.33135549800005	0.08300827503672249	-7.836653008317773e-06
453.54079762500004	0.08317246968395385	-7.868749914016586e-06
454.750239752	0.08333621983363455	-7.89555305000288e-06
455.959681879	0.08349953775011171	-7.917060482864457e-06
457.169124006	0.08366243573130056	-7.933293478964987e-06
458.37856613300005	0.08382492607243225	-7.944295741493974e-06
459.58800826000004	0.08398702103060521	-7.950132499251646e-06
460.797450387	0.08414873279022438	-7.950889453692614e-06
462.006892514	0.08431007342943284	-7.946671604378008e-06
463.216334641	0.08447105488760558	-7.937601957618695e-06
464.42577676800005	0.08463168893400001	-7.923820146381755e-06
465.63521889500004	0.08479198713763357	-7.905480963862378e-06
466.844661022	0.08495196083845666	-7.882752838332327e-06
468.054103149	0.08511162111989638	-7.855816263619385e-06
469.26354527600006	0.08527097878281936	-7.824862201015904e-06
470.47298740300005	0.08543004432097674	-7.790090468123585e-06
471.68242953000004	0.0855888278979685	-7.751708135324102e-06
472.891871657	0.0857473393257826	-7.709927941144772e-06
474.101313784	0.08590558804493151	-7.664966743837869e-06
475.31075591100006	0.08606358310622367	-7.617044021460649e-06
476.52019803800005	0.08622133315418595	-7.566380431992849e-06
477.72964016500003	0.08637884641215678	-7.5131964453151005e-06
478.939082292	0.08653613066906575	-7.45771105842459e-06
480.148524419	0.08669319326788906	-7.400140600695871e-06
481.35796654600006	0.0868500410957918	-7.340697632216963e-06
482.56740867300005	0.08700668057594373	-7.279589947878969e-06
483.77685080000003	0.08716311766099447	-7.217019685445882e-06
484.986292927	0.08731935782818342	-7.153182543983162e-06
486.195735054	0.0874754060760746	-7.088267110826659e-06
487.40517718100006	0.08763126692286147	-7.022454297422789e-06
488.61461930800004	0.08778694440623394	-6.955916887716254e-06
489.82406143500003	0.08794244208474572	-6.888819187943207e-06
491.033503562	0.08809776304064937	-6.82131678612051e-06
492.242945689	0.08825290988414851	-6.753556406989027e-06
493.45238781600005	0.08840788475901316	-6.685675863931859e-06
494.66182994300004	0.0885626893495029	-6.617804098653975e-06
495.87127207000003	0.08871732488853662	-6.5500613063828456e-06
497.080714197	0.08887179216705496	-6.4825591371878676e-06
498.290156324	0.08902609154450154	-6.415400962879285e-06
499.49959845100005	0.08918022296036052	-6.348682211209603e-06
500.70904057800004	0.08933418594668074	-6.282490747993273e-06
501.91848270500003	0.08948797964152466	-6.216907308695049e-06
503.127924832	0.08964160280325738	-6.152005966386393e-06
504.337366959	0.08979505382561523	-6.087854624878351e-06
505.54680908600005	0.08994833075348044	-6.024515539604803e-06
506.75625121300004	0.0901014312992878	-5.9620458416529375e-06
507.96569334000003	0.09025435285999298	-5.900498075043538e-06
509.175135467	0.09040709253453526	-5.83992072522967e-06
510.384577594	0.09055964714171519	-5.7803587402332005e-06
511.59401972100005	0.09071201323843422	-5.721854031499364e-06
512.803461848	0.09086418713821502	-5.664445954366593e-06
514.0129039750001	0.09101616492994244	-5.608171755791275e-06
515.2223461020001	0.09116794249676292	-5.553066990374774e-06
516.4317882290001	0.09131951553507878	-5.49916589399381e-06
517.641230356	0.09147087957357504	-5.446501715077566e-06
518.850672483	0.09162202999222951	-5.395106998346867e-06
520.06011461	0.09177296204123975	-5.345013819874414e-06
521.269556737	0.09192367085982459	-5.296253968939315e-06
522.478998864	0.0920741514948452	-5.248859077440493e-06
523.688440991	0.09222439891919493	-5.2028606966412864e-06
524.897883118	0.09237440804992098	-5.1582903206935996e-06
526.1073252450001	0.09252417376602912	-5.1151793570370155e-06
527.3167673720001	0.09267369092593326	-5.0735590493684e-06
528.5262094990001	0.0928229543845123	-5.03346034825625e-06
529.735651626	0.09297195900973743	-4.9949137395275366e-06
530.945093753	0.0931206996988429	-4.957949033293236e-06
532.15453588	0.09326917139400155	-4.922595109988284e-06
533.363978007	0.09341736909748434	-4.888879640276619e-06
534.573420134	0.09356528788627544	-4.856828772848657e-06
535.782862261	0.09371292292612067	-4.8264668021562665e-06
536.9923043880001	0.09386026948498098	-4.797815818207655e-06
538.2017465150001	0.09400732294588893	-4.770895345480343e-06
539.4111886420001	0.09415407881916707	-4.745721980655392e-06
540.6206307690001	0.09430053275401627	-4.722309022686753e-06
541.830072896	0.09444668054944355	-4.700666116433123e-06
543.039515023	0.09459251816452484	-4.6807989097273975e-06
544.24895715	0.09473804172799491	-4.66270871964233e-06
545.458399277	0.09488324754714535	-4.646392233005267e-06
546.667841404	0.09502813211603947	-4.6318412238992995e-06
547.877283531	0.09517269212302376	-4.61904231225177e-06
549.0867256580001	0.09531692445754011	-4.607976752888862e-06
550.2961677850001	0.09546082621623417	-4.598620270484036e-06
551.5056099120001	0.09560439470835563	-4.590942929050441e-06
552.715052039	0.09574762746046109	-4.5849090553945135e-06
553.924494166	0.09589052222040252	-4.580477205402486e-06
555.133936293	0.09603307696062628	-4.577600177771597e-06
556.34337842	0.09617528988076653	-4.576225081950533e-06
557.552820547	0.09631715940955546	-4.576293449672607e-06
558.762262674	0.09645868420604498	-4.577741396658876e-06
559.971704801	0.09659986316015955	-4.580499835052376e-06
561.1811469280001	0.09674069539257324	-4.584494726418004e-06
562.3905890550001	0.09688118025394835	-4.589647382910456e-06
563.6000311820001	0.09702131732351915	-4.59587480614379e-06
564.809473309	0.09716110640706	-4.603090064983842e-06
566.018915436	0.09730054753423442	-4.611202706801716e-06
567.228357563	0.0974396409553573	-4.620119199497813e-06
568.43779969	0.09757838713757405	-4.629743399463433e-06
569.647241817	0.09771678676048998	-4.639977038825571e-06
570.856683944	0.09785484071126575	-4.6507202337104855e-06
572.066126071	0.09799255007919323	-4.661872001520892e-06
573.2755681980001	0.09812991614979255	-4.673330784578725e-06
574.4850103250001	0.09826694039843911	-4.684994981480478e-06
575.6944524520001	0.09840362448355729	-4.696763469827503e-06
576.903894579	0.09853997023939903	-4.708536126444424e-06
578.113336706	0.09867597966844649	-4.720214333693747e-06
579.322778833	0.09881165493345806	-4.731701472479068e-06
580.53222096	0.09894699834919042	-4.742903395630292e-06
581.741663087	0.09908201237383354	-4.75372887448651e-06
582.951105214	0.09921669960017682	-4.7640900246092785e-06
584.160547341	0.09935106274655536	-4.773902696519547e-06
585.3699894680001	0.09948510464759103	-4.783086838245319e-06
586.5794315950001	0.09961882824477528	-4.791566819411369e-06
587.7888737220001	0.09975223657691196	-4.799271723763925e-06
588.998315849	0.09988533277046836	-4.806135599313456e-06
590.207757976	0.10001812002986037	-4.81209767323916e-06
591.417200103	0.10015060162769254	-4.817102526381324e-06
592.62664223	0.10028278089500875	-4.8211002257689956e-06
593.836084357	0.10041466121156112	-4.824046424161885e-06
595.045526484	0.1005462459961415	-4.825902414408792e-06
596.2549686110001	0.10067753869700753	-4.8266351481245084e-06
597.4644107380001	0.10080854278241806	-4.826217221296815e-06
598.6738528650001	0.10093926173132368	-4.824626821803291e-06
599.8832949920001	0.10106969902422636	-4.821847644483589e-06
601.092737119	0.10119985813424143	-4.817868775868796e-06
602.302179246	0.10132974251838213	-4.81268455145966e-06
603.511621373	0.1014593556090962	-4.806294386146097e-06
604.7210635	0.10158870080606702	-4.798702580491483e-06
605.930505627	0.10171778146830872	-4.789918109523138e-06
607.139947754	0.10184660090657505	-4.779954389447574e-06
608.3493898810001	0.10197516237608426	-4.768829034990443e-06
609.5588320080001	0.10210346906960097	-4.75656359774472e-06
610.7682741350001	0.10223152411086295	-4.743183301310523e-06
611.9777162620001	0.1023593305483855	-4.728716767615597e-06
613.187158389	0.10248689134964463	-4.713195738542501e-06
614.396600516	0.10261420939564765	-4.696654796557467e-06
615.606042643	0.10274128747590633	-4.67913108628034e-06
616.81548477	0.10286812828380865	-4.660664039635859e-06
618.024926897	0.10299473441240499	-4.6412951072829015e-06
619.234369024	0.10312110835059835	-4.621067492296266e-06
620.4438111510001	0.10324725247975367	-4.6000258982952305e-06
621.6532532780001	0.10337316907071273	-4.578216283401652e-06
622.8626954050001	0.10349886028122693	-4.555685626637766e-06
624.072137532	0.10362432815379359	-4.532481708062995e-06
625.281579659	0.10374957461389743	-4.508652897982496e-06
626.491021786	0.10387460146864702	-4.484247963577534e-06
627.700463913	0.10399941040580941	-4.459315885349188e-06
628.90990604	0.10412400299322369	-4.433905693363924e-06
630.119348167	0.10424838067859123	-4.408066308682519e-06
631.328790294	0.10437254478962749	-4.381846407361216e-06
632.5382324210001	0.10449649653457779	-4.355294291797686e-06
633.7476745480001	0.10462023700306686	-4.328457776993019e-06
634.9571166750001	0.10474376716728531	-4.301384088070334e-06
636.166558802	0.10486708788349096	-4.274119770841106e-06
637.376000929	0.10499019989381814	-4.246710612725198e-06
638.585443056	0.10511310382837649	-4.219201569346034e-06
639.794885183	0.10523580020762634	-4.1916367071650334e-06
641.00432731	0.10535828944501589	-4.164059146793443e-06
642.213769437	0.10548057184986488	-4.1365110177550915e-06
643.4232115640001	0.10560264763048152	-4.109033418154065e-06
644.6326536910001	0.10572451689749139	-4.081666377679996e-06
645.8420958180001	0.1058461796673682	-4.054448824258004e-06
647.0515379450001	0.10596763586615154	-4.027418558892604e-06
648.260980072	0.10608888533332672	-4.000612225990921e-06
649.470422199	0.10620992782586508	-3.974065288314156e-06
650.679864326	0.10633076302238992	-3.947812003897086e-06
651.889306453	0.10645139052747637	-3.921885400460026e-06
653.09874858	0.10657180987604366	-3.896317251882511e-06
654.308190707	0.10669202053784843	-3.871138052008102e-06
655.5176328340001	0.10681202192204464	-3.846376988718078e-06
656.7270749610001	0.10693181338180485	-3.822061916764798e-06
657.9365170880001	0.10705139421898893	-3.798219329160038e-06
659.1459592150001	0.10717076368884275	-3.774874324883118e-06
660.355401342	0.1072899210047087	-3.7520505793663117e-06
661.564843469	0.10740886534274456	-3.7297703105731994e-06
662.774285596	0.10752759584662744	-3.708054245739681e-06
663.983727723	0.10764611163223559	-3.6869215869848176e-06
665.19316985	0.10776441179229308	-3.666389976524423e-06
666.402611977	0.10788249540096585	-3.646475460907135e-06
667.6120541040001	0.10800036151839448	-3.627192458687846e-06
668.8214962310001	0.10811800919516165	-3.608553727263257e-06
670.0309383580001	0.10823543747667033	-3.590570332934022e-06
671.2403804850001	0.1083526454074289	-3.5732516211316873e-06
672.449822612	0.10846963203523986	-3.5566051910058613e-06
673.659264739	0.10858639641526922	-3.540636874315231e-06
674.868706866	0.10870293761399483	-3.5253507155615094e-06
676.078148993	0.10881925471302895	-3.5107489609791445e-06
677.28759112	0.10893534681280038	-3.4968320510699383e-06
678.497033247	0.10905121303609303	-3.4835986148602435e-06
679.7064753740001	0.10916685253143127	-3.471045475626419e-06
680.9159175010001	0.10928226447630873	-3.4591676614957254e-06
682.1253596280001	0.10939744808025098	-3.4479584240529673e-06
683.3348017550001	0.10951240258771498	-3.4374092612440496e-06
684.544243882	0.10962712728080876	-3.4275099491595795e-06
685.753686009	0.10974162148183866	-3.418248583276183e-06
686.963128136	0.10985588455567312	-3.4096116252480685e-06
688.172570263	0.10996991591192445	-3.4015839584658827e-06
689.38201239	0.11008371500694816	-3.394148950088688e-06
690.5914545170001	0.11019728134564348	-3.3872885219698654e-06
691.8008966440001	0.11031061448308005	-3.380983228349309e-06
693.0103387710001	0.11042371402592595	-3.375212339500923e-06
694.2197808980001	0.11053657963368968	-3.3699539326347352e-06
695.429223025	0.11064921101977276	-3.36518499196789e-06
696.638665152	0.11076160795233292	-3.3608815084287466e-06
697.848107279	0.11087377025496663	-3.357018588481288e-06
699.057549406	0.11098569780720076	-3.3535705674546043e-06
700.266991533	0.1110973905448078	-3.350511124646134e-06
701.47643366	0.11120884845994111	-3.347813404718479e-06
702.6858757870001	0.11132007160109383	-3.345450138867237e-06
703.8953179140001	0.11143106007288893	-3.343393767962083e-06
705.1047600410001	0.11154181403570507	-3.3416165664129638e-06
706.3142021680001	0.11165233370513382	-3.3400907670016675e-06
707.523644295	0.11176261935128773	-3.3387886891819707e-06
708.733086422	0.11187267129795603	-3.3376828543502796e-06
709.942528549	0.1119824899216119	-3.3367461111689922e-06
711.151970676	0.1120920756502885	-3.335951750766883e-06
712.361412803	0.11220142896231425	-3.335273622197092e-06
713.57085493	0.11231055038493355	-3.3346862393420634e-06
714.7802970570001	0.11241944049280138	-3.3341648868799936e-06
715.9897391840001	0.11252809990637042	-3.333685716755408e-06
717.1991813110001	0.11263652929017773	-3.333225845375716e-06
718.4086234380001	0.11274472935103375	-3.332763433590638e-06
719.618065565	0.11285270083612284	-3.3322777682805865e-06
720.827507692	0.1129604445310303	-3.331749332591283e-06
722.036949819	0.11306796125768975	-3.3311598716641647e-06
723.246391946	0.11317525187227351	-3.33049244204478e-06
724.455834073	0.11328231726302879	-3.3297314640575587e-06
725.6652762	0.11338915834806049	-3.328862757620045e-06
726.8747183270001	0.11349577607308098	-3.3278735738330803e-06
728.0841604540001	0.11360217140912574	-3.3267526130904487e-06
729.2936025810001	0.11370834535024378	-3.325490042731423e-06
730.5030447080001	0.1138142989111822	-3.3240774972012263e-06
731.712486835	0.1139200331250511	-3.3225080776494442e-06
732.921928962	0.11402554904099363	-3.320776340384572e-06
734.131371089	0.11413084772186362	-3.3188782778085374e-06
735.340813216	0.11423593024191762	-3.316811291857215e-06
736.550255343	0.11434079768452263	-3.3145741617189584e-06
737.7596974700001	0.11444545113989671	-3.3121670049819987e-06
738.9691395970001	0.11454989170288389	-3.309591231942695e-06
740.1785817240001	0.11465412047076026	-3.306849494726094e-06
741.3880238510001	0.11475813854109748	-3.3039456329769443e-06
742.5974659780001	0.11486194700966672	-3.3008846110002543e-06
743.806908105	0.11496554696840702	-3.2976724548333322e-06
745.016350232	0.11506893950344615	-3.2943161867087997e-06
746.225792359	0.11517212569319824	-3.2908237518293124e-06
747.435234486	0.11527510660651567	-3.2872039468232264e-06
748.644676613	0.1153778833009301	-3.2834663448062795e-06
749.8541187400001	0.11548045682095875	-3.2796212188187027e-06
751.0635608670001	0.11558282819649611	-3.275679466806236e-06
752.2730029940001	0.11568499844128824	-3.2716525335922675e-06
753.4824451210001	0.11578696855149181	-3.267552332883797e-06
754.6918872480001	0.11588873950431725	-3.26339117186214e-06
755.901329375	0.11599031225676762	-3.259181676067667e-06
757.110771502	0.11609168774446296	-3.2549367153114975e-06
758.320213629	0.11619286688055866	-3.2506693307997672e-06
759.529655756	0.11629385055475483	-3.246392664663089e-06
760.739097883	0.11639463963240333	-3.2421198927906625e-06
761.9485400100001	0.11649523495370176	-3.2378641594823718e-06
763.1579821370001	0.11659563733298722	-3.2336385136239737e-06
764.3674242640001	0.11669584755811802	-3.2294558499571663e-06
765.5768663910001	0.11679586638995049	-3.22532885266031e-06
766.786308518	0.11689569456190751	-3.221269941756748e-06
767.995750645	0.11699533277963697	-3.2172912244332608e-06
769.205192772	0.11709478172076002	-3.2134044442985385e-06
770.414634899	0.11719404203470496	-3.209620944856842e-06
771.624077026	0.1172931143426297	-3.205951625618632e-06
772.833519153	0.11739199923742558	-3.202406905354789e-06
774.0429612800001	0.11749069728380433	-3.1989966955952437e-06
775.2524034070001	0.11758920901846441	-3.1957303632344086e-06
776.4618455340001	0.1176875349503331	-3.192616712256735e-06
777.6712876610001	0.11778567556088129	-3.1896639554702608e-06
778.880729788	0.11788363130451532	-3.1868796992601256e-06
780.090171915	0.11798140260902937	-3.184270925720052e-06
781.299614042	0.11807898987612865	-3.181843980164939e-06
782.509056169	0.11817639348201317	-3.179604559906332e-06
783.718498296	0.11827361377801777	-3.177557708937233e-06
784.9279404230001	0.1183706510913121	-3.1757078107572806e-06
786.1373825500001	0.11846750572564892	-3.174058588570512e-06
787.3468246770001	0.11856417796216277	-3.172613102668531e-06
788.5562668040001	0.11866066806021316	-3.171373756514183e-06
789.7657089310001	0.1187569762582672	-3.1703422989715416e-06
790.975151058	0.11885310277482555	-3.1695198312760298e-06
792.184593185	0.11894904780937599	-3.168906817334338e-06
793.394035312	0.11904481154338092	-3.168503094448487e-06
794.603477439	0.11914039414129265	-3.16830788297303e-06
795.812919566	0.1192357957515889	-3.168319802635336e-06
797.0223616930001	0.11933101650783066	-3.1685368891221435e-06
798.2318038200001	0.11942605652973369	-3.168956609075381e-06
799.4412459470001	0.11952091592425737	-3.1695758801481705e-06
800.6506880740001	0.11961559478669659	-3.1703910898153026e-06
801.8601302010001	0.11971009320178294	-3.1713981175421346e-06
803.069572328	0.11980441124478751	-3.1725923555318836e-06
804.279014455	0.11989854898262373	-3.173968735105566e-06
805.488456582	0.11999250647494286	-3.1755217462575355e-06
806.697898709	0.12008628377522526	-3.177245466688683e-06
807.907340836	0.12017988093185888	-3.1791335863892017e-06
809.1167829630001	0.12027329798921008	-3.181179435639628e-06
810.3262250900001	0.12036653498866817	-3.183376010350812e-06
811.5356672170001	0.1204595919696816	-3.1857160021275463e-06
812.7451093440001	0.12055246897076252	-3.188191827007726e-06
813.9545514710001	0.12064516603048006	-3.1907956542830476e-06
815.163993598	0.12073768318841381	-3.1935194363856903e-06
816.373435725	0.12083002048608701	-3.196354937584113e-06
817.582877852	0.12092217796786797	-3.199293766981831e-06
818.792319979	0.12101415568183736	-3.202327407103925e-06
820.001762106	0.12110595368062138	-3.2054472447543003e-06
821.2112042330001	0.12119757202218565	-3.2086446009136488e-06
822.4206463600001	0.12128901077060136	-3.2119107614865527e-06
823.6300884870001	0.12138026999676146	-3.215237008747686e-06
824.8395306140001	0.12147134977906056	-3.2186146503160318e-06
826.0489727410001	0.12156225020403842	-3.2220350482817586e-06
827.258414868	0.12165297136696926	-3.2254896496245952e-06
828.467856995	0.12174351337242288	-3.2289700123621853e-06
829.677299122	0.12183387633476878	-3.232467834439305e-06
830.886741249	0.12192406037864481	-3.2359749810350127e-06
832.0961833760001	0.12201406563937972	-3.239483509623331e-06
833.3056255030001	0.12210389226336146	-3.2429856975189214e-06
834.5150676300001	0.12219354040838151	-3.2464740619660495e-06
835.7245097570001	0.12228301024391128	-3.2499413847525763e-06
836.9339518840001	0.12237230195134807	-3.253380734701515e-06
838.143394011	0.12246141572421435	-3.2567854860989995e-06
839.352836138	0.12255035176830945	-3.260149337514298e-06
840.562278265	0.1226391103018239	-3.2634663308227924e-06
841.771720392	0.12272769155540533	-3.2667308635042983e-06
842.981162519	0.1228160957721895	-3.269937706413574e-06
844.1906046460001	0.12290432320778308	-3.2730820135173228e-06
845.4000467730001	0.12299237413021386	-3.2761593330293826e-06
846.6094889000001	0.123080248819839	-3.2791656151501952e-06
847.8189310270001	0.1231679475692156	-3.2820972225341277e-06
849.0283731540001	0.12325547068293767	-3.284950932144759e-06
850.237815281	0.12334281847743647	-3.287723939777304e-06
851.447257408	0.12342999128074884	-3.290413861891349e-06
852.656699535	0.12351698943225548	-3.293018735419165e-06
853.866141662	0.1236038132823859	-3.295537015994554e-06
855.075583789	0.12369046319229643	-3.2979675742466144e-06
856.2850259160001	0.12377693953352431	-3.3003096895955e-06
857.4944680430001	0.12386324268761459	-3.302563047274769e-06
858.7039101700001	0.12394937304572323	-3.304727722960865e-06
859.9133522970001	0.12403533100820263	-3.306804178853512e-06
861.1227944240001	0.12412111698415904	-3.308793251359174e-06
862.332236551	0.12420673139100429	-3.310696134123728e-06
863.541678678	0.12429217465398353	-3.312514369575685e-06
864.751120805	0.12437744720569086	-3.314249828397474e-06
865.960562932	0.12446254948557396	-3.3159046973823755e-06
867.170005059	0.12454748193942675	-3.3174814611045683e-06
868.3794471860001	0.1246322450188722	-3.318982881677507e-06
869.5888893130001	0.12471683918084703	-3.3204119834146298e-06
870.7983314400001	0.12480126488706847	-3.3217720291746702e-06
872.0077735670001	0.12488552260350542	-3.3230665041376548e-06
873.2172156940001	0.12496961279984876	-3.324299091205657e-06
874.426657821	0.12505353594897825	-3.325473653834239e-06
875.636099948	0.1251372925264309	-3.326594211959695e-06
876.845542075	0.12522088300987605	-3.3276649225328497e-06
878.054984202	0.12530430787859403	-3.3286900578939974e-06
879.2644263290001	0.12538756761295797	-3.329673984491313e-06
880.4738684560001	0.12547066269392726	-3.3306211403875616e-06
881.6833105830001	0.12555359360254564	-3.331536016712433e-06
882.8927527100001	0.1256363608194555	-3.3324231358596718e-06
884.1021948370001	0.12571896482441505	-3.3332870332438563e-06
885.3116369640001	0.12580140609583754	-3.334132237138576e-06
886.521079091	0.1258836851103355	-3.3349632466601886e-06
887.730521218	0.12596580234228635	-3.3357845191572463e-06
888.939963345	0.12604775826341164	-3.3366004492949367e-06
890.149405472	0.12612955334236683	-3.3374153537088502e-06
891.3588475990001	0.12621118804435943	-3.3382334548208784e-06
892.5682897260001	0.1262926628307724	-3.339058866577184e-06
893.7777318530001	0.1263739781588206	-3.339895579408149e-06
894.9871739800001	0.12645513448120987	-3.3407474482449045e-06
896.1966161070001	0.12653613224583118	-3.3416181797396236e-06
897.406058234	0.12661697189546534	-3.3425113233759296e-06
898.615500361	0.12669765386751117	-3.343430257757643e-06
899.824942488	0.12677817859373408	-3.34437818559543e-06
901.034384615	0.12685854650003606	-3.345358121105771e-06
902.243826742	0.12693875800624832	-3.3463728880966936e-06
903.4532688690001	0.1270188135259418	-3.3474251118197768e-06
904.6627109960001	0.12709871346626145	-3.348517211935846e-06
905.8721531230001	0.12717845822778276	-3.349651402119458e-06
907.0815952500001	0.12725804820438472	-3.3508296850047817e-06
908.2910373770001	0.12733748378315096	-3.3520538499981142e-06
909.500479504	0.12741676534428392	-3.353325471401776e-06
910.709921631	0.1274958932610455	-3.3546459115461544e-06
911.919363758	0.12757486789971761	-3.3560163183177227e-06
913.128805885	0.12765368961957818	-3.3574376265277373e-06
914.338248012	0.12773235877290218	-3.3589105603070227e-06
915.5476901390001	0.12781087570497757	-3.360435637608447e-06
916.7571322660001	0.12788924075413982	-3.3620131713978096e-06
917.9665743930001	0.12796745425183	-3.3636432727858837e-06
919.1760165200001	0.12804551652265858	-3.365325862125443e-06
920.3854586470001	0.12812342788450387	-3.3670606678394555e-06
921.594900774	0.12820118864860627	-3.3688472330321156e-06
922.804342901	0.1282787991196925	-3.3706849264167338e-06
924.013785028	0.1283562595961096	-3.3725729438015273e-06
925.223227155	0.12843357036997188	-3.374510319667165e-06
926.432669282	0.12851073172732275	-3.3764959298790073e-06
927.6421114090001	0.12858774394830774	-3.3785285057548464e-06
928.8515535360001	0.12866460730735932	-3.380606635959224e-06
930.0609956630001	0.1287413220733934	-3.3827287804575473e-06
931.2704377900001	0.12881788851001635	-3.384893275485204e-06
932.4798799170001	0.1288943068757365	-3.3870983428500173e-06
933.689322044	0.1289705774241916	-3.3893421006216118e-06
934.898764171	0.1290467004043725	-3.391622572038351e-06
936.108206298	0.1291226760608689	-3.3939376920992873e-06
937.317648425	0.12919850463410443	-3.396285318875425e-06
938.5270905520001	0.12927418636058682	-3.3986632422917593e-06
939.7365326790001	0.12934972147315954	-3.4010691946648533e-06
940.9459748060001	0.12942511020125605	-3.4035008554238882e-06
942.1554169330001	0.1295003527711542	-3.4059558651758012e-06
943.3648590600001	0.12957544940623827	-3.4084318301106156e-06
944.5743011870001	0.12965040032725555	-3.410926334246854e-06
945.783743314	0.1297252057525739	-3.4134369463686975e-06
946.993185441	0.1297998658984411	-3.4159612285183244e-06
948.202627568	0.1298743809792422	-3.418496743510732e-06
949.412069695	0.12994875120775054	-3.421041064410532e-06
950.6215118220001	0.13002297679538036	-3.423591780216638e-06
951.8309539490001	0.1300970579524341	-3.4261465031368288e-06
953.0403960760001	0.13017099488834327	-3.428702878715932e-06
954.2498382030001	0.13024478781190815	-3.4312585893547104e-06
955.4592803300001	0.1303184369315297	-3.4338113614534524e-06
956.6687224570001	0.1303919424554347	-3.4363589716543755e-06
957.878164584	0.1304653045918949	-3.4388992537657745e-06
959.087606711	0.1305385235494427	-3.4414301007690967e-06
960.297048838	0.13061159953707174	-3.44394947397568e-06
961.506490965	0.13068453276443515	-3.44645540322798e-06
962.7159330920001	0.13075732344203614	-3.448945995241856e-06
963.9253752190001	0.13082997178140196	-3.451419435213793e-06
965.1348173460001	0.13090247799526236	-3.4538739894758932e-06
966.3442594730001	0.13097484229770273	-3.456308009280179e-06
967.5537016000001	0.1310470649043219	-3.4587199348205463e-06
968.763143727	0.1311191460323698	-3.46110829381463e-06
969.972585854	0.1311910859008799	-3.4634717069144047e-06
971.182027981	0.1312628847307945	-3.4658088863001937e-06
972.391470108	0.13133454274506895	-3.468118638114484e-06
973.600912235	0.13140606016877862	-3.4703998634021474e-06
974.8103543620001	0.13147743722920696	-3.4726515576030334e-06
976.0197964890001	0.13154867415592825	-3.474872807738248e-06
977.2292386160001	0.13161977118087106	-3.4770627963410378e-06
978.4386807430001	0.131690728538384	-3.4792207973411565e-06
979.6481228700001	0.1317615464652833	-3.4813461767145212e-06
980.857564997	0.1318322252008889	-3.483438387370981e-06
982.067007124	0.13190276498705505	-3.485496973585668e-06
983.276449251	0.1319731660681931	-3.487521561522204e-06
984.485891378	0.13204342869127506	-3.489511861861673e-06
985.6953335050001	0.13211355310583603	-3.4914676647051363e-06
986.9047756320001	0.13218353956396697	-3.4933888372655833e-06
988.1142177590001	0.1322533883202937	-3.4952753176940507e-06
989.3236598860001	0.1323230996319494	-3.497127118659224e-06
990.5331020130001	0.13239267375854277	-3.4989443163935263e-06
991.7425441400001	0.13246211096211255	-3.5007270488707914e-06
992.951986267	0.1325314115070746	-3.5024755156622817e-06
994.161428394	0.13260057566016692	-3.5041899689586264e-06
995.370870521	0.1326696036903813	-3.505870710341502e-06
996.580312648	0.13273849586889216	-3.5075180885415017e-06
997.7897547750001	0.1328072524689795	-3.509132495021529e-06
998.9991969020001	0.13287587376594173	-3.51071435755225e-06
1000.2086390290001	0.13294436003700688	-3.5122641370236712e-06
1001.4180811560001	0.13301271156123592	-3.5137823227596524e-06
1002.6275232830001	0.13308092861942677	-3.515269428135126e-06
1003.8369654100001	0.13314901149400826	-3.516725986338169e-06
1005.046407537	0.1332169604689295	-3.5181525473784725e-06
1006.255849664	0.133284775829553	-3.5195496732474615e-06
1007.465291791	0.13335245786253777	-3.520917930386995e-06
1008.674733918	0.13342000685572097	-3.5222578924493098e-06
1009.8841760450001	0.13348742309800285	-3.5235701318367743e-06
1011.0936181720001	0.1335547068792205	-3.5248552147969583e-06
1012.3030602990001	0.1336218584900309	-3.5261137039249713e-06
1013.5125024260001	0.13368887822178424	-3.527346150077916e-06
1014.7219445530001	0.13375576636640152	-3.528553087828179e-06
1015.9313866800001	0.13382252321624452	-3.5297350385894016e-06
1017.140828807	0.13388914906400204	-3.5308925016904608e-06
1018.350270934	0.1339556442025579	-3.532025956549077e-06
1019.559713061	0.13402200892487193	-3.5331358563574222e-06
1020.769155188	0.13408824352385698	-3.5342226296086743e-06
1021.9785973150001	0.13415434829225945	-3.5352866756674026e-06
1023.1880394420001	0.1342203235225443	-3.5363283654677932e-06
1024.397481569	0.13428616950677452	-3.537348036907091e-06
1025.606923696	0.13435188653650038	-3.5383459964528213e-06
1026.816365823	0.134417474902646	-3.539322516512948e-06
1028.0258079500002	0.13448293489540566	-3.540277836297165e-06
1029.235250077	0.13454826680413776	-3.541212161126475e-06
1030.4446922040001	0.13461347091726228	-3.542125659903965e-06
1031.654134331	0.13467854752216557	-3.543018467484435e-06
1032.8635764580001	0.13474349690510615	-3.54389068524686e-06
1034.073018585	0.13480831935112755	-3.544742379059558e-06
1035.282460712	0.1348730151439704	-3.545573581403491e-06
1036.491902839	0.1349375845659907	-3.5463842924920302e-06
1037.701344966	0.13500202789809054	-3.5471744805615213e-06
1038.9107870930002	0.1350663454196398	-3.547944083406515e-06
1040.12022922	0.13513053740841227	-3.5486930109671078e-06
1041.3296713470002	0.13519460414052342	-3.5494211434537043e-06
1042.539113474	0.13525854589037403	-3.5501283357358693e-06
1043.7485556010001	0.1353223629305983	-3.550814417748252e-06
1044.957997728	0.1353860555320178	-3.5514791991708705e-06
1046.167439855	0.13544962396359603	-3.5521224686137914e-06
1047.376881982	0.1355130684924052	-3.552743995141952e-06
1048.586324109	0.13557638938359604	-3.5533435342391395e-06
1049.795766236	0.13563958690036285	-3.5539208265798067e-06
1051.005208363	0.1357026613039315	-3.554475603894172e-06
1052.2146504900002	0.13576561285353567	-3.5550075900784434e-06
1053.424092617	0.13582844180640713	-3.555516500606745e-06
1054.6335347440001	0.13589114841776892	-3.5560020487015315e-06
1055.842976871	0.13595373294083188	-3.5564639495090644e-06
1057.0524189980001	0.1360161956267968	-3.556901919882574e-06
1058.261861125	0.13607853672485923	-3.557315680927098e-06
1059.471303252	0.136140756482223	-3.557704962397004e-06
1060.680745379	0.13620285514411135	-3.558069505794209e-06
1061.890187506	0.13626483295379185	-3.5584090652979877e-06
1063.0996296330002	0.13632669015259335	-3.5587234124452582e-06
1064.30907176	0.13638842697993314	-3.5590123380144917e-06
1065.5185138870002	0.13645004367335184	-3.5592756553598504e-06
1066.727956014	0.1365115404685428	-3.559513200624559e-06
1067.9373981410001	0.13657291759939064	-3.5597248405887932e-06
1069.146840268	0.13663417529801156	-3.559910470301783e-06
1070.356282395	0.13669531379479252	-3.5600700196963125e-06
1071.565724522	0.13675633331844253	-3.5602034503378482e-06
1072.775166649	0.13681723409603802	-3.5603107670471867e-06
1073.9846087760002	0.1368780163530684	-3.5603920112738108e-06
1075.194050903	0.13693868031349765	-3.560447269379194e-06
1076.4034930300002	0.13699922619981264	-3.5604766725604725e-06
1077.612935157	0.13705965423307837	-3.5604804010276603e-06
1078.8223772840001	0.1371199646329986	-3.560458682966283e-06
1080.031819411	0.13718015761797336	-3.560411799798796e-06
1081.2412615380001	0.1372402334051564	-3.5603400878655295e-06
1082.450703665	0.13730019221051945	-3.5602439391220486e-06
1083.660145792	0.13736003424891233	-3.560123803600726e-06
1084.869587919	0.1374197597341211	-3.559980194932366e-06
1086.079030046	0.13747936887893786	-3.559813687008598e-06
1087.2884721730002	0.13753886189521372	-3.559624916847637e-06
1088.4979143	0.13759823899392984	-3.5594145902512198e-06
1089.7073564270001	0.13765750038525276	-3.5591834800421246e-06
1090.916798554	0.13771664627860092	-3.5589324293844316e-06
1092.1262406810001	0.1377756768826995	-3.5586623535303896e-06
1093.335682808	0.13783459240564436	-3.558374241811879e-06
1094.545124935	0.13789339305496282	-3.558069156401819e-06
1095.754567062	0.13795207903766915	-3.557748239161121e-06
1096.964009189	0.13801065056032286	-3.5574127092100755e-06
1098.1734513160002	0.13806910782908113	-3.557063867527105e-06
1099.382893443	0.1381274510497603	-3.556703096339875e-06
1100.5923355700002	0.13818568042787996	-3.556331861984119e-06
1101.801777697	0.13824379616871954	-3.555951718603803e-06
1103.0112198240001	0.13830179847736526	-3.555564306962841e-06
1104.220661951	0.13835968755876027	-3.55517135729351e-06
1105.430104078	0.13841746361774646	-3.554774693461521e-06
1106.639546205	0.1384751268591097	-3.5543762325271344e-06
1107.848988332	0.13853267748762244	-3.553977988296139e-06
1109.058430459	0.13859011570807672	-3.553582073817854e-06
1110.267872586	0.13864744172533183	-3.553190701912484e-06
1111.4773147130002	0.13870465574434118	-3.552806192368488e-06
1112.68675684	0.1387617579701857	-3.552430966009823e-06
1113.8961989670001	0.13881874860810361	-3.552067555931751e-06
1115.105641094	0.13887562786352392	-3.551718607636145e-06
1116.3150832210001	0.13893239594208603	-3.5513868812103028e-06
1117.524525348	0.13898905304966416	-3.5510752555197728e-06
1118.733967475	0.1390455993923907	-3.5507867294590906e-06
1119.943409602	0.13910203517667594	-3.5505244268263514e-06
1121.152851729	0.1391583606092192	-3.5502916030036302e-06
1122.3622938560002	0.13921457589702924	-3.5500916444625857e-06
1123.571735983	0.13927068124743427	-3.549928072447278e-06
1124.7811781100002	0.13932667686809325	-3.5498045506329734e-06
1125.990620237	0.13938256296700408	-3.5497248857697256e-06
1127.2000623640001	0.13943833975250755	-3.549693034664639e-06
1128.409504491	0.13949400743329626	-3.549713106480376e-06
1129.618946618	0.13954956621841508	-3.5497893679826975e-06
1130.828388745	0.13960501631726463	-3.5499262462396902e-06
1132.037830872	0.1396603579395972	-3.550128334785241e-06
1133.2472729990002	0.13971559129551914	-3.5504003988266752e-06
1134.456715126	0.13977071659548487	-3.5507473765458014e-06
1135.6661572530002	0.1398257340502962	-3.551174383661232e-06
1136.87559938	0.1398806438710928	-3.551686718316835e-06
1138.0850415070001	0.13993544626934787	-3.5522898646847545e-06
1139.294483634	0.1399901414568592	-3.5529894943236995e-06
1140.5039257610001	0.14004472964574688	-3.5537914707516743e-06
1141.713367888	0.14009921104843612	-3.5547018517514267e-06
1142.922810015	0.14015358587765342	-3.55572688624968e-06
1144.132252142	0.14020785434641575	-3.556873022923096e-06
1145.341694269	0.1402620166680179	-3.558146904227358e-06
1146.5511363960002	0.140316073056026	-3.5595553675264735e-06
1147.760578523	0.14037002372426388	-3.561105443130805e-06
1148.9700206500002	0.14042386888680095	-3.5628043537141996e-06
1150.179462777	0.1404776087579463	-3.5646595048059726e-06
1151.3889049040001	0.14053124355223198	-3.566678484757946e-06
1152.598347031	0.14058477348440407	-3.568869055713478e-06
1153.807789158	0.14063819876941755	-3.571239141887672e-06
1155.017231285	0.14069151962241455	-3.573796825515063e-06
1156.226673412	0.14074473625872072	-3.5765503303315793e-06
1157.4361155390002	0.14079784889383587	-3.5795080085276876e-06
1158.645557666	0.14085085774341624	-3.5826783247577126e-06
1159.8549997930002	0.14090376302327245	-3.5860698389487272e-06
1161.06444192	0.14095656494935227	-3.589691183483734e-06
1162.2738840470001	0.14100926373773143	-3.5935510440295027e-06
1163.483326174	0.14106185960460407	-3.5976581320637524e-06
1164.6927683010001	0.14111435276627168	-3.6020211569808003e-06
1165.902210428	0.14116674343912694	-3.606648798979567e-06
1167.111652555	0.14121903183964732	-3.611549674644929e-06
1168.321094682	0.14127121818437782	-3.6167323031466303e-06
1169.530536809	0.1413233026899163	-3.6222050683130252e-06
1170.7399789360002	0.14137528557290271	-3.627976180354403e-06
1171.949421063	0.1414271670499977	-3.6340536348055535e-06
1173.1588631900001	0.14147894733786812	-3.6404451665885545e-06
1174.368305317	0.14153062665316712	-3.6471582060323277e-06
1175.5777474440001	0.14158220521251383	-3.6541998315528512e-06
1176.787189571	0.14163368323246828	-3.6615767213931533e-06
1177.996631698	0.1416850609295103	-3.669295099092279e-06
1179.206073825	0.14173633852000941	-3.677360685945194e-06
1180.415515952	0.14178751622019498	-3.6857786467926756e-06
1181.6249580790002	0.14183859424612577	-3.694553538366452e-06
1182.834400206	0.14188957281365572	-3.7036892541093824e-06
1184.0438423330002	0.14194045213839507	-3.7131889719967115e-06
1185.25328446	0.14199123243567285	-3.7230551015576124e-06
1186.4627265870001	0.1420419139204936	-3.733289233023504e-06
1187.672168714	0.14209249680748778	-3.7438920875466908e-06
1188.881610841	0.14214298131086867	-3.754863464667732e-06
1190.091052968	0.1421933676443792	-3.7662022001113543e-06
1191.300495095	0.1422436560212392	-3.7779061192334124e-06
1192.5099372220002	0.1422938466540863	-3.7899719966295875e-06
1193.719379349	0.14234393975491982	-3.8023955190556735e-06
1194.9288214760002	0.1423939355350377	-3.8151712510817865e-06
1196.138263603	0.14244383420497542	-3.8282926060912575e-06
1197.3477057300001	0.14249363597444065	-3.841751821196532e-06
1198.557147857	0.1425433410522456	-3.8555399354423675e-06
1199.7665899840001	0.14259294964624047	-3.869646778479827e-06
1200.976032111	0.14264246196324082	-3.884060962397462e-06
1202.185474238	0.14269187820896745	-3.898769873805774e-06
1203.394916365	0.14274119858796602	-3.913759679383122e-06
1204.604358492	0.14279042330354602	-3.9290153371097924e-06
1205.8138006190002	0.14283955255770486	-3.944520610778962e-06
1207.023242746	0.14288858655106723	-3.960258092483918e-06
1208.2326848730002	0.1429375254828119	-3.976209232267949e-06
1209.442127	0.14298636955061303	-3.99235437370353e-06
