0.0	0.0	0.0
1.209442127	0.00017935342639366467	2.6788973020151785e-08
2.418884254	0.0007162356029664278	2.7336489638769834e-08
3.6283263810000004	0.0016074483192126277	2.790373229577688e-08
4.837768508	0.0028477828693435903	2.843832736003837e-08
6.047210635000001	0.004430116742236221	2.8899768623330546e-08
7.256652762000001	0.006345503821930651	2.925487948451152e-08
8.466094889	0.008583277984295503	2.947132600483217e-08
9.675537016	0.01113116969354959	2.9526728171627367e-08
10.884979143	0.013975434582098724	2.939686857166609e-08
12.094421270000002	0.01710099266702088	2.9062159955265884e-08
13.303863397	0.020491576479118895	2.849879037316108e-08
14.513305524000002	0.024129886228697994	2.769379192678681e-08
15.722747651	0.027997749988528838	2.6647114333231553e-08
16.932189778	0.03207628692548371	2.5346990710321815e-08
18.141631905	0.03634607152037784	2.3779204923711494e-08
19.351074032	0.0407872967826692	2.1936837888737737e-08
20.560516159000002	0.04537993457246749	1.9813918596123248e-08
21.769958286	0.050103891221993484	1.7400196306374682e-08
22.979400413	0.05493915679485511	1.4684941115547523e-08
24.188842540000003	0.059865946519158934	1.16642685302204e-08
25.398284667000002	0.06486483310183132	8.342193286853261e-09
26.607726794	0.06991686878554176	4.724010665285716e-09
27.817168921	0.07500369623350585	8.09597094225678e-10
29.026611048000003	0.08010764755466945	-3.407972834490458e-09
30.236053175000002	0.08521183098286642	-7.932204244137653e-09
31.445495302	0.09030020493035526	-1.2743084993466214e-08
32.654937429	0.09535763930466606	-1.7788768645610187e-08
33.864379556	0.10036996410550501	-2.3029088636050687e-08
35.073821683000006	0.10532400558784474	-2.8495662357519436e-08
36.28326381	0.11020761053323555	-3.42931765345833e-08
37.492705937000004	0.11500965916665319	-4.0574874779486514e-08
38.702148064	0.11972006734520778	-4.75337257124786e-08
39.911590191	0.12432977880778515	-5.540349073962503e-08
41.121032318000005	0.1288307483682687	-6.445993846332376e-08
42.330474445	0.13321591699248353	-7.501960583994327e-08
43.539916572	0.13747917973985885	-8.743623405166323e-08
44.749358699000005	0.14161534757539032	-1.0209558239104854e-07
45.958800826	0.14562010406493034	-1.1940895629225512e-07
47.168242953000004	0.14948995795697606	-1.3980501831212244e-07
48.377685080000006	0.1532221926280224	-1.6371974081996754e-07
49.587127207	0.1568148133288222	-1.9158507572059058e-07
50.796569334000004	0.16026649311764146	-2.2381728910503274e-07
52.00601146100001	0.16357651830537168	-2.608056590552854e-07
53.215453588	0.1667447341673226	-3.029020252953707e-07
54.424895715000005	0.16977149159978627	-3.504115988761658e-07
55.634337842	0.17265759531828379	-4.035851468853213e-07
56.843779969	0.17540425411016045	-4.62612285423436e-07
58.053222096000006	0.17801303356885467	-5.276152543198798e-07
59.262664223	0.18048581165203945	-5.986424740506147e-07
60.472106350000004	0.18282473732262944	-6.756613469549588e-07
61.68154847700001	0.18503219245155594	-7.585502437845726e-07
62.890990604	0.1871107570858613	-8.470901656371099e-07
64.100432731	0.1890631781158409	-9.40956888170752e-07
65.309874858	0.19089234131141486	-1.0397145424750898e-06
66.519316985	0.19260124664134814	-1.1428114012612678e-06
67.728759112	0.19419298673918334	-1.24957831312833e-06
68.93820123900001	0.19567072833749516	-1.3592296474324028e-06
70.14764336600001	0.19703769645739427	-1.4708659845513727e-06
71.357085493	0.1982971611132238	-1.5834770951267396e-06
72.56652762	0.199452426273439	-1.6959434029073517e-06
73.775969747	0.20050682080746784	-1.8070344478260392e-06
74.98541187400001	0.20146369114445578	-1.9154039336138906e-06
76.19485400100001	0.20232639537186614	-2.0195825245206134e-06
77.404296128	0.2030982985088176	-2.117970837198224e-06
78.613738255	0.20378276869937761	-2.208835307049295e-06
79.823180382	0.20438317408450746	-2.2903084200415202e-06
81.032622509	0.20490288012755048	-2.3603926421061905e-06
82.24206463600001	0.20534524718733266	-2.4169652374089745e-06
83.45150676300001	0.20571362815538397	-2.4577799656588795e-06
84.66094889	0.20601136599953407	-2.4804625231439337e-06
85.870391017	0.20624179108577956	-2.482499523073778e-06
87.079833144	0.2064082181831855	-2.4612252932515455e-06
88.28927527100001	0.20651394309035848	-2.413814363000366e-06
89.49871739800001	0.2065622388513278	-2.3372876027799583e-06
90.708159525	0.20655635154920993	-2.2285354302625793e-06
91.917601652	0.20649949567830295	-2.084354809597788e-06
93.127043779	0.20639484910582306	-1.9014926001537091e-06
94.33648590600001	0.20624554764899644	-1.6766882461327626e-06
95.54592803300001	0.20605467931183885	-1.4067127342837216e-06
96.75537016000001	0.20582527824442964	-1.0884046837827954e-06
97.964812287	0.20556031850230538	-7.18706679364578e-07
99.174254414	0.20526270769378752	-2.9470496175354466e-07
100.383696541	0.20493528060910987	1.8632565577936244e-07
101.59313866800001	0.20458079292787693	7.26871590056577e-07
102.80258079500001	0.20420191510103308	1.329126330412711e-06
104.01202292200001	0.20380122650045	1.994934306803753e-06
105.221465049	0.20338120992424558	2.7257347126052878e-06
106.430907176	0.20294424653936705	3.5225066740696143e-06
107.64034930300001	0.20249261133547597	4.385716802113304e-06
108.84979143000001	0.20202846915572337	5.315270007452688e-06
110.05923355700001	0.20155387136071606	6.310464566450236e-06
111.268675684	0.2010707531718689	7.369952611704922e-06
112.478117811	0.200580931729579	8.491707392532799e-06
113.687559938	0.20008610489048032	9.672998679988165e-06
114.89700206500001	0.19958785077668437	1.0910377570699792e-05
116.10644419200001	0.19908762807879182	1.2199671753046482e-05
117.31588631900001	0.1985867771035122	1.353599199983846e-05
118.525328446	0.19808652154648088	1.4913750410364135e-05
119.734770573	0.1975879709611043	1.6326690564616442e-05
120.94421270000001	0.19709212388542413	1.7767929594791898e-05
122.15365482700001	0.19659987158091258	1.9230011939999625e-05
123.36309695400001	0.19611200233006326	2.070497442302477e-05
124.572539081	0.19562920623363053	2.2184422181062424e-05
125.781981208	0.19515208044347976	2.3659614837787113e-05
126.99142333500001	0.19468113476347046	2.5121562081273363e-05
128.200865462	0.19421679754852347	2.6561127508151205e-05
129.410307589	0.1937594218310749	2.796913912281318e-05
130.619749716	0.19330929160437235	2.9336504330054747e-05
131.82919184300002	0.19286662819322048	3.06543268098064e-05
133.03863397	0.19243159664470777	3.191402230418028e-05
134.24807609700002	0.19200431207402846	3.310743033965724e-05
135.457518224	0.19158484590355312	3.4226919140123435e-05
136.666960351	0.19117323193708907	3.526548141459529e-05
137.87640247800002	0.19076947221569024	3.621681924824427e-05
139.085844605	0.19037354260637604	3.707541682483606e-05
140.29528673200002	0.18998539808075507	3.783660016662416e-05
141.504728859	0.18960497764661008	3.849658340850104e-05
142.714170986	0.18923220890172676	3.9052501430977826e-05
143.92361311300002	0.18886701218581423	3.950242891069544e-05
145.13305524	0.18850930431272817	3.9845386064413235e-05
146.34249736700002	0.18815900187167406	4.00813315912657e-05
147.551939494	0.18781602409216738	4.021114349121724e-05
148.761381621	0.18748029527353194	4.0236588620942704e-05
149.97082374800002	0.18715174678519614	4.01602820352398e-05
151.180265875	0.18683031864920802	3.998563716947623e-05
152.38970800200002	0.18651596072097582	3.971680810066491e-05
153.599150129	0.18620863348838557	3.9358625008784065e-05
154.808592256	0.18590830851278534	3.891652402604473e-05
156.018034383	0.18561496853842885	3.8396472569354745e-05
157.22747651	0.1853286072991311	3.7804891233811366e-05
158.43691863700002	0.1850492290527797	3.714857326604648e-05
159.646360764	0.18477684787555665	3.6434602610657674e-05
160.85580289100002	0.18451148674850365	3.567027153275615e-05
162.065245018	0.1842531764693185	3.48629987480531e-05
163.274687145	0.18400195442209016	3.402024904404499e-05
164.48412927200002	0.18375786323711263	3.31494552730377e-05
165.693571399	0.18352094937190688	3.225794359255907e-05
166.90301352600002	0.18329126164321136	3.135286273214799e-05
168.112455653	0.1830688497380893	3.044111802764926e-05
169.32189778	0.18285376273038823	2.9529310808198983e-05
170.53133990700002	0.18264604762662784	2.862368368185264e-05
171.740782034	0.18244574796310775	2.7730072103257508e-05
172.95022416100002	0.18225290247358972	2.6853862536202477e-05
174.159666288	0.1820675438443785	2.5999957359579273e-05
175.369108415	0.18188969757103848	2.5172746624696485e-05
176.57855054200002	0.18171938092837725	2.437608660288415e-05
177.787992669	0.1815566020626789	2.3613285007342832e-05
178.99743479600002	0.1814013592127245	2.2887092670342835e-05
180.206876923	0.18125364006358932	2.219970139681615e-05
181.41631905	0.18111342123501922	2.1552747619418833e-05
182.62576117700002	0.18098066790399614	2.094732147163436e-05
183.835203304	0.18085533355930222	2.038398084644455e-05
185.04464543100002	0.180737359884097	1.986276998477976e-05
186.254087558	0.18062667676110666	1.9383242171225334e-05
187.46352968500003	0.1805232023936395	1.8944486130753613e-05
188.67297181200001	0.1804268435345377	1.8545155745355868e-05
189.882413939	0.1803374958142305	1.8183502739965718e-05
191.09185606600002	0.1802550441582244	1.785741204336777e-05
192.301298193	0.18017936328384973	1.756443949225972e-05
193.51074032000002	0.18011031826564533	1.7301851600218243e-05
194.720182447	0.18004776515857313	1.7066667049037143e-05
195.929624574	0.17999155166829287	1.6855699592990825e-05
197.13906670100002	0.17994151785781554	1.6665602017004733e-05
198.348508828	0.17989749688021883	1.649291074778958e-05
199.55795095500002	0.1798593157275668	1.6334090769412613e-05
200.767393082	0.1798267959867364	1.6185580383451525e-05
201.976835209	0.17979975459349085	1.6043835387086203e-05
203.18627733600002	0.17977800457693566	1.5905372209898405e-05
204.395719463	0.17976135578722718	1.5766809504810797e-05
205.60516159000002	0.17974961560030353	1.5624907678785105e-05
206.814603717	0.17974258959423084	1.5476605883329997e-05
208.02404584400003	0.17974008219268706	1.5319055945067772e-05
209.23348797100002	0.17974189727196505	1.5149652786650147e-05
210.442930098	0.1797478387287404	1.4966060964516359e-05
211.65237222500002	0.1797577110067377	1.4766236977922786e-05
212.861814352	0.17977131958109377	1.4548447166917722e-05
214.07125647900003	0.17978847140008125	1.4311281048506874e-05
215.28069860600002	0.17980897528436163	1.4053660083099273e-05
216.490140733	0.17983264228463786	1.3774841909855451e-05
217.69958286000002	0.17985928599897172	1.3474420214265592e-05
218.909024987	0.17988872285154636	1.3152320397724626e-05
220.11846711400003	0.17992077233492815	1.2808791299806499e-05
221.32790924100001	0.17995525721823313	1.2444393285529487e-05
222.537351368	0.17999200372375668	1.2059982984868878e-05
223.74679349500002	0.18003084167480143	1.1656695080505819e-05
224.956235622	0.18007160461755342	1.1235921476407396e-05
226.16567774900003	0.1801141299198083	1.079928829074428e-05
227.375119876	0.18015825884941133	1.0348631049053592e-05
228.584562003	0.18020383663515688	9.885968505776721e-06
229.79400413000002	0.18025071251280042	9.413475517763836e-06
231.003446257	0.18029873975868743	8.933455358406395e-06
232.21288838400002	0.18034777571331279	8.448311872383263e-06
233.422330511	0.18039768179695395	7.96052180584983e-06
234.63177263800003	0.180448323519264	7.47260767361424e-06
235.84121476500002	0.18049957048449922	6.987111389952783e-06
237.050656892	0.1805512963937963	6.506568975939153e-06
238.26009901900002	0.18060337904569157	6.0334865056715925e-06
239.469541146	0.1806557003358196	5.570317477304743e-06
240.67898327300003	0.18070814625651116	5.119441745429776e-06
241.88842540000002	0.18076060689679535	4.683146122272386e-06
243.097867527	0.18081297644312064	4.263606716542467e-06
244.30730965400002	0.18086515318091256	3.862873073690043e-06
245.516751781	0.1809170394969718	3.4828541378290057e-06
246.72619390800003	0.18096854188255407	3.125306045639875e-06
247.93563603500002	0.1810195709368383	2.7918217311989624e-06
249.145078162	0.1810700413704509	2.483822338084085e-06
250.35452028900002	0.18111987200855637	2.202550371394052e-06
251.563962416	0.1811689857929992	1.9490645525588324e-06
252.77340454300003	0.18121730978291864	1.7242363463260135e-06
253.98284667000001	0.18126477515317896	1.5287480945730403e-06
255.192288797	0.1813113171899956	1.3630927297170192e-06
256.401730924	0.18135687528307104	1.2275750326806723e-06
257.61117305100004	0.18140139291358334	1.1223143869670826e-06
258.820615178	0.18144481763740672	1.0472489713059252e-06
260.030057305	0.1814871010629821	1.0021413317518046e-06
261.239499432	0.18152819882325338	9.86585236492643e-07
262.448941559	0.18156807054124585	1.0000137154464461e-06
263.65838368600004	0.18160667978881057	1.041708161342303e-06
264.867825813	0.1816439940382567	1.1108083757677134e-06
266.07726794	0.1816799846065662	1.2063234059306316e-06
267.286710067	0.18171462659204926	1.3271430573946752e-06
268.49615219400005	0.1817478988033411	1.4720499183912272e-06
269.70559432100004	0.1817797836807328	1.6397317561256397e-06
270.915036448	0.18181026720993604	1.8287941615513503e-06
272.124478575	0.18183933882846068	2.0377732839055307e-06
273.333920702	0.18186699132483583	2.2651485397373605e-06
274.54336282900005	0.18189322073103922	2.5093551541954806e-06
275.75280495600003	0.18191802620850728	2.768796440552612e-06
276.962247083	0.18194140992823032	3.0418556744987724e-06
278.17168921	0.18196337694542697	3.3269075212644106e-06
279.381131337	0.18198393506938826	3.6223288714942736e-06
280.59057346400004	0.1820030947291182	3.926509062876504e-06
281.80001559100003	0.18202086883540938	4.237859403594113e-06
283.009457718	0.1820372726400304	4.554821958338562e-06
284.218899845	0.182052323592708	4.875877571475229e-06
285.428341972	0.18206604119660086	5.1995530910564636e-06
286.63778409900004	0.18207844686298155	5.524427804742826e-06
287.84722622600003	0.18208956376576452	5.849139066885223e-06
289.056668353	0.1820994166965851	6.1723871594421276e-06
290.26611048	0.18210803192106167	6.492939363667016e-06
291.475552607	0.1821154370368509	6.809633306167906e-06
292.68499473400004	0.18212166083409004	7.1213796027508325e-06
293.89443686100003	0.18212673315875222	7.42716381413322e-06
295.103878988	0.1821306847794239	7.726047799541669e-06
296.313321115	0.18213354725795455	8.017170466598222e-06
297.522763242	0.18213535282438487	8.299747992962514e-06
298.73220536900004	0.1821361342565035	8.573073551926269e-06
299.94164749600003	0.18213592476434212	8.836516592350407e-06
301.151089623	0.1821347578798448	9.089521714092386e-06
302.36053175	0.18213266735195002	9.331607185747437e-06
303.569973877	0.1821296870471918	9.562363140591668e-06
304.77941600400004	0.1821258508559532	9.781449490764427e-06
305.98885813100003	0.1821211926044335	9.988593604029483e-06
307.198300258	0.18211574597231964	1.0183587743586853e-05
308.407742385	0.18210954441615923	1.0366286355298349e-05
309.617184512	0.18210262109835768	1.0536603174085557e-05
310.82662663900004	0.18209500882171728	1.0694508202443997e-05
312.036068766	0.18208673996937125	1.0840024577324359e-05
313.245510893	0.1820778464499867	1.097322534801548e-05
314.45495302	0.18206835964803145	1.1094230172287167e-05
315.664395147	0.18205831037892545	1.120320195681368e-05
316.87383727400004	0.18204772884887485	1.1300343449274775e-05
318.083279401	0.18203664461914904	1.1385893801812985e-05
319.292721528	0.1820250865745826	1.1460125115936304e-05
320.502163655	0.18201308289606172	1.1523338973973285e-05
321.71160578200005	0.18200066103676943	1.1575862990942376e-05
322.92104790900004	0.18198784770194193	1.1618047368003315e-05
324.130490036	0.18197466883190677	1.165026149602122e-05
325.339932163	0.18196114958819137	1.1672890592409613e-05
326.54937429	0.1819473143424573	1.1686332398133659e-05
327.75881641700005	0.18193318666807268	1.1690993954399653e-05
328.96825854400004	0.1819187893341076	1.1687288457962186e-05
330.177700671	0.18190414430158183	1.1675632223817622e-05
331.387142798	0.18188927272176275	1.1656441768495562e-05
332.596584925	0.1818741949363729	1.1630131019027545e-05
333.80602705200005	0.1818589304795427	1.159710867351671e-05
335.01546917900004	0.18184349808136574	1.155777572080241e-05
336.224911306	0.18182791567294432	1.151252313563722e-05
337.434353433	0.18181220039278181	1.1461729768194595e-05
338.64379556	0.18179636859444404	1.1405760421245859e-05
339.85323768700005	0.18178043585537423	1.134496415018671e-05
341.06267981400003	0.1817644169867792	1.1279672775879601e-05
342.272121941	0.18174832604451702	1.1210199623079564e-05
343.481564068	0.18173217634090255	1.1136838491535017e-05
344.691006195	0.18171598045737114	1.105986286747962e-05
345.90044832200005	0.18169975025794055	1.0979525359708364e-05
347.10989044900003	0.1816834969034108	1.0896057380388458e-05
348.319332576	0.18166723086626188	1.080966904938585e-05
349.528774703	0.18165096194618782	1.0720549322135176e-05
350.73821683	0.18163469928622125	1.0628866347034416e-05
351.94765895700004	0.18161845138940488	1.0534768003389594e-05
353.15710108400003	0.18160222613596483	1.0438382666039248e-05
354.366543211	0.18158603080093788	1.0339820120094934e-05
355.575985338	0.1815698720721975	1.0239172654094575e-05
356.785427465	0.18155375606885582	1.0136516301287313e-05
357.99486959200004	0.18153768835996054	1.0031912194383152e-05
359.20431171900003	0.18152167398346836	9.925408047603557e-06
360.413753846	0.1815057174654277	9.817039704887454e-06
361.623195973	0.1814898228393233	9.706832769337814e-06
362.8326381	0.18147399366553685	9.594804268597823e-06
364.04208022700004	0.18145823305086806	9.48096435025858e-06
365.25152235400003	0.1814425436680565	9.36531797561535e-06
366.460964481	0.18142692777528405	9.247866590331166e-06
367.670406608	0.18141138723555494	9.128609773312313e-06
368.87984873500005	0.18139592353595863	9.007546816569567e-06
370.08929086200004	0.18138053780672805	8.884678231527166e-06
371.29873298900003	0.18136523084006248	8.76000717277281e-06
372.508175116	0.18135000310866864	8.633540757252423e-06
373.717617243	0.18133485478397599	8.505291269791937e-06
374.92705937000005	0.18131978575398527	8.375277231534306e-06
376.13650149700004	0.1813047956407292	8.24352435116471e-06
377.34594362400003	0.1812898838172724	8.110066311683983e-06
378.555385751	0.18127504942427713	7.974945437236314e-06
379.764827878	0.18126029138606073	7.838213184507836e-06
380.97427000500005	0.18124560842614829	7.699930498497598e-06
382.18371213200004	0.18123099908229606	7.560168019560276e-06
383.393154259	0.18121646172097516	7.4190061306322885e-06
384.602596386	0.18120199455129776	7.276534876782259e-06
385.812038513	0.181187595638378	7.13285373740713e-06
387.02148064000005	0.1811732629161527	6.988071274818819e-06
388.23092276700004	0.18115899419962328	6.842304660012455e-06
389.440364894	0.18114478719654328	6.695679085941264e-06
390.649807021	0.18113063951856936	6.548327088781725e-06
391.859249148	0.18111654869186228	6.400387764934901e-06
393.06869127500005	0.18110251216717566	6.252005932766425e-06
394.27813340200004	0.1810885273294226	6.10333121003892e-06
395.487575529	0.1810745915067647	5.954517055747899e-06
396.697017656	0.18106070197921753	5.805719761539652e-06
397.906459783	0.18104685598680975	5.657097432748559e-06
399.11590191000005	0.18103305073730686	5.50880894577277e-06
400.32534403700004	0.1810192834135346	5.361012906116014e-06
401.534786164	0.18100555118029535	5.213866624123598e-06
402.744228291	0.1809918511909469	5.067525107940729e-06
403.953670418	0.18097818059360837	4.922140095328653e-06
405.16311254500005	0.18096453653706585	4.777859123200612e-06
406.37255467200004	0.18095091617636774	4.634824649740743e-06
407.581996799	0.18093731667813445	4.4931732405134595e-06
408.791438926	0.18092373522560784	4.3530348174253275e-06
410.000881053	0.18091016902345802	4.214531976493019e-06
411.21032318000005	0.18089661530235154	4.077779385866509e-06
412.41976530700003	0.18088307132330617	3.942883266452868e-06
413.629207434	0.1808695343818465	3.809940949450752e-06
414.838649561	0.18085600181195816	3.6790405208847465e-06
416.04809168800006	0.18084247098986672	3.5502605480880467e-06
417.25753381500004	0.18082893933764216	3.4236698934903e-06
418.46697594200003	0.18081540432662702	3.2993276088688628e-06
419.676418069	0.18080186348070734	3.1772829084258936e-06
420.885860196	0.1807883143794322	3.057575223744391e-06
422.09530232300006	0.18077475466096335	2.940234325676805e-06
423.30474445000004	0.180761182024872	2.82528051860631e-06
424.51418657700003	0.18074759423479633	2.7127249025149514e-06
425.723628704	0.18073398912092564	2.6025696854559133e-06
426.933070831	0.18072036458234053	2.4948085587811475e-06
428.14251295800005	0.18070671858919063	2.389427108950848e-06
429.35195508500004	0.18069304918471113	2.2864032834662984e-06
430.56139721200003	0.18067935448708206	2.1857078772585803e-06
431.770839339	0.18066563269112162	2.0873050625286327e-06
432.980281466	0.18065188206980268	1.9911529294397434e-06
434.18972359300005	0.1806381009756129	1.8972040456838313e-06
435.39916572000004	0.1806242878417338	1.8054060306194053e-06
436.60860784700003	0.18061044118304265	1.7157021353214619e-06
437.818049974	0.18059655959694676	1.6280318151790096e-06
439.027492101	0.18058264176402244	1.5423312993423366e-06
440.23693422800005	0.18056868644849577	1.4585341539530283e-06
441.44637635500004	0.18055469249852002	1.37657183073292e-06
442.65581848200003	0.18054065884629533	1.2963741887334068e-06
443.865260609	0.18052658450800238	1.2178700097564832e-06
445.074702736	0.1805124685835497	1.1409874725865077e-06
446.28414486300005	0.1804983102561618	1.065654613940925e-06
447.49358699000004	0.18048410879178692	9.917997555453084e-07
448.703029117	0.1804698635383396	9.193518950845192e-07
449.912471244	0.18045557392478878	8.482410771004645e-07
451.121913371	0.18044123946007334	7.78398721687501e-07
452.33135549800005	0.1804268597318811	7.097579259179865e-07
453.54079762500004	0.18041243440526972	6.422537326827849e-07
454.750239752	0.18039796322116222	5.758233645875022e-07
455.959681879	0.18038344599470413	5.104064253191876e-07
457.169124006	0.18036888261349796	4.4594507753181745e-07
458.37856613300005	0.1803542730357233	3.8238417797431534e-07
459.58800826000004	0.18033961728815368	3.1967140221023094e-07
460.797450387	0.1803249154640717	2.577573266770994e-07
462.006892514	0.1803101677211007	1.965954922189539e-07
463.216334641	0.18029537427894884	1.3614244703807898e-07
464.42577676800005	0.1802805354170903	7.635776033687591e-08
465.63521889500004	0.18026565147237766	1.7204026245276616e-08
466.844661022	0.18025072283660987	-4.135316429565439e-08
468.054103149	0.18023574995404246	-9.934524761168184e-08
469.26354527600006	0.18022073331887728	-1.5680075036994534e-07
470.47298740300005	0.1802056734727119	-2.1374534420193214e-07
471.68242953000004	0.1801905710019846	-2.7020192161497647e-07
472.891871657	0.18017542653539115	-3.261906797863423e-07
474.101313784	0.18016024074131376	-3.817292103663883e-07
475.31075591100006	0.1801450143252426	-4.368326016329638e-07
476.52019803800005	0.18012974802721296	-4.91513533179555e-07
477.72964016500003	0.18011444261925752	-5.457823933630035e-07
478.939082292	0.18009909890288878	-5.996473851632711e-07
480.148524419	0.1800837177065962	-6.531146341387517e-07
481.35796654600006	0.1800682998833924	-7.061883121606272e-07
482.56740867300005	0.1800528463083877	-7.588707453126675e-07
483.77685080000003	0.18003735787642103	-8.111625311862936e-07
484.986292927	0.18002183549972364	-8.630626520955698e-07
486.195735054	0.18000628010565067	-9.14568589416298e-07
487.40517718100006	0.17999069263445575	-9.65676438216545e-07
488.61461930800004	0.17997507403712626	-1.0163810171270882e-06
489.82406143500003	0.1799594252732937	-1.0666759732436137e-06
491.033503562	0.17994374730918455	-1.1165538968682664e-06
492.242945689	0.1799280411156588	-1.1660064240387458e-06
493.45238781600005	0.17991230766630714	-1.2150243352271328e-06
494.66182994300004	0.17989654793561866	-1.2635976642666469e-06
495.87127207000003	0.1798807628972141	-1.3117157933034695e-06
497.080714197	0.17986495352216503	-1.3593675481510248e-06
498.290156324	0.17984912077737525	-1.406541292922614e-06
499.49959845100005	0.1798332656240381	-1.4532250245113953e-06
500.70904057800004	0.179817389016171	-1.4994064595902357e-06
501.91848270500003	0.17980149189921846	-1.5450731217087066e-06
503.127924832	0.1797855752087424	-1.5902124228112102e-06
504.337366959	0.17976963986916888	-1.634811749834375e-06
505.54680908600005	0.17975368679263098	-1.6788585393417987e-06
506.75625121300004	0.1797377168778614	-1.7223403527971692e-06
507.96569334000003	0.1797217310091877	-1.7652449523924973e-06
509.175135467	0.17970573005557003	-1.8075603644834848e-06
510.384577594	0.1796897148697382	-1.8492749507270645e-06
511.59401972100005	0.1796736862873841	-1.8903774703510345e-06
512.803461848	0.1796576451264282	-1.930857137136255e-06
514.0129039750001	0.17964159218636186	-1.970703671042018e-06
515.2223461020001	0.17962552824765016	-2.009907356700924e-06
516.4317882290001	0.17960945407120757	-2.0484590876612696e-06
517.641230356	0.17959337039793827	-2.086350409699622e-06
518.850672483	0.1795772779483385	-2.123573555917746e-06
520.06011461	0.17956117742217145	-2.160121484628963e-06
521.269556737	0.17954506949818222	-2.195987910319497e-06
522.478998864	0.1795289548339051	-2.2311673268798904e-06
523.688440991	0.17951283406549537	-2.2656550317384783e-06
524.897883118	0.17949670780764215	-2.299447137157906e-06
526.1073252450001	0.17948057665352402	-2.3325405885954442e-06
527.3167673720001	0.17946444117481536	-2.364933165091565e-06
528.5262094990001	0.17944830192175554	-2.39662348958114e-06
529.735651626	0.17943215942324792	-2.4276110227872127e-06
530.945093753	0.17941601418702197	-2.4578960550747375e-06
532.15453588	0.17939986669982289	-2.487479705368112e-06
533.363978007	0.1793837174276603	-2.516363896948315e-06
534.573420134	0.17936756681608385	-2.544551347946622e-06
535.782862261	0.17935141529049323	-2.5720455450739532e-06
536.9923043880001	0.17933526325649302	-2.5988507225405133e-06
538.2017465150001	0.17931911110027426	-2.6249718347859385e-06
539.4111886420001	0.1793029591890256	-2.650414520632971e-06
540.6206307690001	0.17928680787137038	-2.675185077821718e-06
541.830072896	0.17927065747783044	-2.699290421584455e-06
543.039515023	0.17925450832131384	-2.7227380544198043e-06
544.24895715	0.1792383606976177	-2.7455360220446368e-06
545.458399277	0.1792222148859557	-2.7676928788938904e-06
546.667841404	0.17920607114949239	-2.7892176446692174e-06
547.877283531	0.17918992973590575	-2.8101197647456555e-06
549.0867256580001	0.17917379087793905	-2.8304090663733295e-06
550.2961677850001	0.17915765479398355	-2.850095724232782e-06
551.5056099120001	0.1791415216886567	-2.869190213333761e-06
552.715052039	0.1791253917533859	-2.887703274320752e-06
553.924494166	0.17910926516700582	-2.905645868370166e-06
555.133936293	0.17909314209633914	-2.92302914418896e-06
556.34337842	0.1790770226967947	-2.9398643997674556e-06
557.552820547	0.17906090711295353	-2.9561630433966313e-06
558.762262674	0.17904479547915408	-2.9719365664260255e-06
559.971704801	0.17902868792007703	-2.9871965080557894e-06
561.1811469280001	0.17901258455131375	-3.001954419171171e-06
562.3905890550001	0.17899648547994168	-3.016221843524236e-06
563.6000311820001	0.17898039080507716	-3.030010284760243e-06
564.809473309	0.17896430061842242	-3.0433311843658384e-06
566.018915436	0.17894821500481223	-3.0561959001862427e-06
567.228357563	0.17893213404273478	-3.068615680473785e-06
568.43779969	0.17891605780484554	-3.0806016501350175e-06
569.647241817	0.17889998635846718	-3.0921647927034668e-06
570.856683944	0.17888391976608273	-3.103315934824269e-06
572.066126071	0.17886785808580044	-3.1140657284350892e-06
573.2755681980001	0.1788518013718129	-3.124424646588908e-06
574.4850103250001	0.17883574967484073	-3.1344029711860566e-06
575.6944524520001	0.1788197030425526	-3.1440107791935734e-06
576.903894579	0.17880366151998361	-3.1532579396476024e-06
578.113336706	0.17878762514992352	-3.1621541075749215e-06
579.322778833	0.1787715939732894	-3.170708716304649e-06
580.53222096	0.1787555680294949	-3.178930977718042e-06
581.741663087	0.17873954735678466	-3.1868298725895583e-06
582.951105214	0.17872353199256613	-3.194414155041625e-06
584.160547341	0.17870752197371262	-3.201692346549434e-06
585.3699894680001	0.17869151733686495	-3.208672735274809e-06
586.5794315950001	0.17867551811870352	-3.215363380756897e-06
587.7888737220001	0.1786595243562054	-3.22177210913821e-06
588.998315849	0.17864353608689426	-3.227906515870793e-06
590.207757976	0.17862755334906233	-3.2337739648558017e-06
591.417200103	0.17861157618198678	-3.2393815927733716e-06
592.62664223	0.17859560462612287	-3.2447363094850745e-06
593.836084357	0.17857963872329038	-3.2498448006984537e-06
595.045526484	0.17856367851683574	-3.2547135307287034e-06
596.2549686110001	0.1785477240517839	-3.2593487436227697e-06
597.4644107380001	0.17853177537497977	-3.2637564674198316e-06
598.6738528650001	0.1785158325352098	-3.267942518841993e-06
599.8832949920001	0.17849989558331317	-3.2719125009905703e-06
601.092737119	0.17848396457228108	-3.275671813934844e-06
602.302179246	0.1784680395573412	-3.2792256535185693e-06
603.511621373	0.17845212059602605	-3.282579020005838e-06
604.7210635	0.17843620774824	-3.285736717761889e-06
605.930505627	0.17842030107630447	-3.2887033625250695e-06
607.139947754	0.17840440064500068	-3.2914833832942136e-06
608.3493898810001	0.17838850652159413	-3.2940810314741054e-06
609.5588320080001	0.17837261877585386	-3.2965003810281335e-06
610.7682741350001	0.17835673748005926	-3.2987453397193e-06
611.9777162620001	0.1783408627089969	-3.3008196508033105e-06
613.187158389	0.17832499453995443	-3.30272689405553e-06
614.396600516	0.17830913305270296	-3.304470499426726e-06
615.606042643	0.17829327832946837	-3.306053749096982e-06
616.81548477	0.1782774304548928	-3.3074797826104785e-06
618.024926897	0.17826158951600662	-3.3087515994567607e-06
619.234369024	0.17824575560216271	-3.309872071019515e-06
620.4438111510001	0.17822992880499805	-3.31084394050718e-06
621.6532532780001	0.1782141092183656	-3.3116698289342716e-06
622.8626954050001	0.17819829693827655	-3.3123522407835226e-06
624.072137532	0.17818249206281972	-3.312893570084352e-06
625.281579659	0.17816669469210128	-3.313296099094476e-06
626.491021786	0.178150904928154	-3.3135620037400004e-06
627.700463913	0.17813512287486066	-3.313693361220449e-06
628.90990604	0.1781193486378715	-3.31369214845445e-06
630.119348167	0.1781035823245134	-3.31356023974827e-06
631.328790294	0.1780878240437029	-3.313299419882565e-06
632.5382324210001	0.17807207390584806	-3.3129113717611514e-06
633.7476745480001	0.17805633202276192	-3.3123976811572087e-06
634.9571166750001	0.17804059850756304	-3.311759841848061e-06
636.166558802	0.17802487347458362	-3.3109992431390456e-06
637.376000929	0.17800915703927295	-3.310117178995098e-06
638.585443056	0.17799344931809757	-3.3091148354952304e-06
639.794885183	0.17797775042845193	-3.3079932916235677e-06
641.00432731	0.17796206048855848	-3.3067535141484417e-06
642.213769437	0.17794637961737475	-3.3053963550966348e-06
643.4232115640001	0.17793070793449772	-3.303922540623394e-06
644.6326536910001	0.1779150455600763	-3.302332667501351e-06
645.8420958180001	0.1778993926147231	-3.300627200941708e-06
647.0515379450001	0.17788374921941755	-3.2988064596617406e-06
648.260980072	0.177868115495424	-3.296870614247216e-06
649.470422199	0.17785249156421024	-3.2948196774379435e-06
650.679864326	0.1778368775473677	-3.2926534934279994e-06
651.889306453	0.17782127356652255	-3.29037173427138e-06
653.09874858	0.17780567974327277	-3.2879738875585263e-06
654.308190707	0.1777900961991019	-3.285459251337053e-06
655.5176328340001	0.1777745230553246	-3.282826925937732e-06
656.7270749610001	0.1777589604330039	-3.2800758050094414e-06
657.9365170880001	0.1777434084528976	-3.2772045642781578e-06
659.1459592150001	0.17772786723539558	-3.274211666209892e-06
660.355401342	0.1777123369004583	-3.2710953366127393e-06
661.564843469	0.17769681756756764	-3.2678535719504742e-06
662.774285596	0.17768130935567028	-3.264484127407652e-06
663.983727723	0.17766581238313978	-3.2609845173198204e-06
665.19316985	0.1776503267677228	-3.2573520060003025e-06
666.402611977	0.17763485262649903	-3.2535836063940504e-06
667.6120541040001	0.1776193900758476	-3.2496760790506896e-06
668.8214962310001	0.17760393923140358	-3.2456259313889957e-06
670.0309383580001	0.17758850020803685	-3.2414294162952384e-06
671.2403804850001	0.1775730731198129	-3.2370825320399144e-06
672.449822612	0.1775576580799687	-3.232581028508874e-06
673.659264739	0.17754225520089442	-3.2279204067869882e-06
674.868706866	0.17752686459410086	-3.223095925278252e-06
676.078148993	0.17751148637020864	-3.2181026070332575e-06
677.28759112	0.177496120638928	-3.212935240776149e-06
678.497033247	0.17748076750904557	-3.207588395601202e-06
679.7064753740001	0.17746542708840707	-3.2020564294937826e-06
680.9159175010001	0.17745009948391546	-3.1963334964080214e-06
682.1253596280001	0.1774347848015112	-3.19041356121319e-06
683.3348017550001	0.17741948314616962	-3.1842904141266004e-06
684.544243882	0.17740419462189383	-3.177957681621546e-06
685.753686009	0.17738891933171008	-3.171408843108403e-06
686.963128136	0.17737365737766198	-3.1646372504190445e-06
688.172570263	0.17735840886080817	-3.1576361398666375e-06
689.38201239	0.17734317388121795	-3.1503986584052734e-06
690.5914545170001	0.17732795253797373	-3.142917880519236e-06
691.8008966440001	0.1773127449291636	-3.135186825334313e-06
693.0103387710001	0.17729755115188767	-3.127198483429683e-06
694.2197808980001	0.17728237130224905	-3.1189458407215875e-06
695.429223025	0.1772672054753588	-3.1104218934235872e-06
696.638665152	0.17725205376532893	-3.1016196837263532e-06
697.848107279	0.17723691626527638	-3.0925323150771122e-06
699.057549406	0.17722179306731745	-3.0831529824609794e-06
700.266991533	0.1772066842625683	-3.073474994036429e-06
701.47643366	0.17719158994114176	-3.0634918005978395e-06
702.6858757870001	0.17717651019214073	-3.0531970205416314e-06
703.8953179140001	0.17716144510365847	-3.042584461140918e-06
705.1047600410001	0.17714639476276905	-3.0316481503950277e-06
706.3142021680001	0.17713135925552695	-3.0203823603303093e-06
707.523644295	0.17711633866695287	-3.0087816306340054e-06
708.733086422	0.17710133308102965	-2.996840792579558e-06
709.942528549	0.17708634258069508	-2.984554994089894e-06
711.151970676	0.1770713672478304	-2.9719197207900283e-06
712.361412803	0.17705640716325188	-2.9589308220973054e-06
713.57085493	0.17704146240669216	-2.945584527416778e-06
714.7802970570001	0.17702653305679866	-2.931877465292554e-06
715.9897391840001	0.17701161919111	-2.917806682226076e-06
717.1991813110001	0.17699672088604834	-2.903369663256883e-06
718.4086234380001	0.17698183821690336	-2.8885643394288563e-06
719.618065565	0.17696697125781913	-2.873389106275437e-06
720.827507692	0.1769521200817716	-2.8578428307030057e-06
722.036949819	0.17693728476055964	-2.841924866409107e-06
723.246391946	0.17692246536478673	-2.825635054881648e-06
724.455834073	0.1769076619638421	-2.8089737348635513e-06
725.6652762	0.17689287462588427	-2.7919417449895345e-06
726.8747183270001	0.17687810341783033	-2.7745404195811396e-06
728.0841604540001	0.17686334840533519	-2.7567715970150397e-06
729.2936025810001	0.176848609652777	-2.738637609439598e-06
730.5030447080001	0.17683388722324236	-2.720141280124211e-06
731.712486835	0.17681918117851192	-2.7012859165481684e-06
732.921928962	0.1768044915790463	-2.682075297744113e-06
734.131371089	0.1767898184839771	-2.6625136674146566e-06
735.340813216	0.17677516195109044	-2.6426057205125586e-06
736.550255343	0.17676052203682358	-2.6223565851302144e-06
737.7596974700001	0.17674589879624675	-2.601771809246367e-06
738.9691395970001	0.17673129228306445	-2.5808573433927506e-06
740.1785817240001	0.17671670254960709	-2.5596195146054823e-06
741.3880238510001	0.17670212964682547	-2.5380650145456762e-06
742.5974659780001	0.17668757362429072	-2.5162008716328454e-06
743.806908105	0.17667303453018993	-2.49403442985352e-06
745.016350232	0.17665851241133584	-2.4715733275421092e-06
746.225792359	0.17664400731315866	-2.4488254693477707e-06
747.435234486	0.1766295192797221	-2.425799006139373e-06
748.644676613	0.17661504835372283	-2.402502305154375e-06
749.8541187400001	0.17660059457650013	-2.378943925546162e-06
751.0635608670001	0.1765861579880516	-2.3551325961934655e-06
752.2730029940001	0.1765717386270432	-2.3310771869039515e-06
753.4824451210001	0.17655733653082178	-2.3067866864318054e-06
754.6918872480001	0.17654295173543663	-2.282270177289547e-06
755.901329375	0.17652858427565382	-2.2575368105737237e-06
757.110771502	0.17651423418497575	-2.232595785356395e-06
758.320213629	0.17649990149566278	-2.207456321928758e-06
759.529655756	0.17648558623876512	-2.1821276458555694e-06
760.739097883	0.17647128844413218	-2.156618964715973e-06
761.9485400100001	0.17645700814045098	-2.1309394484247957e-06
763.1579821370001	0.1764427453552663	-2.1050982154241504e-06
764.3674242640001	0.17642850011501132	-2.079104308258528e-06
765.5768663910001	0.1764142724450401	-2.052966684762403e-06
766.786308518	0.17640006236965367	-2.0266942026142543e-06
767.995750645	0.17638586991212746	-2.000295602100355e-06
769.205192772	0.17637169509475384	-1.9737795015628556e-06
770.414634899	0.17635753793886766	-1.9471543818844195e-06
771.624077026	0.17634339846487246	-1.920428581894673e-06
772.833519153	0.17632927669228785	-1.8936102866851101e-06
774.0429612800001	0.17631517263977317	-1.8667075267764233e-06
775.2524034070001	0.17630108632515895	-1.8397281675575083e-06
776.4618455340001	0.17628701776548977	-1.8126799104234426e-06
777.6712876610001	0.17627296697704675	-1.7855702897640047e-06
778.880729788	0.17625893397538894	-1.7584066696330058e-06
780.090171915	0.1762449187753775	-1.7311962453164798e-06
781.299614042	0.1762309213912136	-1.7039460400575246e-06
782.509056169	0.1762169418364691	-1.6766629148956547e-06
783.718498296	0.176202980124115	-1.6493535671402437e-06
784.9279404230001	0.1761890362665512	-1.6220245287607016e-06
786.1373825500001	0.17617511027564708	-1.594682175087847e-06
787.3468246770001	0.17616120216275327	-1.567332730045834e-06
788.5562668040001	0.17614731193874023	-1.539982269427309e-06
789.7657089310001	0.17613343961401967	-1.5126367269996388e-06
790.975151058	0.17611958519857823	-1.4853018957816655e-06
792.184593185	0.1761057487019949	-1.457983439992483e-06
793.394035312	0.1760919301334692	-1.4306868994368171e-06
794.603477439	0.17607812950184648	-1.4034176925581399e-06
795.812919566	0.17606434681563135	-1.3761811247237077e-06
797.0223616930001	0.1760505820830166	-1.3489823951357005e-06
798.2318038200001	0.1760368353119056	-1.321826604186449e-06
799.4412459470001	0.1760231065099213	-1.2947187504191993e-06
800.6506880740001	0.17600939568442917	-1.2676637438091554e-06
801.8601302010001	0.17599570284255972	-1.240666412882785e-06
803.069572328	0.17598202799121854	-1.2137315023169615e-06
804.279014455	0.17596837113710007	-1.186863685026518e-06
805.488456582	0.1759547322867055	-1.1600675587503106e-06
806.697898709	0.17594111144635344	-1.1333476563624156e-06
807.907340836	0.1759275086221942	-1.1067084449561948e-06
809.1167829630001	0.17591392382021342	-1.0801543317978668e-06
810.3262250900001	0.17590035704625845	-1.053689664395896e-06
811.5356672170001	0.1758868083060303	-1.027318734386773e-06
812.7451093440001	0.17587327760510552	-1.001045774828846e-06
813.9545514710001	0.17585976494893055	-9.74874971457207e-07
815.163993598	0.17584627034284442	-9.488104516786056e-07
816.373435725	0.17583279379207334	-9.228562907054316e-07
817.582877852	0.17581933530173982	-8.970165131377827e-07
818.792319979	0.17580589487686799	-8.712950870931602e-07
820.001762106	0.17579247252238667	-8.456959242481021e-07
821.2112042330001	0.17577906824313588	-8.202228842513204e-07
822.4206463600001	0.17576568204386542	-7.948797656198714e-07
823.6300884870001	0.17575231392924082	-7.696703074183686e-07
824.8395306140001	0.17573896390383958	-7.445981854148354e-07
826.0489727410001	0.175725631972161	-7.196670138154282e-07
827.258414868	0.17571231813861804	-6.948803331491282e-07
828.467856995	0.17569902240754465	-6.702416152359891e-07
829.677299122	0.1756857447831906	-6.457542577470443e-07
830.886741249	0.1756724852697186	-6.214215765715236e-07
832.0961833760001	0.1756592438712124	-5.972468072462656e-07
833.3056255030001	0.17564602059166656	-5.732330965874111e-07
834.5150676300001	0.17563281543498774	-5.493835035091932e-07
835.7245097570001	0.17561962840498901	-5.257009906001198e-07
836.9339518840001	0.17560645950539133	-5.021884181138914e-07
838.143394011	0.1755933087398166	-4.788485482437599e-07
839.352836138	0.17558017611178803	-4.556840296487952e-07
840.562278265	0.1755670616247189	-4.326974003265871e-07
841.771720392	0.175553965281916	-4.098910833388869e-07
842.981162519	0.17554088708656906	-3.8726737525140997e-07
844.1906046460001	0.17552782704175093	-3.648284504637056e-07
845.4000467730001	0.1755147851504082	-3.425763506204049e-07
846.6094889000001	0.17550176141535465	-3.20512982446286e-07
847.8189310270001	0.17548875583927107	-2.9864011455438266e-07
849.0283731540001	0.1754757684246932	-2.7695937387939296e-07
850.237815281	0.17546279917400456	-2.5547223504729377e-07
851.447257408	0.17544984808943528	-2.3418002460806608e-07
852.656699535	0.17543691517305385	-2.1308391490171275e-07
853.866141662	0.1754240004267529	-1.9218491863204346e-07
855.075583789	0.17541110385224973	-1.7148388138654713e-07
856.2850259160001	0.17539822545107775	-1.5098148754832952e-07
857.4944680430001	0.1753853652245712	-1.306782485555047e-07
858.7039101700001	0.17537252317386826	-1.1057450323426199e-07
859.9133522970001	0.17535969929989212	-9.06704142461523e-08
861.1227944240001	0.1753468936033468	-7.096596228717278e-08
862.332236551	0.17533410608471084	-5.146094915475796e-08
863.541678678	0.17532133674422495	-3.2154984258569996e-08
864.751120805	0.17530858558188128	-1.304749380759418e-08
865.960562932	0.17529585259742042	5.862296717507043e-09
867.170005059	0.17528313779031646	2.4575350476840896e-08
868.3794471860001	0.1752704411597723	4.309283362091687e-08
869.5888893130001	0.17525776270469762	6.141611376409006e-08
870.7983314400001	0.1752451024237155	7.954676529975391e-08
872.0077735670001	0.1752324603151445	9.748657391062121e-08
873.2172156940001	0.1752198363769818	1.152375377622139e-07
874.426657821	0.17520723060690624	1.3280187274866684e-07
875.636099948	0.1751946430022543	1.501820203198001e-07
876.845542075	0.175182073560017	1.673806456770066e-07
878.054984202	0.17516952227682625	1.8440065226166258e-07
879.2644263290001	0.17515698914894146	2.0124517921549234e-07
880.4738684560001	0.17514447417224022	2.1791761357914385e-07
881.6833105830001	0.17513197734220537	2.3442159552411468e-07
882.8927527100001	0.1751194986539117	2.5076102556920166e-07
884.1021948370001	0.17510703810201808	2.669400754190532e-07
885.3116369640001	0.175094595680745	2.829631951112299e-07
886.521079091	0.17508217138386772	2.988351272409373e-07
887.730521218	0.17506976520469972	3.14560912165196e-07
888.939963345	0.17505737713608205	3.3014590530844323e-07
890.149405472	0.17504500717036492	3.45595786571673e-07
891.3588475990001	0.1750326552993935	3.6091657712455927e-07
892.5682897260001	0.17502032151449573	3.7611464681619466e-07
893.7777318530001	0.17500800580645937	3.9119673814203004e-07
894.9871739800001	0.17499570816552062	4.061699724611234e-07
896.1966161070001	0.17498342858134747	4.210418667605076e-07
897.406058234	0.17497116704301935	4.358203502113911e-07
898.615500361	0.17495892353900808	4.5051376858229464e-07
899.824942488	0.1749466980571634	4.651309012670968e-07
901.034384615	0.17493449058468682	4.796809642271249e-07
902.243826742	0.17492230110812146	4.941736194002955e-07
903.4532688690001	0.17491012961331812	5.086189720643342e-07
904.6627109960001	0.17489797608542867	5.230275616080471e-07
905.8721531230001	0.17488584050886866	5.374103549393716e-07
907.0815952500001	0.17487372286731329	5.517787287079301e-07
908.2910373770001	0.1748616231436688	5.661444409527094e-07
909.500479504	0.1748495413200502	5.80519599252538e-07
910.709921631	0.174837477377768	5.949166181906662e-07
911.919363758	0.1748254312973128	6.093481725311101e-07
913.128805885	0.17481340305833762	6.238271298975029e-07
914.338248012	0.17480139263965455	6.383664900300179e-07
915.5476901390001	0.17478940001922244	6.529793109555371e-07
916.7571322660001	0.17477742517415612	6.676786275666702e-07
917.9665743930001	0.1747654680807233	6.824773703950626e-07
919.1760165200001	0.17475352871436015	6.973882786809327e-07
920.3854586470001	0.1747416070496865	7.124238185773901e-07
921.594900774	0.17472970306053892	7.27596104296846e-07
922.804342901	0.1747178167199863	7.429168161765531e-07
924.013785028	0.17470594800037592	7.583971378122278e-07
925.223227155	0.1746940968733751	7.740476882234226e-07
926.432669282	0.17468226331000802	7.898784760984601e-07
927.6421114090001	0.1746704472807147	8.058988542752887e-07
928.8515535360001	0.17465864875540954	8.221174881278825e-07
930.0609956630001	0.1746468677035385	8.385423234807954e-07
931.2704377900001	0.17463510409414995	8.551805694700931e-07
932.4798799170001	0.17462335789597333	8.720386858174223e-07
933.689322044	0.17461162907749386	8.891223592377706e-07
934.898764171	0.17459991760705174	9.064364922262147e-07
936.108206298	0.1745882234529343	9.239851797293586e-07
937.317648425	0.17457654658349084	9.417716807375021e-07
938.5270905520001	0.17456488696722566	9.597983867126736e-07
939.7365326790001	0.17455324457292726	9.780667785258546e-07
940.9459748060001	0.17454161936978257	9.965773597325756e-07
942.1554169330001	0.17453001132748752	1.015329604406312e-06
943.3648590600001	0.1745184204163685	1.0343218722896896e-06
944.5743011870001	0.17450684660748467	1.0535513189080525e-06
945.783743314	0.17449528987272983	1.0730137973147258e-06
946.993185441	0.17448375018492443	1.0927037524394168e-06
948.202627568	0.17447222751788283	1.1126141123418698e-06
949.412069695	0.17446072184648026	1.1327361723739715e-06
950.6215118220001	0.17444923314669197	1.1530594817704687e-06
951.8309539490001	0.1744377613956264	1.1735717374145027e-06
953.0403960760001	0.1744263065715264	1.1942586875257621e-06
954.2498382030001	0.1744148686537677	1.2151040393176826e-06
955.4592803300001	0.17440344762283472	1.2360893993784705e-06
956.6687224570001	0.17439204346028747	1.2571942193950747e-06
957.878164584	0.1743806561487169	1.2783957786949296e-06
959.087606711	0.17436928567169552	1.2996691873823352e-06
960.297048838	0.17435793201371977	1.3209874229480612e-06
961.506490965	0.17434659516016765	1.342321402614255e-06
962.7159330920001	0.1743352750972419	1.3636400875011168e-06
963.9253752190001	0.17432397181193413	1.3849106244023801e-06
965.1348173460001	0.1743126852920018	1.4060985160241346e-06
966.3442594730001	0.17430141552596545	1.4271678380334274e-06
967.5537016000001	0.1742901625031058	1.4480814724965319e-06
968.763143727	0.17427892621351138	1.4688013866837046e-06
969.972585854	0.17426770664812413	1.489288921074916e-06
971.182027981	0.1742565037988223	1.5095051196789555e-06
972.391470108	0.17424531765852364	1.529411054718155e-06
973.600912235	0.1742341482213145	1.5489681767788532e-06
974.8103543620001	0.17422299548259002	1.5681386688476406e-06
976.0197964890001	0.17421185943922735	1.58688579642019e-06
977.2292386160001	0.17420074008976022	1.6051742501993482e-06
978.4386807430001	0.1741896374345744	1.6229704785791776e-06
979.6481228700001	0.1741785514761037	1.64024300372545e-06
980.857564997	0.17416748221902	1.6569627096507666e-06
982.067007124	0.17415642967043954	1.6731030962613413e-06
983.276449251	0.1741453938400932	1.6886405069804766e-06
984.485891378	0.17413437474049942	1.7035543186660895e-06
985.6953335050001	0.17412337238710934	1.7178270787232552e-06
986.9047756320001	0.1741123867984128	1.731444617208977e-06
988.1142177590001	0.17410141799603446	1.7443960887431054e-06
989.3236598860001	0.17409046600478062	1.756673998085101e-06
990.5331020130001	0.1740795308526388	1.7682741537267122e-06
991.7425441400001	0.1740686125707556	1.779195590925764e-06
992.951986267	0.17405771119334917	1.7894404543972176e-06
994.161428394	0.17404682675758404	1.7990138333479067e-06
995.370870521	0.17403595930340177	1.807923565758096e-06
996.580312648	0.17402510887329828	1.8161800068028366e-06
997.7897547750001	0.17401427551206944	1.8237957807309968e-06
998.9991969020001	0.1740034592665072	1.830785497980436e-06
1000.2086390290001	0.17399266018505294	1.8371654653681624e-06
1001.4180811560001	0.17398187831743098	1.8429533786418206e-06
1002.6275232830001	0.17397111371423746	1.8481680171406056e-06
1003.8369654100001	0.17396036642652227	1.8528289307540025e-06
1005.046407537	0.1739496365053428	1.8569561430481496e-06
1006.255849664	0.17393892400130673	1.8605698529350345e-06
1007.465291791	0.17392822896411678	1.8636901631258196e-06
1008.674733918	0.17391755144211163	1.8663368290261495e-06
1009.8841760450001	0.17390689148181937	1.8685290167769208e-06
1011.0936181720001	0.17389624912751794	1.8702851061896952e-06
1012.3030602990001	0.1738856244208279	1.8716225143600163e-06
1013.5125024260001	0.1738750174003279	1.8725575555711416e-06
1014.7219445530001	0.173864428101197	1.8731053290088617e-06
1015.9313866800001	0.17385385655489344	1.8732796432108234e-06
1017.140828807	0.173843302788881	1.873092974100099e-06
1018.350270934	0.17383276682639653	1.8725564549654239e-06
1019.559713061	0.17382224868625368	1.8716798960288772e-06
1020.769155188	0.17381174838271474	1.8704718412199117e-06
1021.9785973150001	0.17380126592539225	1.8689396437954198e-06
1023.1880394420001	0.17379080131920327	1.867089568494129e-06
1024.397481569	0.17378035456438257	1.8649269225706755e-06
1025.606923696	0.1737699256565285	1.862456193837958e-06
1026.816365823	0.1737595145867053	1.8596812123988782e-06
1028.0258079500002	0.173749121341586	1.8566053196084065e-06
1029.235250077	0.1737387459036276	1.8532315474023564e-06
1030.4446922040001	0.17372838825128867	1.8495627907566536e-06
1031.654134331	0.17371804835927512	1.8456020014906427e-06
1032.8635764580001	0.17370772619882285	1.8413523563687306e-06
1034.073018585	0.17369742173798441	1.8368174312249907e-06
1035.282460712	0.17368713494195387	1.83200136358308e-06
1036.491902839	0.17367686577339447	1.8269089982481113e-06
1037.701344966	0.1736666141927738	1.8215460215603718e-06
1038.9107870930002	0.17365638015871054	1.81591908632317e-06
1040.12022922	0.17364616362830815	1.8100358987194198e-06
1041.3296713470002	0.17363596455750435	1.8039053078372502e-06
1042.539113474	0.17362578290138247	1.7975373590300991e-06
1043.7485556010001	0.17361561861449468	1.7909433319696078e-06
1044.957997728	0.17360547165116275	1.7841357577152994e-06
1046.167439855	0.17359534196574875	1.7771284119283415e-06
1047.376881982	0.17358522951292402	1.769936292514429e-06
1048.586324109	0.17357513424788523	1.762575568817204e-06
1049.795766236	0.17356505612658718	1.7550635220547894e-06
1051.005208363	0.17355499510590033	1.7474184620808186e-06
1052.2146504900002	0.17354495114378038	1.7396596325297553e-06
1053.424092617	0.17353492419938998	1.7318070949789988e-06
1054.6335347440001	0.17352491423320152	1.7238816118203548e-06
1055.842976871	0.17351492120706208	1.7159045092030034e-06
1057.0524189980001	0.1735049450842478	1.707897538227865e-06
1058.261861125	0.17349498582948142	1.6998827284814277e-06
1059.471303252	0.17348504340892973	1.6918822347694595e-06
1060.680745379	0.17347511779017827	1.6839181899153122e-06
1061.890187506	0.1734652089421866	1.6760125501613654e-06
1063.0996296330002	0.17345531683522977	1.6681869435541952e-06
1064.30907176	0.1734454414408166	1.6604625298760611e-06
1065.5185138870002	0.17343558273159496	1.6528598563159136e-06
1066.727956014	0.17342574068125385	1.6453987303766127e-06
1067.9373981410001	0.1734159152644114	1.6380980925184696e-06
1069.146840268	0.17340610645649318	1.6309759038879434e-06
1070.356282395	0.17339631423361143	1.6240490413599318e-06
1071.565724522	0.17338653857243697	1.6173332115648753e-06
1072.775166649	0.17337677945007632	1.6108428693983878e-06
1073.9846087760002	0.17336703684394958	1.6045911510192967e-06
1075.194050903	0.1733573107316686	1.5985898253606523e-06
1076.4034930300002	0.1733476010909185	1.5928492514971637e-06
1077.612935157	0.17333790789935238	1.5873783546088704e-06
1078.8223772840001	0.1733282311344913	1.582184610701698e-06
1080.031819411	0.1733185707736276	1.5772740506458938e-06
1081.2412615380001	0.1733089267937459	1.5726512696406791e-06
1082.450703665	0.17329929917144518	1.5683194503346432e-06
1083.660145792	0.17328968788288096	1.5642803933707539e-06
1084.869587919	0.17328009290370872	1.5605345697472517e-06
1086.079030046	0.17327051420905126	1.5570811683629504e-06
1087.2884721730002	0.1732609517734598	1.5539181583146267e-06
1088.4979143	0.17325140557089586	1.5510423609366164e-06
1089.7073564270001	0.17324187557472798	1.5484495172607415e-06
1090.916798554	0.173232361757723	1.5461343764178181e-06
1092.1262406810001	0.17322286409206372	1.5440907742136911e-06
1093.335682808	0.17321338254936414	1.5423117222523874e-06
1094.545124935	0.1732039171006938	1.540789497420092e-06
1095.754567062	0.17319446771661232	1.539515730272778e-06
1096.964009189	0.17318503436720523	1.5384814964908289e-06
1098.1734513160002	0.1731756170221312	1.5376774065434251e-06
1099.382893443	0.17316621565067136	1.537093691841851e-06
1100.5923355700002	0.1731568302217778	1.5367202934740698e-06
1101.801777697	0.17314746070412582	1.5365469431261047e-06
1103.0112198240001	0.173138107066179	1.5365632402702945e-06
1104.220661951	0.17312876927624055	1.5367587306441832e-06
1105.430104078	0.1731194473025066	1.5371229743071924e-06
1106.639546205	0.17311014111313194	1.537645608770677e-06
1107.848988332	0.17310085067628125	1.5383164154586515e-06
1109.058430459	0.17309157596017988	1.5391253664343019e-06
1110.267872586	0.17308231693317425	1.5400626761363778e-06
1111.4773147130002	0.1730730735637676	1.541118847897538e-06
1112.68675684	0.17306384582067774	1.5422847047669164e-06
1113.8961989670001	0.17305463367287355	1.5435514283262952e-06
1115.105641094	0.17304543708961734	1.5449105776610406e-06
1116.3150832210001	0.17303625604049383	1.5463541166854666e-06
1117.524525348	0.17302709049544412	1.5478744216229634e-06
1118.733967475	0.1730179404247955	1.5494643045843581e-06
1119.943409602	0.17300880579927702	1.551117004297553e-06
1121.152851729	0.1729996865900411	1.5528261984171232e-06
1122.3622938560002	0.17299058276868007	1.5545859997079248e-06
1123.571735983	0.17298149430723586	1.5563909473159665e-06
1124.7811781100002	0.17297242117820666	1.5582360020915953e-06
1125.990620237	0.17296336335454682	1.5601165287842944e-06
1127.2000623640001	0.17295432080967738	1.562028288742967e-06
1128.409504491	0.17294529351747456	1.5639674220135902e-06
1129.618946618	0.17293628145226797	1.5659304249127093e-06
1130.828388745	0.17292728458883588	1.5679141354973947e-06
1132.037830872	0.1729183029023897	1.569915712665293e-06
1133.2472729990002	0.17290933636856942	1.5719326129509659e-06
1134.456715126	0.172900384963425	1.573962572234966e-06
1135.6661572530002	0.1728914486634068	1.576003581776897e-06
1136.87559938	0.17288252744535065	1.5780538653448195e-06
1138.0850415070001	0.17287362128645753	1.5801118632557953e-06
1139.294483634	0.17286473016428255	1.58217620732648e-06
1140.5039257610001	0.17285585405671458	1.5842457020132095e-06
1141.713367888	0.1728469929419592	1.5863193074533433e-06
1142.922810015	0.1728381467985245	1.5883961157481252e-06
1144.132252142	0.17282931560520484	1.5904753387363524e-06
1145.341694269	0.17282049934105964	1.5925562920904301e-06
1146.5511363960002	0.17281169798540325	1.594638374083357e-06
1147.760578523	0.17280291151778582	1.5967210586914637e-06
1148.9700206500002	0.17279413991798118	1.5988038775116564e-06
1150.179462777	0.17278538316597036	1.6008864128086442e-06
1151.3889049040001	0.17277664124192893	1.6029682824575398e-06
1152.598347031	0.17276791412621362	1.6050491332408878e-06
1153.807789158	0.17275920179935172	1.6071286331326151e-06
1155.017231285	0.1727505042420258	1.609206457850454e-06
1156.226673412	0.17274182143506528	1.611282292299232e-06
1157.4361155390002	0.17273315335943654	1.613355819579665e-06
1158.645557666	0.17272449999623365	1.6154267160617408e-06
1159.8549997930002	0.1727158613266661	1.6174946503300092e-06
1161.06444192	0.17270723733205504	1.619559276147542e-06
1162.2738840470001	0.17269862799381858	1.6216202329832896e-06
1163.483326174	0.1726900332934662	1.6236771392674765e-06
1164.6927683010001	0.17268145321259604	1.6257295934463123e-06
1165.902210428	0.17267288773287723	1.6277771720252243e-06
1167.111652555	0.17266433683605883	1.629819426710033e-06
1168.321094682	0.1726558005039468	1.6318558849065523e-06
1169.530536809	0.17264727871840338	1.6338860481662776e-06
1170.7399789360002	0.1726387714613447	1.6359093940737646e-06
1171.949421063	0.1726302787147321	1.6379253744286393e-06
1173.1588631900001	0.17262180046056155	1.6399334125116738e-06
1174.368305317	0.17261333668086448	1.6419329092742796e-06
1175.5777474440001	0.17260488735769713	1.6439232394666048e-06
1176.787189571	0.1725964524731357	1.6459037537885912e-06
1177.996631698	0.1725880320092737	1.6478737786124187e-06
1179.206073825	0.17257962594821116	1.6498326183833623e-06
1180.415515952	0.1725712342720534	1.651779556882671e-06
1181.6249580790002	0.17256285696290452	1.6537138562006115e-06
1182.834400206	0.1725544940028621	1.6556347597340704e-06
1184.0438423330002	0.17254614537400959	1.657541493491066e-06
1185.25328446	0.17253781105841443	1.6594332687275282e-06
1186.4627265870001	0.17252949103812545	1.6613092794631745e-06
1187.672168714	0.17252118529516747	1.6631687148743746e-06
1188.881610841	0.1725128938115314	1.6650107478727305e-06
1190.091052968	0.17250461656917448	1.6668345488718428e-06
1191.300495095	0.17249635355001877	1.668639278987194e-06
1192.5099372220002	0.17248810473594975	1.670424098210166e-06
1193.719379349	0.1724798701088039	1.672188169557498e-06
1194.9288214760002	0.17247164965037187	1.673930658724343e-06
1196.138263603	0.17246344334240002	1.6756507360410344e-06
1197.3477057300001	0.17245525116658603	1.6773475822323691e-06
1198.557147857	0.17244707310456991	1.6790203890282296e-06
1199.7665899840001	0.17243890913794452	1.6806683640485653e-06
1200.976032111	0.17243075924824464	1.6822907362018524e-06
1202.185474238	0.17242262341695558	1.6838867518687017e-06
1203.394916365	0.1724145016255036	1.685455683922421e-06
1204.604358492	0.17240639385526074	1.6869968353788733e-06
1205.8138006190002	0.1723983000875482	1.68850953799482e-06
1207.023242746	0.1723902203036311	1.689993160067238e-06
1208.2326848730002	0.17238215448472458	1.69144710297775e-06
1209.442127	0.1723741026119881	1.6928708101299206e-06
