0.0	1.0	0.0
1.209442127	0.9993668862953622	-7.006023539091188e-11
2.418884254	0.9974718739353751	-2.0475743323089546e-10
3.6283263810000004	0.9943273983657057	-3.1596569805003583e-10
4.837768508	0.9899535930710671	-3.5223148009411176e-10
6.047210635000001	0.9843779629640571	-2.829825540562325e-10
7.256652762000001	0.9776350017142624	-8.936881096266447e-11
8.466094889	0.9697657527274226	2.404409241152372e-10
9.675537016	0.9608173167243029	7.087267751837434e-10
10.884979143	0.9508423109928695	1.3316134458117579e-09
12.094421270000002	0.9398982867355967	2.100062753904175e-09
13.303863397	0.9280471124146592	3.001446688410958e-09
14.513305524000002	0.9153543311011083	4.028193799354707e-09
15.722747651	0.9018885003758713	5.180717216335395e-09
16.932189778	0.8877205234557008	6.444268833838418e-09
18.141631905	0.8729229801995403	7.782826612345861e-09
19.351074032	0.8575694662162106	9.143424219149043e-09
20.560516159000002	0.8417339480640422	1.0440278391810054e-08
21.769958286	0.8254901420457967	1.1539241499824993e-08
22.979400413	0.8089109231430109	1.2306664617933727e-08
24.188842540000003	0.7920677698958591	1.2676845080605847e-08
25.398284667000002	0.7750302504274157	1.2632384679966968e-08
26.607726794	0.7578655539933098	1.2139752925133251e-08
27.817168921	0.7406380716532676	1.1111296910337742e-08
29.026611048000003	0.7234090287320829	9.408895586260346e-09
30.236053175000002	0.7062361707098648	6.863611005936132e-09
31.445495302	0.6891735033233988	3.292100328455838e-09
32.654937429	0.6722710868998801	-1.4952725099770525e-09
33.864379556	0.6555748842008895	-7.692018091920438e-09
35.073821683000006	0.6391266603457016	-1.5494173284669177e-08
36.28326381	0.6229639327379763	-2.510081540535447e-08
37.492705937000004	0.6071199683400654	-3.6725966635897667e-08
38.702148064	0.5916238251240348	-5.060819051674881e-08
39.911590191	0.5765004341851703	-6.694928587902549e-08
41.121032318000005	0.5617707186873632	-8.584782611176234e-08
42.330474445	0.5474517454185691	-1.0731426189694582e-07
43.539916572	0.533556904651666	-1.3132462596890382e-07
44.749358699000005	0.520096113928958	-1.5787449151108413e-07
45.958800826	0.507076041420897	-1.8694679976977158e-07
47.168242953000004	0.4945003445562618	-2.18430433129857e-07
48.377685080000006	0.4823699196905576	-2.5205998394756124e-07
49.587127207	0.4706831587557031	-2.873827699041709e-07
50.796569334000004	0.4594362090864017	-3.237443070916446e-07
52.00601146100001	0.44862323290951345	-3.602977726897827e-07
53.215453588	0.438236663304031	-3.960501806198058e-07
54.424895715000005	0.42826745372763403	-4.299247971378817e-07
55.634337842	0.4187053183533536	-4.6075503313744437e-07
56.843779969	0.40953896069427104	-4.871667954146897e-07
58.053222096000006	0.4007562888071008	-5.074694112228509e-07
59.262664223	0.39234461613238214	-5.197217977370716e-07
60.472106350000004	0.38429084692588955	-5.219296767451642e-07
61.68154847700001	0.3765816451700297	-5.121944134231157e-07
62.890990604	0.36920358631427097	-4.887559286394401e-07
64.100432731	0.3621432916591896	-4.4997066114089643e-07
65.309874858	0.35538754550130375	-3.9426706243208837e-07
66.519316985	0.3489233953892512	-3.201027182233012e-07
67.728759112	0.34273823605082293	-2.2593569794920887e-07
68.93820123900001	0.3368198777371543	-1.1021618862971233e-07
70.14764336600001	0.33115659989116847	2.8600723376431825e-08
71.357085493	0.3257371911796018	1.9202484139932419e-07
72.56652762	0.32055097703020113	3.814901236827775e-07
73.775969747	0.31558783588655	5.983111847681494e-07
74.98541187400001	0.3108382054329241	8.436432247359987e-07
76.19485400100001	0.30629308005261807	1.1184484762158386e-06
77.404296128	0.3019440007695157	1.4234693179512176e-06
78.613738255	0.2977830388895742	1.7592065299585485e-06
79.823180382	0.29380277451163544	2.125901062140223e-06
81.032622509	0.2899962710198329	2.5235188597164115e-06
82.24206463600001	0.2863570466039399	2.951740625976515e-06
83.45150676300001	0.2828790437774189	3.40996107487182e-06
84.66094889	0.27955659777346936	3.897303962142884e-06
85.870391017	0.2763844045985176	4.412657798647662e-06
87.079833144	0.27335748941639243	4.954732279828511e-06
88.28927527100001	0.2704711758316877	5.522129561258415e-06
89.49871739800001	0.2677210565406276	6.113420591868923e-06
90.708159525	0.2651029657226074	6.727216118225521e-06
91.917601652	0.26261295345469454	7.362224304748727e-06
93.127043779	0.26024726234481327	8.017290580183967e-06
94.33648590600001	0.2580023064979635	8.691419356648272e-06
95.54592803300001	0.25587465285481004	9.383780675310816e-06
96.75537016000001	0.25386100487472857	1.0093707225090204e-05
97.964812287	0.2519581884770859	1.082068805735581e-05
99.174254414	0.2501631401060792	1.1564364614875117e-05
100.383696541	0.24847289674600498	1.2324532557651813e-05
101.59313866800001	0.2468845876853109	1.3101149657933353e-05
102.80258079500001	0.24539542780851029	1.3894346814834202e-05
104.01202292200001	0.2440027121841646	1.4704436388283948e-05
105.221465049	0.2427038117137669	1.5531910417723033e-05
106.430907176	0.24149616960949055	1.6377421411875592e-05
107.64034930300001	0.24037729847670636	1.724174030495393e-05
108.84979143000001	0.23934477778826005	1.8125688810734925e-05
110.05923355700001	0.23839625155077165	1.9030044409562574e-05
111.268675684	0.23752942597927135	1.9955415373782565e-05
112.478117811	0.23674206701787473	2.0902086833602534e-05
113.687559938	0.23603199757377188	2.18698601366675e-05
114.89700206500001	0.23539709436701595	2.2857953261158637e-05
116.10644419200001	0.2348352843235439	2.3865065497539334e-05
117.31588631900001	0.2343445404396086	2.48896409678033e-05
118.525328446	0.2339228770545005	2.5930153229790365e-05
119.734770573	0.23356834454765904	2.6985113300667662e-05
120.94421270000001	0.2332790235851032	2.8052744619960074e-05
122.15365482700001	0.23305301904816741	2.9130583298127288e-05
123.36309695400001	0.23288845369198247	3.0215234830582166e-05
124.572539081	0.23278346153521384	3.130231236340639e-05
125.781981208	0.2327361810191072	3.2386487085585974e-05
126.99142333500001	0.23274474803202333	3.346159346326663e-05
128.200865462	0.23280728892859412	3.4520759169764936e-05
129.410307589	0.23292191367902507	3.555654439670736e-05
130.619749716	0.23308670927836678	3.656108295359631e-05
131.82919184300002	0.23329973353716937	3.75262222423664e-05
133.03863397	0.23355900936635665	3.844366119558351e-05
134.24807609700002	0.23386251966045057	3.930508536936772e-05
135.457518224	0.234208202874286	4.010229761838152e-05
136.666960351	0.23459394937951783	4.0827342432953745e-05
137.87640247800002	0.23501759867853853	4.147262255684708e-05
139.085844605	0.2354769375441388	4.203100821742814e-05
140.29528673200002	0.23596969914148325	4.2495941324775105e-05
141.504728859	0.23649356317305104	4.286153776933768e-05
142.714170986	0.23704615706719367	4.31226885420008e-05
143.92361311300002	0.23762505820913019	4.327515475713306e-05
145.13305524	0.23822779719285003	4.331564625829551e-05
146.34249736700002	0.2388518620558469	4.324187269309082e-05
147.551939494	0.23949470344629412	4.305256169885932e-05
148.761381621	0.24015374066235368	4.274744769950864e-05
149.97082374800002	0.24082636849410727	4.232724128682558e-05
151.180265875	0.2415099647891317	4.179359001756089e-05
152.38970800200002	0.24220189865380473	4.1149037683308604e-05
153.599150129	0.24289953919496635	4.039698394488894e-05
154.808592256	0.2436002647012034	3.9541642249257825e-05
156.018034383	0.24430147215964296	3.85879923701371e-05
157.22747651	0.24500058700255356	3.7541724199136733e-05
158.43691863700002	0.24569507297774518	3.640917101866217e-05
159.646360764	0.24638244203761198	3.519723234260072e-05
160.85580289100002	0.24706026414324844	3.391328811579511e-05
162.065245018	0.24772617688227652	3.2565107133022964e-05
163.274687145	0.24837789480212713	3.1160752845125345e-05
164.48412927200002	0.24901321836457666	2.9708489459052967e-05
165.693571399	0.2496300424329846	2.8216690582932163e-05
166.90301352600002	0.2502263642108734	2.66937519988672e-05
168.112455653	0.25080029055901903	2.514800970472228e-05
169.32189778	0.25135004462773863	2.3587664191887514e-05
170.53133990700002	0.25187397175091775	2.2020711998464726e-05
171.740782034	0.252370544558299	2.0454885816947183e-05
172.95022416100002	0.25283836727229875	1.8897604634145193e-05
174.159666288	0.2532761791649971	1.7355935371554665e-05
175.369108415	0.2536828571599834	1.5836567031166787e-05
176.57855054200002	0.2540574175722281	1.434579732708871e-05
177.787992669	0.25439901698736195	1.2889530082941386e-05
178.99743479600002	0.254706952289749	1.1473279429959765e-05
180.206876923	0.2549806598567256	1.0102174586607005e-05
181.41631905	0.25521971394455517	8.780957153151775e-06
182.62576117700002	0.25542382429991467	7.513962654057821e-06
183.835203304	0.25559283303899455	6.30508030367849e-06
185.04464543100002	0.25572671084486276	5.157690547586552e-06
186.254087558	0.25582555254242506	4.074588467354451e-06
187.46352968500003	0.25588957211802654	3.0579099112998387e-06
188.67297181200001	0.25591909725464207	2.1090814352059395e-06
189.882413939	0.25591456345035446	1.228810624153559e-06
191.09185606600002	0.2558765077780577	4.171209897693706e-07
192.301298193	0.2558055623342131	-3.265778994974988e-07
193.51074032000002	0.25570244742154613	-1.0034014057691554e-06
194.720182447	0.2555679645155868	-1.6148968426145383e-06
195.929624574	0.2554029890724997	-2.162955574515346e-06
197.13906670100002	0.2552084632391879	-2.649733969250362e-06
198.348508828	0.2549853885253874	-3.0775844613410708e-06
199.55795095500002	0.25473481849474633	-3.4489978770826935e-06
200.767393082	0.25445785153300454	-3.7665588858495913e-06
201.976835209	0.25415562375550393	-4.032914447359148e-06
203.18627733600002	0.25382930211202737	-4.250746814517259e-06
204.395719463	0.2534800777247269	-4.4227347911728054e-06
205.60516159000002	0.25310915947282464	-4.55149715880912e-06
206.814603717	0.25271776783792427	-4.639533168586396e-06
208.02404584400003	0.252307129034491	-4.689178565147473e-06
209.23348797100002	0.25187846945261344	-4.702582846516368e-06
210.442930098	0.25143301043563865	-4.681703766367534e-06
211.65237222500002	0.25097196340989264	-4.62831345045614e-06
212.861814352	0.25049652537917244	-4.544011964324052e-06
214.07125647900003	0.25000787479240594	-4.430245732399418e-06
215.28069860600002	0.2495071677889692	-4.288329095377547e-06
216.490140733	0.24899553482240258	-4.119467746817318e-06
217.69958286000002	0.24847407765990528	-3.924783085779149e-06
218.909024987	0.24794386675188984	-3.7053366347301886e-06
220.11846711400003	0.24740593896304616	-3.462153795291689e-06
221.32790924100001	0.24686129565397608	-3.1962463170193134e-06
222.537351368	0.2463109011002465	-2.90863290271573e-06
223.74679349500002	0.24575568123387737	-2.6003574935540286e-06
224.956235622	0.2451965226907823	-2.2725048197912157e-06
226.16567774900003	0.24463427214630254	-1.9262128928589084e-06
227.375119876	0.24406973592010542	-1.5626822490559522e-06
228.584562003	0.2435036798308556	-1.1831817736934064e-06
229.79400413000002	0.24293682928063573	-7.890511113158721e-07
231.003446257	0.24236986954881568	-3.8169970066094516e-07
232.21288838400002	0.24180344627500588	3.739740138224146e-08
233.422330511	0.24123816611090096	4.667066678988585e-07
234.63177263800003	0.24067459752118386	9.046458804579799e-07
235.84121476500002	0.24011327171414093	1.349596155263491e-06
237.050656892	0.23955468368331284	1.7999157460625581e-06
238.26009901900002	0.23899929334230718	2.253955130565588e-06
239.469541146	0.2384475267357365	2.7100728477637975e-06
240.67898327300003	0.23789977731027617	3.166651561470335e-06
241.88842540000002	0.23735640723085463	3.6221138366102773e-06
243.097867527	0.23681774872807942	4.07493717350868e-06
244.30730965400002	0.23628410546423165	4.5236679021790765e-06
245.516751781	0.23575575390620226	4.966933629741571e-06
246.72619390800003	0.23523294469503114	5.403454023618359e-06
247.93563603500002	0.23471590400278144	5.8320497764163814e-06
249.145078162	0.23420483486856067	6.251649709238319e-06
250.35452028900002	0.23369991850654454	6.6612959709506925e-06
251.563962416	0.23320131557981608	7.060147384935558e-06
252.77340454300003	0.23270916743481979	7.447480970052683e-06
253.98284667000001	0.2322235972921191	7.822691759805031e-06
255.192288797	0.2317447113901733	8.185290947558543e-06
256.401730924	0.23127260007968706	8.534902500420896e-06
257.61117305100004	0.23080733886699104	8.871258299658277e-06
258.820615178	0.230348989405666	9.194191935369203e-06
260.030057305	0.22989760043626348	9.503631209441601e-06
261.239499432	0.22945320867455468	9.799589479575835e-06
262.448941559	0.22901583964915512	1.0082155937689644e-05
263.65838368600004	0.22858550848978174	1.0351484917691528e-05
264.867825813	0.22816222066769787	1.0607784380615298e-05
266.07726794	0.22774597269012745	1.08513036733357e-05
267.286710067	0.2273367527506349	1.1082320728763792e-05
268.49615219400005	0.2269345413375473	1.1301128847011205e-05
269.70559432100004	0.2265393118025914	1.1508023271492723e-05
270.915036448	0.2261510308918905	1.1703287749837907e-05
272.124478575	0.22576965924140419	1.188718137355542e-05
273.333920702	0.22539515183879358	1.2059925973443783e-05
274.54336282900005	0.2250274584536666	1.2221694389804097e-05
275.75280495600003	0.22466652403791465	1.2372599974547552e-05
276.962247083	0.2243122890979583	1.2512687654824689e-05
278.17168921	0.2239646900404972	1.264192687981322e-05
279.381131337	0.22362365949341412	1.2760206726350129e-05
280.59057346400004	0.22328912660340441	1.286733337036404e-05
281.80001559100003	0.2229610173118391	1.296303007912794e-05
283.009457718	0.22263925461032671	1.3046939759973897e-05
284.218899845	0.22232375877737098	1.3118630028303296e-05
285.428341972	0.22201444759740743	1.3177600678464935e-05
286.63778409900004	0.22171123656345038	1.3223293364554578e-05
287.84722622600003	0.22141403906444856	1.3255103236468196e-05
289.056668353	0.22112276655843074	1.3272392244936121e-05
290.26611048	0.22083732873239947	1.327450377478466e-05
291.475552607	0.22055763364985545	1.3260778271708545e-05
292.68499473400004	0.22028358788685468	1.3230569481164842e-05
293.89443686100003	0.2200150966573404	1.3183260943834194e-05
295.103878988	0.21975206392855118	1.3118282363914699e-05
296.313321115	0.21949439252720582	1.3035125507503478e-05
297.522763242	0.21924198423719543	1.2933359293166094e-05
298.73220536900004	0.218994739889427	1.2812643760271719e-05
299.94164749600003	0.21875255944455038	1.2672742641562859e-05
301.151089623	0.21851534206919604	1.2513534303766616e-05
302.36053175	0.21828298620640088	1.2335020861009571e-05
303.569973877	0.21805538964092222	1.213733528674689e-05
304.77941600400004	0.21783244956006437	1.1920746447164829e-05
305.98885813100003	0.2176140626107168	1.1685661966258712e-05
307.198300258	0.2174001249532761	1.1432628907638229e-05
308.407742385	0.2171905323131049	1.1162332310453785e-05
309.617184512	0.21698518003021255	1.08755916272147e-05
310.82662663900004	0.2167839631077848	1.0573355162642184e-05
312.036068766	0.2165867762602132	1.0256692668178177e-05
313.245510893	0.21639351396125023	9.92678621784468e-06
314.45495302	0.21620407049286033	9.584919585189228e-06
315.664395147	0.21601833999533337	9.23246630737777e-06
316.87383727400004	0.2158362165191814	8.870876662365329e-06
318.083279401	0.21565759407927979	8.501663792721478e-06
319.292721528	0.21548236671168539	8.126389207599102e-06
320.502163655	0.21531042853349563	7.746647898931869e-06
321.71160578200005	0.21514167380605834	7.3640532872124714e-06
322.92104790900004	0.21497599700178083	6.980222250691989e-06
324.130490036	0.21481329287470666	6.596760415283898e-06
325.339932163	0.21465345653499848	6.2152479221189855e-06
326.54937429	0.21449638352734354	5.837225844185223e-06
327.75881641700005	0.21434196991328264	5.464183409216797e-06
328.96825854400004	0.21419011235733829	5.097546184076179e-06
330.177700671	0.21404070821680957	4.7386653139799145e-06
331.387142798	0.21389365563498677	4.388807935701983e-06
332.596584925	0.21374885363750062	4.0491488111932955e-06
333.80602705200005	0.21360620223144422	3.72076327176743e-06
335.01546917900004	0.213465602506888	3.4046214597120705e-06
336.224911306	0.21332695674028937	3.101583902671151e-06
337.434353433	0.21319016849932643	2.8123984007703134e-06
338.64379556	0.2130551427485961	2.537698209599884e-06
339.85323768700005	0.21292178595560332	2.278001459495374e-06
341.06267981400003	0.21279000619643318	2.0337117699262275e-06
342.272121941	0.21265971326049618	1.8051199791088018e-06
343.481564068	0.2125308187536958	1.592406909360286e-06
344.691006195	0.21240323619940632	1.3956470963204931e-06
345.90044832200005	0.21227688113657753	1.2148133599690358e-06
347.10989044900003	0.21215167121440243	1.0497821478980263e-06
348.319332576	0.2120275262828862	9.00339525287952e-07
349.528774703	0.21190436847876792	7.66187716808378e-07
350.73821683	0.2117821223062156	6.469521088552782e-07
351.94765895700004	0.21166071471179318	5.421885938359378e-07
353.15710108400003	0.211540075153208	4.513911614923566e-07
354.366543211	0.21142013566141288	3.7399964396278573e-07
355.575985338	0.2113008308956844	3.094075309486438e-07
356.785427465	0.21118209819133038	2.569697576792346e-07
357.99486959200004	0.21106387759977013	2.1601038318296018e-07
359.20431171900003	0.21094611192075535	1.8583010821457413e-07
360.413753846	0.21082874672657956	1.657135363965223e-07
361.623195973	0.210711730378179	1.5493614133332834e-07
362.8326381	0.21059501403308345	1.527708796047328e-07
364.04208022700004	0.21047855164525014	1.5849439484114103e-07
365.25152235400003	0.21036229995683406	1.7139279052426348e-07
366.460964481	0.2102462184820611	1.9076692968356124e-07
367.670406608	0.21013026948337496	2.1593723921291275e-07
368.87984873500005	0.21001441794011477	2.4624800365469213e-07
370.08929086200004	0.2098986315099991	2.810711260663873e-07
371.29873298900003	0.209782880483774	3.198093702742877e-07
372.508175116	0.2096671377333737	3.618990604484229e-07
373.717617243	0.2095513786540343	4.0681226888376887e-07
374.92705937000005	0.20943558110078203	4.540584693062122e-07
376.13650149700004	0.20931972531978432	5.03185715868687e-07
377.34594362400003	0.2092037938750332	5.53781321559893e-07
378.555385751	0.20908777157090172	6.054720879528075e-07
379.764827878	0.2089716453710548	6.57924108141833e-07
380.97427000500005	0.20885540431426117	7.108421572390305e-07
382.18371213200004	0.20873903942763847	7.639687340226659e-07
383.393154259	0.208622543637831	8.170827571069017e-07
384.602596386	0.2085059116806475	8.699979694697796e-07
385.812038513	0.20838914000966377	9.225610963208702e-07
387.02148064000005	0.20827222670425857	9.74649775907499e-07
388.23092276700004	0.20815517137756934	1.0261703358837443e-06
389.440364894	0.2080379750847873	1.0770554211662897e-06
390.649807021	0.20792064023221574	1.1272615422081023e-06
391.859249148	0.20780317048748376	1.1767665735341187e-06
393.06869127500005	0.20768557069127333	1.2255672389629296e-06
394.27813340200004	0.20756784677086038	1.2736766245163844e-06
395.487575529	0.207450005655804	1.3211217497356015e-06
396.697017656	0.20733205519601874	1.367941234207276e-06
397.906459783	0.2072140040824405	1.414183073009806e-06
399.11590191000005	0.20709586177053407	1.4599025677398264e-06
400.32534403700004	0.20697763840673636	1.5051604077311043e-06
401.534786164	0.20685934475801954	1.5500209334115903e-06
402.744228291	0.20674099214464417	1.594550584651383e-06
403.953670418	0.2066225923761782	1.6388165446547948e-06
405.16311254500005	0.20650415769083108	1.6828855855556546e-06
406.37255467200004	0.2063857006981136	1.7268230952252953e-06
407.581996799	0.20626723432482047	1.7706923139161612e-06
408.791438926	0.20614877176429838	1.8145537410791876e-06
410.000881053	0.20603032642896849	1.858464710360018e-06
411.21032318000005	0.20591191190603284	1.9024791257727172e-06
412.41976530700003	0.20579354191626467	1.9466473347214824e-06
413.629207434	0.20567523027582213	1.9910161222136055e-06
414.838649561	0.20555699086095003	2.035628805141694e-06
416.04809168800006	0.205438837575482	2.080525411650609e-06
417.25753381500004	0.20532078432099826	2.125742910680413e-06
418.46697594200003	0.20520284496953053	2.1713154870119794e-06
419.676418069	0.20508503333867234	2.217274843238984e-06
420.885860196	0.20496736316895667	2.263650489562133e-06
422.09530232300006	0.20484984810339463	2.3104700253009577e-06
423.30474445000004	0.20473250166898996	2.357759393591119e-06
424.51418657700003	0.20461533726014908	2.405543080608724e-06
425.723628704	0.2044983681238276	2.4538442666283133e-06
426.933070831	0.20438160734627164	2.502684914396612e-06
428.14251295800005	0.20426506784127613	2.552085785988839e-06
429.35195508500004	0.20414876233977572	2.602066383997244e-06
430.56139721200003	0.2040327033807122	2.652644817281724e-06
431.770839339	0.20391690330302445	2.703837603769063e-06
432.980281466	0.20380137423867842	2.755659394916392e-06
434.18972359300005	0.2036861281066212	2.8081226365259115e-06
435.39916572000004	0.20357117660758153	2.8612371868949604e-06
436.60860784700003	0.20345653121958732	2.9150098708463634e-06
437.818049974	0.20334220319417856	2.969444017698712e-06
439.027492101	0.20322820355317678	3.0245389573829717e-06
440.23693422800005	0.20311454308596322	3.080289526073178e-06
441.44637635500004	0.20300123234719586	3.1366855579176636e-06
442.65581848200003	0.2028882816548926	3.1937114025153146e-06
443.865260609	0.20277570108883078	3.2513454717693693e-06
445.074702736	0.20266350048919338	3.30955981388964e-06
446.28414486300005	0.20255168945542784	3.3683197637433826e-06
447.49358699000004	0.20244027734526093	3.4275836389673076e-06
448.703029117	0.2023292732738272	3.487302511535721e-06
449.912471244	0.20221868611287863	3.5474200718093804e-06
451.121913371	0.20210852449003103	3.6078725664879033e-06
452.33135549800005	0.20199879678803045	3.668588841987397e-06
453.54079762500004	0.20188951114400383	3.729490472724993e-06
454.750239752	0.2017806754486642	3.7904919946846194e-06
455.959681879	0.20167229734547945	3.851501237262661e-06
457.169124006	0.20156438422973705	3.912419742919254e-06
458.37856613300005	0.20145694324755223	3.9731432879179865e-06
459.58800826000004	0.20134998129476528	4.033562479426392e-06
460.797450387	0.20124350501574365	4.093563439454967e-06
462.006892514	0.20113752080207123	4.153028563837723e-06
463.216334641	0.20103203479114354	4.211837331395685e-06
464.42577676800005	0.20092705286464674	4.269867181025226e-06
465.63521889500004	0.2008225806469539	4.326994411645718e-06
466.844661022	0.20071862350342665	4.383095135547174e-06
468.054103149	0.20061518653863264	4.438046230760377e-06
469.26354527600006	0.200512274594506	4.4917263097056515e-06
470.47298740300005	0.20040989224846045	4.544016678868779e-06
471.68242953000004	0.20030804381145725	4.594802284487234e-06
472.891871657	0.2002067333260744	4.643972629928342e-06
474.101313784	0.200105964564574	4.69142264618045e-06
475.31075591100006	0.2000057410270061	4.737053520692536e-06
476.52019803800005	0.19990606593936003	4.7807734706618865e-06
477.72964016500003	0.19980694225180237	4.82249843931741e-06
478.939082292	0.19970837263700558	4.86215272284523e-06
480.148524419	0.19961035948861724	4.899669524027414e-06
481.35796654600006	0.19951290491988335	4.934991405151391e-06
482.56740867300005	0.1994160107624441	4.968070669454823e-06
483.77685080000003	0.199319678565342	4.998869639302392e-06
484.986292927	0.19922390959426528	5.0273608488910285e-06
486.195735054	0.19912870483104245	5.053527135616062e-06
487.40517718100006	0.19903406497341658	5.0773616490310675e-06
488.61461930800004	0.19893999043512542	5.098867768124973e-06
489.82406143500003	0.19884648134630226	5.11805892647408e-06
491.033503562	0.1987535375542237	5.13495836303602e-06
492.242945689	0.19866115862441136	5.149598793165525e-06
493.45238781600005	0.19856934384211364	5.162022003486234e-06
494.66182994300004	0.1984780922141792	5.172278391135134e-06
495.87127207000003	0.19838740247132794	5.180426437245353e-06
497.080714197	0.19829727307084244	5.186532136680112e-06
498.290156324	0.1982077021996623	5.1906683756937355e-06
499.49959845100005	0.19811868777791988	5.192914283938706e-06
500.70904057800004	0.19803022746289167	5.193354550630733e-06
501.91848270500003	0.19794231865337622	5.1920787313411085e-06
503.127924832	0.1978549584944995	5.189180537720252e-06
504.337366959	0.19776814388294142	5.184757121693556e-06
505.54680908600005	0.19768187147256966	5.178908366555365e-06
506.75625121300004	0.19759613768047996	5.171736189002116e-06
507.96569334000003	0.1975109386934305	5.163343855258372e-06
509.175135467	0.1974262704746514	5.153835322839473e-06
510.384577594	0.19734212877103793	5.143314606967202e-06
511.59401972100005	0.19725850912065157	5.131885184406909e-06
512.803461848	0.19717540686059618	5.119649431192461e-06
514.0129039750001	0.19709281713517418	5.106708099361645e-06
515.2223461020001	0.19701073490434604	5.093159845011644e-06
516.4317882290001	0.1969291549524474	5.079100790579723e-06
517.641230356	0.19684807189715897	5.064624144436591e-06
518.850672483	0.19676748019867793	5.049819863191252e-06
520.06011461	0.19668737416910528	5.03477436367486e-06
521.269556737	0.19660774798198546	5.019570279410704e-06
522.478998864	0.19652859568200062	5.004286272740181e-06
523.688440991	0.19644991119476365	4.988996886872571e-06
524.897883118	0.1963716883367243	4.9737724373780795e-06
526.1073252450001	0.196293920825124	4.958678960818343e-06
527.3167673720001	0.1962166022879967	4.943778182300157e-06
528.5262094990001	0.19613972627417298	4.929127537728947e-06
529.735651626	0.19606328626329075	4.914780220834514e-06
530.945093753	0.19598727567574897	4.900785260627313e-06
532.15453588	0.19591168788261468	4.887187628708871e-06
533.363978007	0.19583651621543907	4.874028365555328e-06
534.573420134	0.19576175397597473	4.861344730139067e-06
535.782862261	0.1956873944457603	4.849170366739725e-06
536.9923043880001	0.19561343089555888	4.837535479876743e-06
538.2017465150001	0.19553985659462667	4.826467020653362e-06
539.4111886420001	0.19546666481980196	4.815988884984343e-06
540.6206307690001	0.19539384886438566	4.806122108160817e-06
541.830072896	0.19532140204680773	4.796885059914734e-06
543.039515023	0.19524931771905604	4.788293639619492e-06
544.24895715	0.19517758927485326	4.7803614678671585e-06
545.458399277	0.1951062101575759	4.773100065563057e-06
546.667841404	0.19503517386790598	4.766519035190927e-06
547.877283531	0.19496447397118796	4.76062621965331e-06
549.0867256580001	0.1948941041045041	4.7554278523390114e-06
550.2961677850001	0.1948240579834347	4.750928699507901e-06
551.5056099120001	0.19475432940852377	4.7471321839897065e-06
552.715052039	0.19468491227141796	4.744040502301702e-06
553.924494166	0.19461580056069203	4.741654711543607e-06
555.133936293	0.19454698836734408	4.739974819324352e-06
556.34337842	0.19447846988997008	4.738999847855776e-06
557.552820547	0.1944102394396	4.7387278900509755e-06
558.762262674	0.19434229144420212	4.739156145910136e-06
559.971704801	0.19427462045286203	4.740280957482579e-06
561.1811469280001	0.19420722113962108	4.742097816332579e-06
562.3905890550001	0.1941400883069851	4.744601374482432e-06
563.6000311820001	0.19407321688910595	4.747785434627751e-06
564.809473309	0.19400660195463193	4.751642938019118e-06
566.018915436	0.1939402387092387	4.756165944230437e-06
567.228357563	0.19387412249782587	4.761345599319823e-06
568.43779969	0.19380824880641656	4.767172108852916e-06
569.647241817	0.19374261326373016	4.773634694725179e-06
570.856683944	0.19367721164245338	4.780721560876389e-06
572.066126071	0.19361203986021674	4.788419851469057e-06
573.2755681980001	0.19354709398026593	4.7967156080945365e-06
574.4850103250001	0.1934823702118572	4.805593732010692e-06
575.6944524520001	0.19341786491036475	4.815037946733457e-06
576.903894579	0.19335357457712476	4.825030760417619e-06
578.113336706	0.1932894958590052	4.835553438912229e-06
579.322778833	0.19322562554773298	4.84658597262955e-06
580.53222096	0.1931619605789625	4.858107061932182e-06
581.741663087	0.19309849803111762	4.870094096755262e-06
582.951105214	0.1930352351239903	4.882523150416106e-06
584.160547341	0.1929721692171425	4.895368974337615e-06
585.3699894680001	0.19290929780807237	4.908605002877306e-06
586.5794315950001	0.19284661853020463	4.9222033667336955e-06
587.7888737220001	0.19278412915067855	4.936134908131631e-06
588.998315849	0.19272182756795847	4.950369207014013e-06
590.207757976	0.19265971180928346	4.9648746181948054e-06
591.417200103	0.19259778002793881	4.9796183098920095e-06
592.62664223	0.19253603050040136	4.994566303895623e-06
593.836084357	0.19247446162333584	5.009683537794771e-06
595.045526484	0.19241307191046111	5.02493392242221e-06
596.2549686110001	0.19235185998930054	5.040280405091066e-06
597.4644107380001	0.19229082459783053	5.055685043452423e-06
598.6738528650001	0.1922299645810265	5.071109080632703e-06
599.8832949920001	0.19216927888731702	5.086513024815404e-06
601.092737119	0.1921087665649726	5.101856735720972e-06
602.302179246	0.1920484267584155	5.117099513916867e-06
603.511621373	0.19198825870447844	5.132200189888678e-06
604.7210635	0.19192826172861133	5.147117219866243e-06
605.930505627	0.19186843524105146	5.161808782979012e-06
607.139947754	0.1918087787329617	5.176232877586971e-06
608.3493898810001	0.191749291772546	5.190347420040622e-06
609.5588320080001	0.1916899740011548	5.204110341653322e-06
610.7682741350001	0.19163082512938828	5.217479697594649e-06
611.9777162620001	0.19157184493319504	5.230413756815867e-06
613.187158389	0.19151303324998983	5.242871103588922e-06
614.396600516	0.19145438997478711	5.254810735910373e-06
615.606042643	0.19139591505636125	5.266192160866077e-06
616.81548477	0.19133760849344153	5.276975490994644e-06
618.024926897	0.19127947033094322	5.287121534315684e-06
619.234369024	0.19122150065625204	5.2965918811323336e-06
620.4438111510001	0.19116369959555346	5.30534899894795e-06
621.6532532780001	0.19110606731022167	5.313356309219605e-06
622.8626954050001	0.19104860399327508	5.320578269658784e-06
624.072137532	0.19099130986589652	5.326980453661994e-06
625.281579659	0.19093418517403346	5.332529626325255e-06
626.491021786	0.19087723018506558	5.337193804915699e-06
627.700463913	0.1908204451845586	5.340942337717352e-06
628.90990604	0.1907638304731147	5.3437459590721745e-06
630.119348167	0.19070738636329118	5.345576845285213e-06
631.328790294	0.19065111317662917	5.346408676266479e-06
632.5382324210001	0.19059501124076778	5.346216679406228e-06
633.7476745480001	0.1905390808866678	5.344977675050735e-06
634.9571166750001	0.19048332244591995	5.342670121402573e-06
636.166558802	0.19042773624816295	5.339274149581113e-06
637.376000929	0.19037232261861875	5.334771593238806e-06
638.585443056	0.19031708187570212	5.329146021307773e-06
639.794885183	0.19026201432877238	5.322382755219759e-06
641.00432731	0.19020712027597483	5.314468896595349e-06
642.213769437	0.19015240000218644	5.305393334321213e-06
643.4232115640001	0.19009785377708235	5.295146760075009e-06
644.6326536910001	0.19004348185330283	5.283721670592233e-06
645.8420958180001	0.18998928446474553	5.271112373139274e-06
647.0515379450001	0.18993526182494339	5.257314980399016e-06
648.260980072	0.18988141412557086	5.242327408118332e-06
649.470422199	0.1898277415350478	5.2261493582470096e-06
650.679864326	0.18977424419725997	5.208782313126858e-06
651.889306453	0.18972092223037387	5.190229510200093e-06
653.09874858	0.18966777572577312	5.170495923695643e-06
654.308190707	0.18961480474708184	5.149588241207346e-06
655.5176328340001	0.1895620093293077	5.127514828518311e-06
656.7270749610001	0.18950938947807006	5.104285701823443e-06
657.9365170880001	0.1894569451689396	5.079912492305305e-06
659.1459592150001	0.18940467634686817	5.054408408621805e-06
660.355401342	0.18935258292571808	5.027788187400226e-06
661.564843469	0.1893006647878825	5.0000680568741684e-06
662.774285596	0.18924892178399874	4.971265687328573e-06
663.983727723	0.18919735373274382	4.941400140878608e-06
665.19316985	0.18914596042072077	4.910491820563122e-06
666.402611977	0.189094741602434	4.87856241201891e-06
667.6120541040001	0.1890436970003325	4.845634834043473e-06
668.8214962310001	0.18899282630493772	4.8117331729173075e-06
670.0309383580001	0.18894212917504924	4.776882632295983e-06
671.2403804850001	0.18889160523801374	4.741109461574517e-06
672.449822612	0.18884125409007263	4.704440905631789e-06
673.659264739	0.1887910752967658	4.6669051309369564e-06
674.868706866	0.1887410683934053	4.62853116564208e-06
676.078148993	0.18869123288560627	4.5893488364884966e-06
677.28759112	0.18864156824987288	4.5493887024176515e-06
678.497033247	0.18859207393424177	4.508681987179801e-06
679.7064753740001	0.18854274935896884	4.467260520650811e-06
680.9159175010001	0.18849359391726997	4.425156662740356e-06
682.1253596280001	0.18844460697609733	4.382403247881958e-06
683.3348017550001	0.18839578787696187	4.339033517084521e-06
684.544243882	0.1883471359367929	4.29508105102372e-06
685.753686009	0.18829865044882685	4.250579714568364e-06
686.963128136	0.18825033068353103	4.205563584945386e-06
688.172570263	0.18820217588955396	4.160066897608127e-06
689.38201239	0.1881541852946985	4.1141239842204e-06
690.5914545170001	0.18810635810691922	4.067769215216005e-06
691.8008966440001	0.1880586935153311	4.0210369406390185e-06
693.0103387710001	0.18801119069124156	3.973961436966279e-06
694.2197808980001	0.18796384878919203	3.926576850670112e-06
695.429223025	0.18791666694801162	3.878917150735043e-06
696.638665152	0.1878696442918664	3.831016073146541e-06
697.848107279	0.18782277993132324	3.7829070782291778e-06
699.057549406	0.18777607296441765	3.7346233008267796e-06
700.266991533	0.18772952247771246	3.6861975094992392e-06
701.47643366	0.1876831275473531	3.6376620624324575e-06
702.6858757870001	0.18763688724011873	3.589048867908874e-06
703.8953179140001	0.18759080061447186	3.5403893494656558e-06
705.1047600410001	0.18754486672158555	3.4917144086698063e-06
706.3142021680001	0.18749908460636516	3.443054393614613e-06
707.523644295	0.18745345330845692	3.394439070144434e-06
708.733086422	0.18740797186323252	3.345897588115463e-06
709.942528549	0.18736263930275784	3.2974584577283566e-06
711.151970676	0.1873174546567561	3.2491495322735354e-06
712.361412803	0.18727241695352786	3.20099797731805e-06
713.57085493	0.1872275252208564	3.1530302545235925e-06
714.7802970570001	0.18718277848689324	3.105272107610253e-06
715.9897391840001	0.18713817578101663	3.057748541584614e-06
717.1991813110001	0.18709371613465842	3.010483815835878e-06
718.4086234380001	0.18704939858211023	2.9635014236956744e-06
719.618065565	0.18700522216128687	2.9168240933492764e-06
720.827507692	0.18696118591448418	2.8704737705041966e-06
722.036949819	0.18691728888908354	2.8244716157360054e-06
723.246391946	0.18687353013823405	2.7788380035149616e-06
724.455834073	0.18682990872151226	2.7335925126554107e-06
725.6652762	0.18678642370553117	2.6887539251688078e-06
726.8747183270001	0.18674307416453392	2.6443402266335928e-06
728.0841604540001	0.18669985918094678	2.6003686073179362e-06
729.2936025810001	0.1866567778458997	2.5568554614104435e-06
730.5030447080001	0.1866138292597184	2.5138163881011587e-06
731.712486835	0.1865710125323778	2.4712661961970674e-06
732.921928962	0.186528326783925	2.429218905758727e-06
734.131371089	0.1864857711448743	2.3876877519576006e-06
735.340813216	0.1864433447565621	2.3466851877458503e-06
736.550255343	0.1864010467714729	2.306222889765768e-06
737.7596974700001	0.18635887635353843	2.2663117648835847e-06
738.9691395970001	0.18631683267839394	2.226961950032351e-06
740.1785817240001	0.18627491493361734	2.1881828184868913e-06
741.3880238510001	0.1862331223189275	2.149982986345922e-06
742.5974659780001	0.1861914540463594	2.112370315914905e-06
743.806908105	0.18614990934040151	2.0753519191174397e-06
745.016350232	0.1861084874381147	2.0389341616710015e-06
746.225792359	0.18606718758922383	2.0031226699568214e-06
747.435234486	0.186026009056167	1.9679223309355747e-06
748.644676613	0.18598495111413268	1.9333372977933707e-06
749.8541187400001	0.18594401305107103	1.8993709928214278e-06
751.0635608670001	0.1859031941676745	1.8660261116347986e-06
752.2730029940001	0.18586249377734	1.8333046253676225e-06
753.4824451210001	0.1858219112061013	1.8012077843826684e-06
754.6918872480001	0.1857814457925517	1.769736120583532e-06
755.901329375	0.18574109688772975	1.7388894483839933e-06
757.110771502	0.1857008638549987	1.7086668727952982e-06
758.320213629	0.18566074606990254	1.6790667871233124e-06
759.529655756	0.18562074292000172	1.6500868784785996e-06
760.739097883	0.1855808538046967	1.6217241339279952e-06
761.9485400100001	0.18554107813502943	1.5939748391159345e-06
763.1579821370001	0.18550141533347517	1.5668345876789598e-06
764.3674242640001	0.18546186483371857	1.5402982832437152e-06
765.5768663910001	0.18542242608042386	1.5143601486087839e-06
766.786308518	0.18538309852897975	1.4890137283092054e-06
767.995750645	0.18534388164524157	1.4642518974460018e-06
769.205192772	0.18530477490526967	1.4400668706921567e-06
770.414634899	0.18526577779504738	1.416450212090171e-06
771.624077026	0.1852268898101999	1.3933928449380898e-06
772.833519153	0.18518811045570183	1.3708850615275887e-06
774.0429612800001	0.1851494392455874	1.3489165376405704e-06
775.2524034070001	0.1851108757026461	1.327476347707775e-06
776.4618455340001	0.1850724193581196	1.3065529778084179e-06
777.6712876610001	0.1850340697513953	1.2861343452880147e-06
778.880729788	0.18499582642970064	1.2662078141559502e-06
780.090171915	0.18495768894779102	1.2467602161618258e-06
781.299614042	0.18491965686764936	1.2277778718500698e-06
782.509056169	0.1848817297581684	1.2092466143950919e-06
783.718498296	0.18484390719485314	1.1911518112349114e-06
784.9279404230001	0.1848061887595116	1.1734783894573175e-06
786.1373825500001	0.18476857403996483	1.1562108648485725e-06
787.3468246770001	0.18473106262973937	1.1393333670607804e-06
788.5562668040001	0.18469365412778133	1.1228296736056362e-06
789.7657089310001	0.1846563481381754	1.1066832320038092e-06
790.975151058	0.18461914426985768	1.0908771996197232e-06
792.184593185	0.1845820421363463	1.0753944731625893e-06
793.394035312	0.18454504135547545	1.0602177209652732e-06
794.603477439	0.18450814154913556	1.0453294180257089e-06
795.812919566	0.18447134234302115	1.030711880537112e-06
797.0223616930001	0.18443464336638996	1.0163473064601263e-06
798.2318038200001	0.18439804425183054	1.0022178039087535e-06
799.4412459470001	0.18436154463503585	9.883054326580588e-07
800.6506880740001	0.18432514415458723	9.74592241798078e-07
801.8601302010001	0.18428884245174965	9.610603019622691e-07
803.069572328	0.18425263917026857	9.47691744817734e-07
804.279014455	0.1842165339561998	9.344688006712037e-07
805.488456582	0.18418052645771366	9.213738355307553e-07
806.697898709	0.18414461632494183	9.083893820834195e-07
807.907340836	0.18410880320981277	8.954981810096801e-07
809.1167829630001	0.18407308676591153	8.826832115342315e-07
810.3262250900001	0.18403746664833814	8.699277301775325e-07
811.5356672170001	0.1840019425135854	8.572152968307602e-07
812.7451093440001	0.18396651401941472	8.445298119944683e-07
813.9545514710001	0.18393118082475857	8.318555473703273e-07
815.163993598	0.18389594258961567	8.191771723885157e-07
816.373435725	0.18386079897496632	8.06479785195411e-07
817.582877852	0.18382574964269113	7.937489385160396e-07
818.792319979	0.18379079425550235	7.80970661803243e-07
820.001762106	0.18375593247688107	7.681314915671499e-07
821.2112042330001	0.18372116397102306	7.55218488022449e-07
822.4206463600001	0.18368648840279342	7.422192571469172e-07
823.6300884870001	0.1836519054376937	7.291219675002129e-07
824.8395306140001	0.18361741474182153	7.15915372548467e-07
826.0489727410001	0.18358301598185472	7.025888179514224e-07
827.258414868	0.1835487088250345	6.891322599188437e-07
828.467856995	0.1835144929391521	6.755362765703543e-07
829.677299122	0.1834803679925404	6.617920727636055e-07
830.886741249	0.18344633365408558	6.478914940529455e-07
832.0961833760001	0.1834123895932222	6.33827028472065e-07
833.3056255030001	0.1833785354799514	6.195918151989405e-07
834.5150676300001	0.1833447709848515	6.051796382906642e-07
835.7245097570001	0.18331109577910146	5.90584934853991e-07
836.9339518840001	0.1832775095344986	5.758027964877614e-07
838.143394011	0.183244011923489	5.608289591772699e-07
839.352836138	0.18321060261919841	5.456598027359007e-07
840.562278265	0.18317728129545913	5.302923458431683e-07
841.771720392	0.18314404762684597	5.147242409997074e-07
842.981162519	0.18311090128871324	4.989537617226293e-07
844.1906046460001	0.18307784195723498	4.829797996396424e-07
845.4000467730001	0.1830448693094367	4.668018475442737e-07
846.6094889000001	0.18301198302324162	4.5041999238086376e-07
847.8189310270001	0.18297918277750952	4.3383490280269645e-07
849.0283731540001	0.18294646825208066	4.1704781307072905e-07
850.237815281	0.18291383912781306	4.0006051078085754e-07
851.447257408	0.1828812950866263	3.828753243639328e-07
852.656699535	0.18284883581154265	3.654951024180484e-07
853.866141662	0.18281646098672608	3.4792320416409186e-07
855.075583789	0.18278417029752791	3.3016347844062877e-07
856.2850259160001	0.18275196343052041	3.122202485096766e-07
857.4944680430001	0.1827198400735355	2.940982971556469e-07
858.7039101700001	0.18268779991570683	2.758028474537672e-07
859.9133522970001	0.18265584264750112	2.573395461898109e-07
861.1227944240001	0.18262396796075922	2.387144466475203e-07
862.332236551	0.1825921755487179	2.1993399375503687e-07
863.541678678	0.18256046510605112	2.0100500512589166e-07
864.751120805	0.18252883632889724	1.8193465576481563e-07
865.960562932	0.18249728891488512	1.6273045970417385e-07
867.170005059	0.18246582256316313	1.434002563976619e-07
868.3794471860001	0.18243443697442308	1.2395219276786947e-07
869.5888893130001	0.18240313185091894	1.043947110499887e-07
870.7983314400001	0.18237190689649366	8.473653091158571e-08
872.0077735670001	0.18234076181659362	6.498664052679778e-08
873.2172156940001	0.1823096963182852	4.5154273980042153e-08
874.426657821	0.18227871011027197	2.5248908695806385e-08
875.636099948	0.18224780290290718	5.280245944693299e-09
876.845542075	0.18221697440820006	-1.4741796243141272e-08
878.054984202	0.18218622433983236	-3.480709593575888e-08
879.2644263290001	0.18215555241316056	-5.490533709845771e-08
880.4738684560001	0.18212495834522147	-7.502601816070445e-08
881.6833105830001	0.18209444185473958	-9.515846106119934e-08
882.8927527100001	0.18206400266212147	-1.1529182121798251e-07
884.1021948370001	0.18203364048946802	-1.3541508654571315e-07
885.3116369640001	0.1820033550605635	-1.5551709209500088e-07
886.521079091	0.1819731461008755	-1.7558651892483554e-07
887.730521218	0.18194301333754595	-1.9561189968991463e-07
888.939963345	0.18191295649939815	-2.1558162989834817e-07
890.149405472	0.1818829753169171	-2.3548395440315013e-07
891.3588475990001	0.1818530695222483	-2.55306982086239e-07
892.5682897260001	0.1818232388491856	-2.7503868110572913e-07
893.7777318530001	0.1817934830331598	-2.946668801887334e-07
894.9871739800001	0.18176380181123244	-3.1417926458273543e-07
896.1966161070001	0.18173419492207532	-3.335633790523245e-07
897.406058234	0.18170466210596933	-3.528066231455688e-07
898.615500361	0.181675203104779	-3.718962453336857e-07
899.824942488	0.1816458176619416	-3.9081934054188e-07
901.034384615	0.18161650552245698	-4.095628463496488e-07
902.243826742	0.18158726643286335	-4.2811353748780506e-07
903.4532688690001	0.18155810014123366	-4.4645801727783395e-07
904.6627109960001	0.18152900639714553	-4.6458271402952285e-07
905.8721531230001	0.18149998495167627	-4.824738706898663e-07
907.0815952500001	0.18147103555738298	-5.001175435587202e-07
908.2910373770001	0.18144215796828533	-5.174995878927651e-07
909.500479504	0.18141335193984975	-5.346056587956366e-07
910.709921631	0.18138461722897647	-5.514211920550852e-07
911.919363758	0.18135595359398587	-5.679314101663703e-07
913.128805885	0.18132736079459613	-5.841213058779739e-07
914.338248012	0.18129883859191614	-5.99975644961304e-07
915.5476901390001	0.18127038674843068	-6.154789515418722e-07
916.7571322660001	0.18124200502798965	-6.306155129651939e-07
917.9665743930001	0.18121369319579367	-6.45369373418643e-07
919.1760165200001	0.18118545101838332	-6.59724332098717e-07
920.3854586470001	0.1811572782636342	-6.736639453991736e-07
921.594900774	0.1811291747007421	-6.87171526069473e-07
922.804342901	0.18110114010022238	-7.002301538462478e-07
924.013785028	0.18107317423389876	-7.128226815924892e-07
925.223227155	0.18104527687490174	-7.249317431267874e-07
926.432669282	0.1810174477976605	-7.365397671293093e-07
927.6421114090001	0.18098968677790583	-7.47628995404967e-07
928.8515535360001	0.18096199359266474	-7.581815030651903e-07
930.0609956630001	0.18093436802025648	-7.681792188849075e-07
931.2704377900001	0.1809068098402984	-7.776039583412206e-07
932.4798799170001	0.18087931883369837	-7.86437449423489e-07
933.689322044	0.18085189478266211	-7.9466137338155e-07
934.898764171	0.18082453747068972	-8.022573978151357e-07
936.108206298	0.18079724668257618	-8.092072257661134e-07
937.317648425	0.18077002220441407	-8.154926413130904e-07
938.5270905520001	0.18074286382358562	-8.210955608702226e-07
939.7365326790001	0.18071577132876823	-8.259980871167319e-07
940.9459748060001	0.18068874450992917	-8.30182569958992e-07
942.1554169330001	0.18066178315831927	-8.33631667808768e-07
943.3648590600001	0.1806348870664714	-8.363284146602028e-07
944.5743011870001	0.18060805602818414	-8.382562834670718e-07
945.783743314	0.18058128983852037	-8.393992626297767e-07
946.993185441	0.18055458829378873	-8.397419210930124e-07
948.202627568	0.18052795119152668	-8.392694894657736e-07
949.412069695	0.18050137833048635	-8.379679286283671e-07
950.6215118220001	0.18047486951060937	-8.358240048671889e-07
951.8309539490001	0.18044842453300305	-8.328253712120044e-07
953.0403960760001	0.18042204319990904	-8.289606307017479e-07
954.2498382030001	0.18039572531467737	-8.242194151292584e-07
955.4592803300001	0.18036947068172526	-8.185924525948816e-07
956.6687224570001	0.1803432791064987	-8.12071639330527e-07
957.878164584	0.1803171503954371	-8.046500961107067e-07
959.087606711	0.18029108435591937	-7.9632223694108e-07
960.297048838	0.1802650807962276	-7.870838169658778e-07
961.506490965	0.18023913952548412	-7.769319897267882e-07
962.7159330920001	0.18021326035360744	-7.658653510002854e-07
963.9253752190001	0.18018744309125678	-7.538839769875676e-07
965.1348173460001	0.18016168754976813	-7.409894600567991e-07
966.3442594730001	0.18013599354110935	-7.271849341056354e-07
967.5537016000001	0.1801103608778121	-7.124751013644348e-07
968.763143727	0.18008478937291986	-6.968662383480956e-07
969.972585854	0.1800592788399226	-6.803662081704236e-07
971.182027981	0.18003382909270288	-6.629844605033665e-07
972.391470108	0.18000843994547922	-6.447320243865851e-07
973.600912235	0.17998311121275104	-6.256214961936762e-07
974.8103543620001	0.17995784270924545	-6.056670172238827e-07
976.0197964890001	0.17993263424986372	-5.848842545945476e-07
977.2292386160001	0.17990748564963777	-5.632903569683691e-07
978.4386807430001	0.17988239672368486	-5.409039302798485e-07
979.6481228700001	0.17985736728716223	-5.177449838690909e-07
980.857564997	0.1798323971552384	-4.93834891486522e-07
982.067007124	0.17980748614305772	-4.691963311261732e-07
983.276449251	0.1797826340657069	-4.438532317358433e-07
984.485891378	0.17975784073819986	-4.178307108928213e-07
985.6953335050001	0.17973310597545974	-3.911550127766797e-07
986.9047756320001	0.17970842959230526	-3.6385344382708004e-07
988.1142177590001	0.17968381140343767	-3.3595430247879837e-07
989.3236598860001	0.17965925122344584	-3.0748680470479156e-07
990.5331020130001	0.17963474886680664	-2.7848102201414454e-07
991.7425441400001	0.17961030414789372	-2.489677982248084e-07
992.951986267	0.1795859168809913	-2.18978683767454e-07
994.161428394	0.17956158688030702	-1.8854586088939973e-07
995.370870521	0.1795373139600041	-1.5770206917859603e-07
996.580312648	0.17951309793421805	-1.2648053872299503e-07
997.7897547750001	0.1794889386170989	-9.491490970958694e-08
998.9991969020001	0.1794648358228393	-6.303916633837447e-08
1000.2086390290001	0.17944078936571461	-3.0887570590630575e-08
1001.4180811560001	0.17941679906012728	1.505412488243818e-09
1002.6275232830001	0.17939286472065186	3.4105176671510307e-08
1003.8369654100001	0.1793689861620853	6.687704598830682e-08
1005.046407537	0.17934516319949328	9.978632855688757e-08
1006.255849664	0.179321395648271	1.3279838882371275e-07
1007.465291791	0.1792976833241874	1.6587870230524993e-07
1008.674733918	0.17927402604345472	1.989929213305243e-07
1009.8841760450001	0.17925042362277155	2.321069236844997e-07
1011.0936181720001	0.17922687587939137	2.6518687876696256e-07
1012.3030602990001	0.17920338263118146	2.981992959917405e-07
1013.5125024260001	0.17917994369667772	3.311110853636799e-07
1014.7219445530001	0.17915655889514623	3.6388960517877086e-07
1015.9313866800001	0.17913322804663961	3.9650272094359645e-07
1017.140828807	0.17910995097206323	4.28918850982514e-07
1018.350270934	0.17908672749322158	4.611070226413945e-07
1019.559713061	0.17906355743288405	4.930369206942141e-07
1020.769155188	0.17904044061483676	5.246789373165341e-07
1021.9785973150001	0.17901737686393537	5.560042214561647e-07
1023.1880394420001	0.17899436600615493	5.869847319118007e-07
1024.397481569	0.17897140786864402	6.175932820615647e-07
1025.606923696	0.17894850227976913	6.47803591978871e-07
1026.816365823	0.1789256490691587	6.775903332004347e-07
1028.0258079500002	0.17890284806774628	7.069291777616997e-07
1029.235250077	0.17888009910780261	7.357968469456043e-07
1030.4446922040001	0.17885740202297779	7.641711563199059e-07
1031.654134331	0.17883475664832627	7.920310580570612e-07
1032.8635764580001	0.1788121628203389	8.193566870566202e-07
1034.073018585	0.17878962037695847	8.461294072805575e-07
1035.282460712	0.17876712915760096	8.72331844892129e-07
1036.491902839	0.1787446890031727	8.979479307631016e-07
1037.701344966	0.17872229975607418	9.229629369441467e-07
1038.9107870930002	0.17869996126020246	9.473635071604106e-07
1040.12022922	0.17867767336095317	9.711376909257198e-07
1041.3296713470002	0.17865543590521557	9.942749660276327e-07
1042.539113474	0.178633248741356	1.0167662645552307e-06
1043.7485556010001	0.17861111171920438	1.038603992503228e-06
1044.957997728	0.1785890246900364	1.0597820393025426e-06
1046.167439855	0.17856698750654115	1.0802957924310047e-06
1047.376881982	0.17854500002279475	1.1001421389806795e-06
1048.586324109	0.1785230620942232	1.119319466187825e-06
1049.795766236	0.17850117357756537	1.1378276532918348e-06
1051.005208363	0.1784793343308268	1.1556680620714542e-06
1052.2146504900002	0.17845754421323848	1.1728435137478045e-06
1053.424092617	0.17843580308520535	1.1893582719749857e-06
1054.6335347440001	0.17841411080825517	1.2052180070397205e-06
1055.842976871	0.17839246724498153	1.2204297624323658e-06
1057.0524189980001	0.17837087225899417	1.2350019133939606e-06
1058.261861125	0.1783493257148619	1.2489441173187468e-06
1059.471303252	0.1783278274780526	1.2622672604860156e-06
1060.680745379	0.17830637741487715	1.2749834038478305e-06
1061.890187506	0.1782849753924373	1.2871057150825108e-06
1063.0996296330002	0.17826362127856957	1.298648402250132e-06
1064.30907176	0.17824231494178758	1.3096266424012827e-06
1065.5185138870002	0.17822105625124152	1.3200565031254961e-06
1066.727956014	0.17819984507665673	1.3299548651530928e-06
1067.9373981410001	0.17817868128829686	1.3393393417087535e-06
1069.146840268	0.17815756475691852	1.3482281905233089e-06
1070.356282395	0.17813649535373788	1.356640227144837e-06
1071.565724522	0.17811547295038882	1.3645947463851796e-06
1072.775166649	0.1780944974188991	1.3721114237399447e-06
1073.9846087760002	0.1780735686316641	1.3792102318398863e-06
1075.194050903	0.17805268646142797	1.3859113580563104e-06
1076.4034930300002	0.17803185078126257	1.3922351139832034e-06
1077.612935157	0.17801106146456325	1.398201850361623e-06
1078.8223772840001	0.1779903183850362	1.403831878678003e-06
1080.031819411	0.17796962141670408	1.4091453914254204e-06
1081.2412615380001	0.1779489704338995	1.4141623878457209e-06
1082.450703665	0.17792836531128092	1.4189025988524222e-06
1083.660145792	0.1779078059238421	1.4233854223216248e-06
1084.869587919	0.17788729214692445	1.4276298599823385e-06
1086.079030046	0.17786682385623714	1.431654457305278e-06
1087.2884721730002	0.17784640092787946	1.4354772511116116e-06
1088.4979143	0.1778260232383639	1.4391157220228906e-06
1089.7073564270001	0.17780569066464325	1.4425867505556307e-06
1090.916798554	0.1777854030841342	1.445906577740054e-06
1092.1262406810001	0.1777651603747619	1.449090778195012e-06
1093.335682808	0.17774496241496676	1.4521542298388465e-06
1094.545124935	0.17772480908376156	1.4551110923449913e-06
1095.754567062	0.17770470026074084	1.4579747953605976e-06
1096.964009189	0.17768463582612531	1.4607580236121985e-06
1098.1734513160002	0.17766461566078445	1.4634727147208246e-06
1099.382893443	0.1776446396462677	1.4661300536834149e-06
1100.5923355700002	0.1776247076648319	1.4687404855861716e-06
1101.801777697	0.17760481959946184	1.4713137156748164e-06
1103.0112198240001	0.17758497533389928	1.4738587230701816e-06
1104.220661951	0.17756517475265604	1.476383775719358e-06
1105.430104078	0.1775454177410351	1.478896454480596e-06
1106.639546205	0.17752570418514707	1.4814036706127867e-06
1107.848988332	0.17750603397191245	1.483911688602256e-06
1109.058430459	0.17748640698907991	1.4864261592539146e-06
1110.267872586	0.1774668231252216	1.488952141974649e-06
1111.4773147130002	0.17744728226973933	1.4914941410095264e-06
1112.68675684	0.17742778431285772	1.4940561314600448e-06
1113.8961989670001	0.1774083291456244	1.4966415954791382e-06
1115.105641094	0.17738891665989318	1.4992535537238817e-06
1116.3150832210001	0.1773695467483153	1.5018946002598628e-06
1117.524525348	0.17735021930432943	1.5045669325775349e-06
1118.733967475	0.17733093422212992	1.5072723889412477e-06
1119.943409602	0.17731169139665873	1.5100124788293076e-06
1121.152851729	0.17729249072357614	1.512788414713244e-06
1122.3622938560002	0.17727333209923388	1.5156011425945803e-06
1123.571735983	0.17725421542065006	1.5184513724132362e-06
1124.7811781100002	0.17723514058548245	1.521339609605616e-06
1125.990620237	0.17721610749198735	1.524266177287386e-06
1127.2000623640001	0.17719711603899907	1.5272312433919216e-06
1128.409504491	0.17717816612589096	1.5302348490846447e-06
1129.618946618	0.1771592576525456	1.5332769285436414e-06
1130.828388745	0.17714039051931532	1.5363573284488466e-06
1132.037830872	0.1771215646269909	1.5394758288494667e-06
1133.2472729990002	0.17710277987677397	1.5426321636068281e-06
1134.456715126	0.17708403617023105	1.5458260296781837e-06
1135.6661572530002	0.1770653334092737	1.5490571113347534e-06
1136.87559938	0.17704667149611658	1.5523250833432076e-06
1138.0850415070001	0.17702805033325014	1.5556296296187141e-06
1139.294483634	0.17700946982341265	1.5589704452966327e-06
1140.5039257610001	0.17699092986955892	1.5623472553174741e-06
1141.713367888	0.1769724303748354	1.5657598127875871e-06
1142.922810015	0.17695397124255266	1.5692079035557922e-06
1144.132252142	0.17693555237615927	1.572691360105915e-06
1145.341694269	0.17691717367922632	1.5762100557025274e-06
1146.5511363960002	0.17689883505542464	1.57976391299431e-06
1147.760578523	0.17688053640850218	1.5833528978857064e-06
1148.9700206500002	0.17686227764227108	1.5869770244622376e-06
1150.179462777	0.17684405866059413	1.5906363549558072e-06
1151.3889049040001	0.17682587936736777	1.5943309951654654e-06
1152.598347031	0.17680773966651395	1.5980610968586995e-06
1153.807789158	0.17678963946197046	1.6018268461106232e-06
1155.017231285	0.176771578657682	1.6056284710161232e-06
1156.226673412	0.17675355715760002	1.6094662319749743e-06
1157.4361155390002	0.1767355748656691	1.6133404177171538e-06
1158.645557666	0.1767176316858295	1.6172513394481502e-06
1159.8549997930002	0.17669972752202054	1.6211993281961372e-06
1161.06444192	0.17668186227817034	1.6251847309717293e-06
1162.2738840470001	0.17666403585820725	1.6292079005985997e-06
1163.483326174	0.1766462481660549	1.6332691909056937e-06
1164.6927683010001	0.176628499105641	1.6373689552249583e-06
1165.902210428	0.17661078858089838	1.6415075385725099e-06
1167.111652555	0.17659311649577916	1.645685270266952e-06
1168.321094682	0.17657548275424884	1.6499024549808047e-06
1169.530536809	0.17655788726030194	1.6541593737340668e-06
1170.7399789360002	0.17654032991796878	1.6584562766638888e-06
1171.949421063	0.17652281063132055	1.6627933674610677e-06
1173.1588631900001	0.17650532930448506	1.6671708147342201e-06
1174.368305317	0.17648788584164896	1.6715887308526613e-06
1175.5777474440001	0.17647048014707306	1.676047173237473e-06
1176.787189571	0.17645311212509757	1.6805461408864186e-06
1177.996631698	0.17643578168015617	1.6850855661825793e-06
1179.206073825	0.17641848871678376	1.6896653099156972e-06
1180.415515952	0.17640123313963024	1.6942851600362102e-06
1181.6249580790002	0.1763840148534649	1.6989448248369218e-06
1182.834400206	0.17636683376319492	1.7036439304680094e-06
1184.0438423330002	0.17634968977387008	1.7083820142466295e-06
1185.25328446	0.17633258279069114	1.71315852923095e-06
1186.4627265870001	0.17631551271902607	1.7179728306151477e-06
1187.672168714	0.17629847946441587	1.7228241847508374e-06
1188.881610841	0.17628148293258322	1.727711760478659e-06
1190.091052968	0.17626452302944856	1.7326346287830675e-06
1191.300495095	0.17624759966112735	1.737591762773251e-06
1192.5099372220002	0.1762307127339495	1.7425820378991035e-06
1193.719379349	0.1762138621544611	1.7476042318224222e-06
1194.9288214760002	0.17619704782944218	1.7526570220225551e-06
1196.138263603	0.17618026966589959	1.7577389912802957e-06
1197.3477057300001	0.17616352757108586	1.7628486301021588e-06
1198.557147857	0.1761468214525044	1.7679843332201427e-06
1199.7665899840001	0.1761301512179152	1.7731444062916643e-06
1200.976032111	0.17611351677533946	1.7783270693412512e-06
1202.185474238	0.17609691803306937	1.783530458724248e-06
1203.394916365	0.17608035489967155	1.7887526334988899e-06
1204.604358492	0.17606382728399483	1.7939915783961487e-06
1205.8138006190002	0.17604733509516945	1.7992452083933318e-06
1207.023242746	0.17603087824262362	1.8045113788214481e-06
1208.2326848730002	0.176014456636076	1.8097878854580161e-06
1209.442127	0.17599807018555075	1.8150724764138225e-06
