0.0	0.0	0.0
1.209442127	0.00021842291067158446	2.28120546082026e-08
2.418884254	0.0008715665546072006	2.3481079314903496e-08
3.6283263810000004	0.0019533703503227494	2.394345886911741e-08
4.837768508	0.0034539749059006794	2.4292573273657688e-08
6.047210635000001	0.005359911908754448	2.4585238656200416e-08
7.256652762000001	0.007654315984623333	2.485846341645408e-08
8.466094889	0.01031716841284565	2.514844980275755e-08
9.675537016	0.013325569887612056	2.5477628807910784e-08
10.884979143	0.016654038680127492	2.588528935678334e-08
12.094421270000002	0.020274830022536737	2.637353228828723e-08
13.303863397	0.02415827224130513	2.6935346049205633e-08
14.513305524000002	0.028273114871040277	2.7603808174512297e-08
15.722747651	0.03258688394480794	2.8394166386928703e-08
16.932189778	0.03706623976150177	2.934946865846156e-08
18.141631905	0.04167733200592363	3.052119326360774e-08
19.351074032	0.04638614851338135	3.193023834636814e-08
20.560516159000002	0.05115885344050541	3.366652169675341e-08
21.769958286	0.05596211042145032	3.559548006782515e-08
22.979400413	0.06076338760690475	3.726786036413812e-08
24.188842540000003	0.0655312420527926	3.8638278143177454e-08
25.398284667000002	0.070235579771512	4.0140296241400475e-08
26.607726794	0.07484788999271783	4.189506234422366e-08
27.817168921	0.07934145202590681	4.398002796408146e-08
29.026611048000003	0.0836915134652831	4.6433778287668925e-08
30.236053175000002	0.08787543899081587	4.932005149638555e-08
31.445495302	0.09187282946414335	5.268984672353316e-08
32.654937429	0.09566561150272408	5.654456035125363e-08
33.864379556	0.09923809805671789	6.08522761329916e-08
35.073821683000006	0.10257702090455534	6.555978684322922e-08
36.28326381	0.10567153630106807	7.059607830522258e-08
37.492705937000004	0.10851320529413991	7.586663222560602e-08
38.702148064	0.11109595045997106	8.123826493889458e-08
39.911590191	0.1134159910102449	8.653814710657404e-08
41.121032318000005	0.11547175838592744	9.160061759539567e-08
42.330474445	0.11726379457941094	9.634232694261113e-08
43.539916572	0.11879463551005982	1.0078747041293579e-07
44.749358699000005	0.12006868176689148	1.0504644593588297e-07
45.958800826	0.1210920590272929	1.0930061763829435e-07
47.168242953000004	0.12187247046699556	1.1379743518856456e-07
48.377685080000006	0.1224190433986071	1.1884454610353035e-07
49.587127207	0.12274217226623055	1.247896097046619e-07
50.796569334000004	0.12285336001290194	1.319827069440338e-07
52.00601146100001	0.12276505970836003	1.407385829127472e-07
53.215453588	0.1224905181857819	1.513182103056454e-07
54.424895715000005	0.12204362328382558	1.6393976010400935e-07
55.634337842	0.1214387561114886	1.788162681606864e-07
56.843779969	0.12069064954838504	1.962058234113162e-07
58.053222096000006	0.11981425398150304	2.1645086534585745e-07
59.262664223	0.11882461108606612	2.3997872689723865e-07
60.472106350000004	0.11773673629623561	2.672537913542272e-07
61.68154847700001	0.11656551046200886	2.9871649433535485e-07
62.890990604	0.1153255810081207	3.3476568345527924e-07
64.100432731	0.11403127275296153	3.758060860177548e-07
65.309874858	0.1126965084862944	4.2231497792560857e-07
66.519316985	0.11133473927780194	4.748681252282616e-07
67.728759112	0.10995888428511866	5.341247597510923e-07
68.93820123900001	0.1085812797176846	6.007967095697508e-07
70.14764336600001	0.10721363656083406	6.756087650057474e-07
71.357085493	0.10586700660646672	7.592456987316754e-07
72.56652762	0.10455175627763551	8.522784011484597e-07
73.775969747	0.10327754768772593	9.550561713561612e-07
74.98541187400001	0.1020533263394992	1.0675555533468106e-06
76.19485400100001	0.10088731485196765	1.1891966889866767e-06
77.404296128	0.0997870121202889	1.3186501602105438e-06
78.613738255	0.09875919735053265	1.4536583456195573e-06
79.823180382	0.09780993837487462	1.5909253985764427e-06
81.032622509	0.09694460343219935	1.7262373488424743e-06
82.24206463600001	0.09616787560210807	1.855058677242144e-06
83.45150676300001	0.09548376998749913	1.973531668794659e-06
84.66094889	0.09489565416304671	2.0793651342512764e-06
85.870391017	0.09440627132552448	2.1723250923817716e-06
87.079833144	0.09401776509443246	2.2543452502313266e-06
88.28927527100001	0.09373170531874925	2.329236711423599e-06
89.49871739800001	0.09354911448684416	2.4019916475236103e-06
90.708159525	0.09347049437513555	2.4778130443773444e-06
91.917601652	0.0934958526188126	2.5611122641908818e-06
93.127043779	0.09362472898238784	2.6547209401178717e-06
94.33648590600001	0.0938562212277582	2.759465663661892e-06
95.54592803300001	0.0941890105880128	2.8741053048394333e-06
96.75537016000001	0.09462138691729709	2.995505820981015e-06
97.964812287	0.09515127358176385	3.118888466503364e-06
99.174254414	0.09577625210039227	3.2380620953627315e-06
100.383696541	0.0964935864816263	3.3457212127475933e-06
101.59313866800001	0.09730024718563804	3.4340610964010178e-06
102.80258079500001	0.0981929347076897	3.4959176696005255e-06
104.01202292200001	0.09916810289481952	3.5262256418712966e-06
105.221465049	0.10022198216442757	3.5231112701969002e-06
106.430907176	0.10135060270406694	3.488036852348814e-06
107.64034930300001	0.10254981753609452	3.425080106955427e-06
108.84979143000001	0.10381532516059672	3.3399034807625244e-06
110.05923355700001	0.10514269152208189	3.2388945964581355e-06
111.268675684	0.10652737130247503	3.128640612577553e-06
112.478117811	0.10796472875839488	3.0156614349969267e-06
113.687559938	0.10945005830057283	2.9062683572621956e-06
114.89700206500001	0.110978604870754	2.806466606829726e-06
116.10644419200001	0.11254558407113971	2.7218762818359554e-06
117.31588631900001	0.11414620197281634	2.6576660235892377e-06
118.525328446	0.1157756745332246	2.6184923431473925e-06
119.734770573	0.11742924655957848	2.6084351224513885e-06
120.94421270000001	0.11910221015616826	2.630924242284262e-06
122.15365482700001	0.12078992258798196	2.6886627303730065e-06
123.36309695400001	0.12248782348259783	2.7835645418552296e-06
124.572539081	0.12419145128064804	2.9167352959798623e-06
125.781981208	0.12589645883813508	3.088526164704737e-06
126.99142333500001	0.1275986280872414	3.2986793906840048e-06
128.200865462	0.12929388367868946	3.546557406417135e-06
129.410307589	0.13097830555657702	3.831413864511385e-06
130.619749716	0.1326481404480852	4.152639852125599e-06
131.82919184300002	0.13429981227551407	4.50991585602533e-06
133.03863397	0.13592993150904442	4.903221029485191e-06
134.24807609700002	0.13753530347521342	5.332687335293969e-06
135.457518224	0.1391129356213178	5.798328441382165e-06
136.666960351	0.14066004371196916	6.29971549223271e-06
137.87640247800002	0.14217405690481838	6.835700262818392e-06
139.085844605	0.14365262163240905	7.404278534765482e-06
140.29528673200002	0.1450936042255327	8.002633669733882e-06
141.504728859	0.1464950922541982	8.62732867188895e-06
142.714170986	0.14785539461384456	9.274569312622306e-06
143.92361311300002	0.1491730404187358	9.940462275159073e-06
145.13305524	0.150446776773016	1.0621223832319587e-05
146.34249736700002	0.15167556548353217	1.1313327309173463e-05
147.551939494	0.15285857877161474	1.2013596581014144e-05
148.761381621	0.15399519403989825	1.2719258766775814e-05
149.97082374800002	0.15508498775415708	1.3427968502751839e-05
151.180265875	0.15612772850588158	1.4137813511496886e-05
152.38970800200002	0.15712336932689297	1.4847308552746845e-05
153.599150129	0.15807203933163957	1.555538270061425e-05
154.808592256	0.15897403476597965	1.6261362893903782e-05
156.018034383	0.1598298095431657	1.696495481890315e-05
157.22747651	0.16063996534852648	1.7666220560574528e-05
158.43691863700002	0.16140524139447954	1.8365551267894836e-05
159.646360764	0.1621265039071364	1.906363270433374e-05
160.85580289100002	0.1628047354252784	1.9761401949961897e-05
162.065245018	0.16344102399142385	2.0459994724958235e-05
163.274687145	0.16403655231305575	2.1160684409249645e-05
164.48412927200002	0.16459258696927898	2.1864815224727262e-05
165.693571399	0.16511046773462104	2.2573732942486775e-05
166.90301352600002	0.165591597087331	2.3288716769534782e-05
168.112455653	0.16603742996478454	2.401091601928764e-05
169.32189778	0.16644946382356013	2.47412948543059e-05
170.53133990700002	0.16682922905647082	2.548058749999812e-05
171.740782034	0.16717827981304362	2.622926435746518e-05
172.95022416100002	0.16749818526341728	2.698750611683856e-05
174.159666288	0.16779052133818884	2.7755179797895723e-05
175.369108415	0.1680568629695828	2.8531811009726215e-05
176.57855054200002	0.1682987768541822	2.9316552628097948e-05
177.787992669	0.16851781475474015	3.0108157832183565e-05
178.99743479600002	0.16871550735623694	3.090496719548798e-05
180.206876923	0.16889335868656546	3.1704913206186255e-05
181.41631905	0.16905284110514157	3.250553803873244e-05
182.62576117700002	0.16919539085550672	3.3304018122337024e-05
183.835203304	0.16932240417181416	3.409719166305725e-05
185.04464543100002	0.16943523392405507	3.488158855829331e-05
186.254087558	0.1695351867828846	3.5653463827126954e-05
187.46352968500003	0.16962352088265092	3.640883569344319e-05
188.67297181200001	0.16970144396063885	3.71435286986169e-05
189.882413939	0.1697701119508257	3.7853221381630494e-05
191.09185606600002	0.1698306280095781	3.85334974201605e-05
192.301298193	0.16988404194793982	3.9179898918583096e-05
193.51074032000002	0.16993135004117377	3.97879806293645e-05
194.720182447	0.16997349518288407	4.035336411983923e-05
195.929624574	0.17001136734936376	4.087179107807332e-05
197.13906670100002	0.17004580433982125	4.133917508077241e-05
198.348508828	0.17007759275907003	4.1751651178223784e-05
199.55795095500002	0.17010746921054307	4.210562274362811e-05
200.767393082	0.1701361216688475	4.239780514777875e-05
201.976835209	0.17016419100239394	4.262526595915587e-05
203.18627733600002	0.17019227261811037	4.278546153256048e-05
204.395719463	0.1702209182017554	4.287626995186193e-05
205.60516159000002	0.17025063752904646	4.28960203356938e-05
206.814603717	0.1702819003245747	4.284351845294278e-05
208.02404584400003	0.17031513814731705	4.2718068479595875e-05
209.23348797100002	0.17035074628337804	4.2519490574405294e-05
210.442930098	0.17038908562843197	4.224813381209242e-05
211.65237222500002	0.17043048454407783	4.1904883961783705e-05
212.861814352	0.1704752406741073	4.149116563078453e-05
214.07125647900003	0.1705236227084257	4.100893844461752e-05
215.28069860600002	0.17057587208415015	4.046068713079755e-05
216.490140733	0.1706322046151762	3.984940565890903e-05
217.69958286000002	0.17069281204331588	3.917857580695849e-05
218.909024987	0.17075786350587874	3.845214074949671e-05
220.11846711400003	0.1708275069162845	3.767447437418893e-05
221.32790924100001	0.17090187025595616	3.685034704817118e-05
222.537351368	0.17098106277718447	3.598488850438397e-05
223.74679349500002	0.17106517611805436	3.508354832883545e-05
224.956235622	0.17115428533154492	3.4152054365703746e-05
226.16567774900003	0.17124844983190574	3.319636914270174e-05
227.375119876	0.1713477142620284	3.2222644336346584e-05
228.584562003	0.1714521092860663	3.1237173224070436e-05
229.79400413000002	0.17156165231189235	3.0246341151894326e-05
231.003446257	0.17167634814820945	2.92565741736011e-05
232.21288838400002	0.1717961896012835	2.8274286154856762e-05
233.422330511	0.17192115801638727	2.730582479783944e-05
234.63177263800003	0.17205122376904666	2.6357417146627427e-05
235.84121476500002	0.1721863467113121	2.5435115213379503e-05
237.050656892	0.17232647657817812	2.454474240384634e-05
238.26009901900002	0.17247155335933034	2.369184143658637e-05
239.469541146	0.17262150764129885	2.288162446199664e-05
240.67898327300003	0.1727762609250095	2.211892607510528e-05
241.88842540000002	0.17293572592356526	2.140815991722063e-05
243.097867527	0.17309980684493556	2.0753279535387983e-05
244.30730965400002	0.1732683996639504	2.0157744130446312e-05
245.516751781	0.17344139238777728	1.9624489782115243e-05
246.72619390800003	0.17361866531870235	1.915590663921149e-05
247.93563603500002	0.17380009131773683	1.8753822478904253e-05
249.145078162	0.1739855360722078	1.8419492912867194e-05
250.35452028900002	0.1741748583700844	1.8153598391209766e-05
251.563962416	0.1743679103834847	1.7956248016391674e-05
252.77340454300003	0.17456453796334137	1.7826990031222234e-05
253.98284667000001	0.1747645809468858	1.7764828736293106e-05
255.192288797	0.17496787347920287	1.776824742872468e-05
256.401730924	0.17517424434976303	1.7835236878012764e-05
257.61117305100004	0.17538351734446037	1.7963328730496997e-05
258.820615178	0.1755955116133785	1.8149633174452395e-05
260.030057305	0.1758100420541532	1.839088013868076e-05
261.239499432	0.17602691971052498	1.8683463253312688e-05
262.448941559	0.1762459521853888	1.9023485822583508e-05
263.65838368600004	0.176466944067385	1.9406808052211538e-05
264.867825813	0.17668969736984488	1.982909485130288e-05
266.07726794	0.17691401198071877	2.0285863557786138e-05
267.286710067	0.17713968612193326	2.0772531058293325e-05
268.49615219400005	0.1773665168164525	2.1284459830215458e-05
269.70559432100004	0.17759430036124552	2.1817002535971797e-05
270.915036448	0.1778228328042216	2.2365544843534757e-05
272.124478575	0.1780519104231762	2.292554621833101e-05
273.333920702	0.17828133020469322	2.349257843114322e-05
274.54336282900005	0.1785108903209764	2.4062361532947718e-05
275.75280495600003	0.17874039060253694	2.4630797025811113e-05
276.962247083	0.178969633004713	2.519399795181121e-05
278.17168921	0.1791984220660064	2.5748315599156968e-05
279.381131337	0.17942656535631551	2.6290362553763047e-05
280.59057346400004	0.17965387391317175	2.681703183543202e-05
281.80001559100003	0.17988016266423773	2.7325511937081187e-05
283.009457718	0.1801052508344012	2.78132976560784e-05
284.218899845	0.180328962335956	2.8278196676358863e-05
285.428341972	0.18055112614047042	2.8718331988013962e-05
286.63778409900004	0.18077157663112975	2.9132140286044356e-05
287.84722622600003	0.18099015393444062	2.9518366596578693e-05
289.056668353	0.18120670423037133	2.987605543321517e-05
290.26611048	0.18142108004013513	3.0204538845546997e-05
291.475552607	0.18163314049094514	3.050342176465562e-05
292.68499473400004	0.18184275155725405	3.077256506976017e-05
293.89443686100003	0.18204978627805285	3.101206681624738e-05
295.103878988	0.18225412494999707	3.122224206924054e-05
296.313321115	0.18245565529618152	3.1403601766944594e-05
297.522763242	0.18265427261053588	3.155683103285567e-05
298.73220536900004	0.18284987987787915	3.168276731814815e-05
299.94164749600003	0.18304238786978894	3.178237874243775e-05
301.151089623	0.1832317152164944	3.1856742948126876e-05
302.36053175	0.18341778845511847	3.1907026752521495e-05
303.569973877	0.1836005420546037	3.193446685439624e-05
304.77941600400004	0.18377991841777844	3.194035178693058e-05
305.98885813100003	0.18395586786102758	3.192600529031836e-05
307.198300258	0.18412834857210514	3.1892771219968474e-05
308.407742385	0.18429732654666175	3.184200008090471e-05
309.617184512	0.18446277550408435	3.177503722053346e-05
310.82662663900004	0.18462467678331362	3.1693212709366786e-05
312.036068766	0.18478301921929863	3.1597832870749326e-05
313.245510893	0.18493779900079846	3.1490173411148625e-05
314.45495302	0.1850890195102588	3.137147408258101e-05
315.664395147	0.1852366911465117	3.1242934762039376e-05
316.87383727400004	0.18538083113109735	3.110571284544936e-05
318.083279401	0.18552146329897296	3.096092181057927e-05
319.292721528	0.18565861787446314	3.080963082012847e-05
320.502163655	0.18579233123327435	3.065286520425453e-05
321.71160578200005	0.1859226456514409	3.0491607675715848e-05
322.92104790900004	0.18604960904208906	3.0326800121598108e-05
324.130490036	0.1861732746809231	3.0159345834831347e-05
325.339932163	0.18629370092136477	2.9990112019148002e-05
326.54937429	0.18641095090027276	2.981993245684475e-05
327.75881641700005	0.18652509223523972	2.964961019245177e-05
328.96825854400004	0.18663619671443002	2.9479920139463545e-05
330.177700671	0.1867443399799818	2.9311611496378454e-05
331.387142798	0.18684960120598815	2.9145409887458562e-05
332.596584925	0.1869520627721193	2.8982019169950662e-05
333.80602705200005	0.1870518099339218	2.8822122845439946e-05
335.01546917900004	0.18714893049090114	2.8666385035468894e-05
336.224911306	0.18724351445342852	2.8515451011307952e-05
337.434353433	0.18733565370961142	2.8369947254622274e-05
338.64379556	0.1874254416931757	2.823048106982695e-05
339.85323768700005	0.18751297305348408	2.8097639758455778e-05
341.06267981400003	0.1875983433287512	2.797198939216705e-05
342.272121941	0.18768164862354658	2.7854073212478514e-05
343.481564068	0.187762985291631	2.7744409721038032e-05
344.691006195	0.18784244962516788	2.764349050497078e-05
345.90044832200005	0.18792013755131523	2.755177785111057e-05
347.10989044900003	0.18799614433716422	2.746970222486725e-05
348.319332576	0.18807056430398567	2.7397659665313878e-05
349.528774703	0.18814349055165308	2.7336009159242142e-05
350.73821683	0.18821501469409346	2.7285070058970934e-05
351.94765895700004	0.18828522660657854	2.7245119607503115e-05
353.15710108400003	0.1883542141855649	2.721639061232725e-05
354.366543211	0.18842206312176923	2.719906933050173e-05
355.575985338	0.1884888566870948	2.7193293602508634e-05
356.785427465	0.18855467553593344	2.719915127774586e-05
357.99486959200004	0.1886195975213189	2.7216678965484575e-05
359.20431171900003	0.1886836975263353	2.724586113199423e-05
360.413753846	0.18874704731108205	2.7286629566934673e-05
361.623195973	0.18880971537545327	2.7338863235488314e-05
362.8326381	0.18887176683789889	2.740238851782484e-05
364.04208022700004	0.18893326333024452	2.7476979836151688e-05
365.25152235400003	0.18899426290859658	2.7562360671199576e-05
366.460964481	0.1890548199802693	2.765820494807919e-05
367.670406608	0.1891149852465865	2.7764138782408743e-05
368.87984873500005	0.18917480566137104	2.787974256726264e-05
370.08929086200004	0.18923432440483384	2.80045533665417e-05
371.29873298900003	0.18929358087252612	2.8138067608204226e-05
372.508175116	0.18935261067895875	2.8279744026527e-05
373.717617243	0.1894114456754185	2.8429006832374898e-05
374.92705937000005	0.18947011398147307	2.858524907912302e-05
376.13650149700004	0.1895286400296075	2.874783618462065e-05
377.34594362400003	0.18958704462237264	2.891610957813165e-05
378.555385751	0.1896453450014079	2.908939043504491e-05
379.764827878	0.1897035549276553	2.9266983464931035e-05
380.97427000500005	0.1897616847720389	2.944818072851685e-05
382.18371213200004	0.18981974161589726	2.9632265432559535e-05
383.393154259	0.18987772936039088	2.9818515683552316e-05
384.602596386	0.18993564884412634	3.0006208180693994e-05
385.812038513	0.18999349796820106	3.0194621797319243e-05
387.02148064000005	0.1900512718279065	3.038304104696979e-05
388.23092276700004	0.19010896285027723	3.0570759399297515e-05
389.440364894	0.19016656093672113	3.075708243304928e-05
390.649807021	0.19022405360994787	3.09413308008169e-05
391.859249148	0.19028142616443372	3.112284300224241e-05
393.06869127500005	0.1903386618196789	3.1300977941791513e-05
394.27813340200004	0.19039574187552116	3.147511726841676e-05
395.487575529	0.19045264586881286	3.164466748098796e-05
396.697017656	0.19050935173076025	3.1809061815494394e-05
397.906459783	0.19056583594429552	3.1967761877974704e-05
399.11590191000005	0.19062207370082557	3.2120259065182566e-05
400.32534403700004	0.19067803905579583	3.226607572964779e-05
401.534786164	0.19073370508248289	3.2404766133007495e-05
402.744228291	0.19078904402349367	3.253591716761636e-05
403.953670418	0.1908440274394875	3.265914886806803e-05
405.16311254500005	0.19089862635465019	3.2774114705754614e-05
406.37255467200004	0.19095281139850756	3.288050170107207e-05
407.581996799	0.19100655294368443	3.29780303366875e-05
408.791438926	0.19105982123925802	3.306645430653163e-05
410.000881053	0.19111258653940197	3.314556009985023e-05
411.21032318000005	0.19116481922701917	3.321516644179054e-05
412.41976530700003	0.19121648993213897	3.3275123594508904e-05
413.629207434	0.19126756964484465	3.3325312545420815e-05
414.838649561	0.1913180298225729	3.336564408712092e-05
416.04809168800006	0.19136784249161026	3.3396057805147594e-05
417.25753381500004	0.19141698034268528	3.341652098593981e-05
418.46697594200003	0.19146541682055807	3.342702746464074e-05
419.676418069	0.19151312620754513	3.342759641498938e-05
420.885860196	0.19156008370094094	3.341827110016349e-05
422.09530232300006	0.19160626548431642	3.339911759686967e-05
423.30474445000004	0.19165164879272562	3.3370223492701356e-05
424.51418657700003	0.1916962119718229	3.333169658270921e-05
425.723628704	0.19173993453096233	3.328366355819304e-05
426.933070831	0.19178279719035018	3.322626870554818e-05
428.14251295800005	0.19182478192232277	3.315967261451058e-05
429.35195508500004	0.19186587198686894	3.308405091246441e-05
430.56139721200003	0.19190605196151206	3.299959301587482e-05
431.770839339	0.19194530776567859	3.290650091673439e-05
432.980281466	0.19198362667970165	3.2804987994933255e-05
434.18972359300005	0.19202099735860878	3.2695277867242356e-05
435.39916572000004	0.19205740984086955	3.257760327609466e-05
436.60860784700003	0.1920928555522688	3.24522050104796e-05
437.818049974	0.19212732730507798	3.231933087026809e-05
439.027492101	0.19216081929272855	3.217923466553377e-05
440.23693422800005	0.19219332708016912	3.20321752553393e-05
441.44637635500004	0.19222484759011363	3.187841562631022e-05
442.65581848200003	0.19225537908536394	3.171822200619817e-05
443.865260609	0.19228492114743845	3.155186301335294e-05
445.074702736	0.19231347465168247	3.137960884914276e-05
446.28414486300005	0.19234104173910466	3.120173050935246e-05
447.49358699000004	0.19236762578511996	3.1018499043966585e-05
448.703029117	0.19239323136542108	3.083018484159594e-05
449.912471244	0.1924178642191936	3.0637056947242086e-05
451.121913371	0.19244153120988064	3.043938241169969e-05
452.33135549800005	0.19246424028369952	3.0237425667198337e-05
453.54079762500004	0.1924860004261284	3.003144793957066e-05
454.750239752	0.19250682161656285	2.9821706683370863e-05
455.959681879	0.19252671478134548	2.9608455050508103e-05
457.169124006	0.1925456917453631	2.939194139197493e-05
458.37856613300005	0.1925637651824161	2.9172408781606707e-05
459.58800826000004	0.1925809485645522	2.8950094580419694e-05
460.797450387	0.1925972561105465	2.8725230026938747e-05
462.006892514	0.19261270273371592	2.8498039868124492e-05
463.216334641	0.1926273039892451	2.8268742014021103e-05
464.42577676800005	0.1926410760212105	2.8037547238356914e-05
465.63521889500004	0.19265403550944857	2.7804658909474922e-05
466.844661022	0.19266619961645648	2.7570272764700782e-05
468.054103149	0.19267758593446485	2.733457671473538e-05
469.26354527600006	0.19268821243284873	2.709775069863196e-05
470.47298740300005	0.19269809740600136	2.6859966573256067e-05
471.68242953000004	0.19270725942184702	2.6621388045915823e-05
472.891871657	0.19271571727107506	2.6382170648237002e-05
474.101313784	0.1927234899172715	2.614246175351373e-05
475.31075591100006	0.19273059644802548	2.5902400633819045e-05
476.52019803800005	0.19273705602715543	2.566211856374831e-05
477.72964016500003	0.19274288784813182	2.542173895758726e-05
478.939082292	0.19274811108881326	2.5181377551489192e-05
480.148524419	0.19275274486756916	2.494114262176217e-05
481.35796654600006	0.19275680820090033	2.4701135240678268e-05
482.56740867300005	0.19276031996259801	2.446144956365706e-05
483.77685080000003	0.19276329884453053	2.4222173154085647e-05
484.986292927	0.19276576331911047	2.398338732668981e-05
486.195735054	0.19276773160350935	2.374516752778541e-05
487.40517718100006	0.19276922162564936	2.3507583733099052e-05
488.61461930800004	0.1927702509920187	2.3270700859751026e-05
489.82406143500003	0.1927708369573491	2.303457920080701e-05
491.033503562	0.1927709963961734	2.2799274866036612e-05
492.242945689	0.19277074577629338	2.2564840229156308e-05
493.45238781600005	0.192770101134157	2.233132438031818e-05
494.66182994300004	0.19276907805216842	2.2098773573606123e-05
495.87127207000003	0.1927676916379245	2.1867231671725273e-05
497.080714197	0.19276595650537137	2.163674057612322e-05
498.290156324	0.1927638867578772	2.1407340652947887e-05
499.49959845100005	0.19276149597320497	2.1179071127055277e-05
500.70904057800004	0.19275879719036815	2.0951970464519465e-05
501.91848270500003	0.19275580289833272	2.0726076730825244e-05
503.127924832	0.19275252502656393	2.0501427915171205e-05
504.337366959	0.19274897493735446	2.0278062231274263e-05
505.54680908600005	0.19274516341991624	2.0056018378358798e-05
506.75625121300004	0.19274110068619085	1.9835335771763857e-05
507.96569334000003	0.19273679636833926	1.9616054737974647e-05
509.175135467	0.19273225951785466	1.9398216671948076e-05
510.384577594	0.19272749860625837	1.9181864149859368e-05
511.59401972100005	0.19272252152731903	1.8967041013586566e-05
512.803461848	0.1927173356007551	1.8753792408558734e-05
514.0129039750001	0.1927119475773451	1.8542164790868315e-05
515.2223461020001	0.19270636364539734	1.8332205888076797e-05
516.4317882290001	0.1927005894385186	1.8123964633208478e-05
517.641230356	0.19269463004462684	1.7917491061711366e-05
518.850672483	0.1926884900161298	1.7712836175590163e-05
520.06011461	0.19268217338121493	1.7510051777795688e-05
521.269556737	0.1926756836561928	1.7309190281117326e-05
522.478998864	0.19266902385881185	1.7110304493327122e-05
523.688440991	0.1926621965224951	1.6913447376948332e-05
524.897883118	0.1926552037114239	1.6718671797935625e-05
526.1073252450001	0.19264804703640176	1.6526030253389418e-05
527.3167673720001	0.19264072767144952	1.6335574593462354e-05
528.5262094990001	0.1926332463710247	1.6147355728211854e-05
529.735651626	0.1926256034878584	1.5961423341523395e-05
530.945093753	0.19261779899128623	1.5777825589612104e-05
532.15453588	0.19260983248605384	1.5596608816371982e-05
533.363978007	0.19260170323150158	1.5417817261935418e-05
534.573420134	0.19259341016109047	1.5241492792486544e-05
535.782862261	0.1925849519021873	1.5067674628672922e-05
536.9923043880001	0.19257632679606757	1.4896399100981783e-05
538.2017465150001	0.19256753291805068	1.4727699408703665e-05
539.4111886420001	0.19255856809773536	1.456160541225826e-05
540.6206307690001	0.1925494299392704	1.4398143437774347e-05
541.830072896	0.19254011584159386	1.4237336103208043e-05
543.039515023	0.19253062301860557	1.4079202178531036e-05
544.24895715	0.19252094851920182	1.3923756458519843e-05
545.458399277	0.19251108924714222	1.3771009674243273e-05
546.667841404	0.19250104198068702	1.3620968420849366e-05
547.877283531	0.19249080339195374	1.3473635121129257e-05
549.0867256580001	0.192480370065975	1.3329008007240128e-05
550.2961677850001	0.19246973851937724	1.3187081142458645e-05
551.5056099120001	0.19245890521867948	1.3047844452614143e-05
552.715052039	0.19244786659813762	1.2911283794950212e-05
553.924494166	0.1924366190771277	1.2777381046387426e-05
555.133936293	0.19242515907702168	1.2646114219840021e-05
556.34337842	0.19241348303752162	1.25174575900458e-05
557.552820547	0.19240158743243574	1.2391381855755834e-05
558.762262674	0.19238946878484925	1.2267854306795278e-05
559.971704801	0.19237712368168872	1.2146839015597655e-05
561.1811469280001	0.19236454878765097	1.202829703911279e-05
562.3905890550001	0.19235174085846102	1.1912186632274946e-05
563.6000311820001	0.1923386967534642	1.1798463473364218e-05
564.809473309	0.1923254134475279	1.1687080901559566e-05
566.018915436	0.19231188804223925	1.1577990153173456e-05
567.228357563	0.19229811777639166	1.1471140604880914e-05
568.43779969	0.1922841000357467	1.1366480020209846e-05
569.647241817	0.1922698323620748	1.1263954794185627e-05
570.856683944	0.19225531246146454	1.1163510197649551e-05
572.066126071	0.19224053821190235	1.1065090616754758e-05
573.2755681980001	0.19222550767011565	1.0968639784572631e-05
574.4850103250001	0.19221021907769403	1.087410101363595e-05
575.6944524520001	0.1921946708664873	1.0781417408900484e-05
576.903894579	0.19217886166328046	1.0690532081504556e-05
578.113336706	0.19216279029376812	1.0601388343099705e-05
579.322778833	0.19214645578582096	1.0513929898134378e-05
580.53222096	0.19212985737207758	1.042810100957553e-05
581.741663087	0.1921129944918471	1.034384666738497e-05
582.951105214	0.19209586679236312	1.0261112727769084e-05
584.160547341	0.19207847412939197	1.0179846052615904e-05
585.3699894680001	0.19206081656721458	1.0099994623896658e-05
586.5794315950001	0.19204289437799865	1.0021507643231953e-05
587.7888737220001	0.19202470804058655	9.944335625906853e-06
588.998315849	0.19200625823871575	9.868430471779432e-06
590.207757976	0.19198754585869485	9.793745526745501e-06
591.417200103	0.19196857198654982	9.720235624351148e-06
592.62664223	0.19194933790468316	9.64785712018884e-06
593.836084357	0.19192984508804722	9.576567913838208e-06
595.045526484	0.19191009519987273	9.506327449622376e-06
596.2549686110001	0.19189009008696956	9.43709671462345e-06
597.4644107380001	0.19186983177462788	9.368838222910403e-06
598.6738528650001	0.1918493224611454	9.301515984397324e-06
599.8832949920001	0.19182856451200708	9.235095475110255e-06
601.092737119	0.1918075604537427	9.169543586290407e-06
602.302179246	0.19178631296748927	9.104828574614532e-06
603.511621373	0.19176482488228874	9.040920001257557e-06
604.7210635	0.19174309916813326	8.977788665057163e-06
605.930505627	0.19172113892880704	8.915406532118697e-06
607.139947754	0.19169894739453308	8.853746657676298e-06
608.3493898810001	0.19167652791445094	8.79278310573356e-06
609.5588320080001	0.19165388394896882	8.732490867364995e-06
610.7682741350001	0.1916310190619884	8.67284577463212e-06
611.9777162620001	0.19160793691305142	8.613824411467241e-06
613.187158389	0.19158464124941707	8.555404026514002e-06
614.396600516	0.19156113589810492	8.497562447910834e-06
615.606042643	0.19153742475791696	8.440277989157918e-06
616.81548477	0.1915135117914597	8.38352936605169e-06
618.024926897	0.1914894010172048	8.327295611426644e-06
619.234369024	0.19146509650159568	8.271555988023649e-06
620.4438111510001	0.19144060235121124	8.21628991116985e-06
621.6532532780001	0.1914159227050395	8.161476866871964e-06
622.8626954050001	0.19139106172683906	8.107096337882369e-06
624.072137532	0.19136602359763644	8.053127732533805e-06
625.281579659	0.19134081250836538	7.999550315537785e-06
626.491021786	0.1913154326526614	7.946343145708024e-06
627.700463913	0.19128988821983517	7.893485014433266e-06
628.90990604	0.19126418338803286	7.840954391852284e-06
630.119348167	0.1912383223175978	7.788729375152181e-06
631.328790294	0.19121230914464504	7.73678764379171e-06
632.5382324210001	0.1911861479748709	7.685106417944232e-06
633.7476745480001	0.19115984287758553	7.633662423747745e-06
634.9571166750001	0.19113339788000897	7.582431859803895e-06
636.166558802	0.19110681696180865	7.531390372905733e-06
637.376000929	0.19108010404990516	7.4805130339875014e-06
638.585443056	0.19105326301355088	7.429774325294625e-06
639.794885183	0.19102629765967782	7.379148124465884e-06
641.00432731	0.19099921172853712	7.328607700279877e-06
642.213769437	0.1909720088896083	7.278125705403871e-06
643.4232115640001	0.19094469273780879	7.227674184602517e-06
644.6326536910001	0.19091726678998727	7.177224573710894e-06
645.8420958180001	0.19088973448170862	7.126747712228598e-06
647.0515379450001	0.1908620991643334	7.07621385759305e-06
648.260980072	0.1908343641023853	7.02559269887687e-06
649.470422199	0.19080653247120918	6.9748533815527924e-06
650.679864326	0.19077860735492103	6.923964524903348e-06
651.889306453	0.19075059174463538	6.872894253259765e-06
653.09874858	0.19072248853698143	6.821610223563257e-06
654.308190707	0.19069430053289238	6.770079654161432e-06
655.5176328340001	0.19066603043667196	6.718269361639939e-06
656.7270749610001	0.19063768085532207	6.666145792463829e-06
657.9365170880001	0.1906092542981344	6.613675063368851e-06
659.1459592150001	0.19058075317653783	6.560822995604898e-06
660.355401342	0.19055217980418626	6.50755515541751e-06
661.564843469	0.19052353639729686	6.453836893925702e-06
662.774285596	0.1904948250752136	6.3996333865279365e-06
663.983727723	0.19046604786118415	6.344909674035892e-06
665.19316985	0.19043720668336925	6.289630702184523e-06
666.402611977	0.19040830337603304	6.233761363813595e-06
667.6120541040001	0.19037933968095402	6.177266536538939e-06
668.8214962310001	0.19035031724899953	6.120111124344185e-06
670.0309383580001	0.1903212376418793	6.062260092670746e-06
671.2403804850001	0.1902921023340719	6.003678511105892e-06
672.449822612	0.19026291271489157	5.944331583185303e-06
673.659264739	0.19023367009070544	5.884184688477456e-06
674.868706866	0.1902043756872836	5.8232034108318675e-06
676.078148993	0.19017503065226485	5.761353574572359e-06
677.28759112	0.19014563605773088	5.698601273654291e-06
678.497033247	0.19011619290289147	5.634912902653666e-06
679.7064753740001	0.19008670211684234	5.570255182364703e-06
680.9159175010001	0.19005716456141267	5.504595188228489e-06
682.1253596280001	0.19002758103407552	5.437900373175819e-06
683.3348017550001	0.1899979522709079	5.37013859153862e-06
684.544243882	0.18996827894961288	5.301278121642994e-06
685.753686009	0.18993856169255596	5.231287684911989e-06
686.963128136	0.1899088010698487	5.160136464239795e-06
688.172570263	0.18987899760243343	5.087794125273326e-06
689.38201239	0.1898491517651818	5.01423082490543e-06
690.5914545170001	0.1898192639899886	4.9394172350475385e-06
691.8008966440001	0.18978933466885423	4.863324554571502e-06
693.0103387710001	0.1897593641569499	4.785924520023244e-06
694.2197808980001	0.18972935277564912	4.707189423143465e-06
695.429223025	0.18969930081552688	4.627092120353116e-06
696.638665152	0.18966920853932004	4.545606047338946e-06
697.848107279	0.18963907618482553	4.462705230662278e-06
699.057549406	0.1896089039677538	4.378364301504956e-06
700.266991533	0.1895786920845101	4.292558510060607e-06
701.47643366	0.18954844071490934	4.205263732535991e-06
702.6858757870001	0.18951815002481714	4.116456493626075e-06
703.8953179140001	0.18948782016871127	4.0261139757913345e-06
705.1047600410001	0.18945745129215336	3.934214037590311e-06
706.3142021680001	0.18942704353417927	3.840735229458658e-06
707.523644295	0.1893965970295914	3.745656813144982e-06
708.733086422	0.18936611191115896	3.6489587799115597e-06
709.942528549	0.18933558831171615	3.550621873897597e-06
711.151970676	0.18930502636616317	3.4506276100215727e-06
712.361412803	0.18927442621335985	3.3489583050050342e-06
713.57085493	0.18924378799791297	3.2455971002570694e-06
714.7802970570001	0.1892131118718694	3.1405279873331082e-06
715.9897391840001	0.18918239799628117	3.033735841477536e-06
717.1991813110001	0.189151646542687	2.9252064535842393e-06
718.4086234380001	0.18912085769446207	2.8149265607069207e-06
719.618065565	0.18909003164808263	2.7028838824535995e-06
720.827507692	0.1890591686142642	2.589067158526026e-06
722.036949819	0.18902826881900778	2.4734661863562435e-06
723.246391946	0.18899733250453182	2.356071863662823e-06
724.455834073	0.18896635993010635	2.2368762257543584e-06
725.6652762	0.18893535137278603	2.1158724930053774e-06
726.8747183270001	0.1889043071280301	1.993055114890563e-06
728.0841604540001	0.18887322751025065	1.8684198110491268e-06
729.2936025810001	0.1888421128532367	1.741963619107667e-06
730.5030447080001	0.1888109635105067	1.6136849430026245e-06
731.712486835	0.1887797798555616	1.4835835992765833e-06
732.921928962	0.1887485622820569	1.3516608622088366e-06
734.131371089	0.18871731120388174	1.2179195142750232e-06
735.340813216	0.18868602705517268	1.0823638859694396e-06
736.550255343	0.18865471029023598	9.449999095606509e-07
737.7596974700001	0.18862336138340885	8.058351587195145e-07
738.9691395970001	0.18859198082883916	6.648788931917782e-07
740.1785817240001	0.1885605691402113	5.221421021939232e-07
741.3880238510001	0.1885291268503994	3.7763754263953064e-07
742.5974659780001	0.18849765451106842	2.3137977804565946e-07
743.806908105	0.1884661526922221	8.338521556572331e-08
745.016350232	0.1884346219816871	-6.63278641038767e-08
746.225792359	0.1884030629845697	-2.177392741456452e-07
747.435234486	0.18837147632265194	-3.7082689767486965e-07
748.644676613	0.18833986263375402	-5.255666611012066e-07
749.8541187400001	0.1883082225710664	-6.819325174614588e-07
751.0635608670001	0.18827655680243402	-8.398964296899014e-07
752.2730029940001	0.18824486600963103	-9.994283590442077e-07
753.4824451210001	0.188213150887594	-1.1604962603245506e-06
754.6918872480001	0.1881814121436361	-1.3230660772939329e-06
755.901329375	0.1881496504966486	-1.4871017452108837e-06
757.110771502	0.18811786667628314	-1.6525652000859425e-06
758.320213629	0.18808606142211773	-1.8194163885140724e-06
759.529655756	0.18805423548281308	-1.9876132832385984e-06
760.739097883	0.18802238961527376	-2.1571119110594394e-06
761.9485400100001	0.18799052458378568	-2.327866374662868e-06
763.1579821370001	0.18795864115916622	-2.4998288849359396e-06
764.3674242640001	0.18792674011791388	-2.6729497988806084e-06
765.5768663910001	0.18789482224135715	-2.847177665764311e-06
766.786308518	0.18786288831480905	-3.02245926850353e-06
767.995750645	0.18783093912673476	-3.1987396776830823e-06
769.205192772	0.18779897546792423	-3.375962308933833e-06
770.414634899	0.18776699813067865	-3.5540689796650926e-06
771.624077026	0.18773500790800976	-3.732999981340135e-06
772.833519153	0.1877030055928608	-3.912694142578499e-06
774.0429612800001	0.1876709919773296	-4.093088907357323e-06
775.2524034070001	0.18763896785192866	-4.274120408064019e-06
776.4618455340001	0.1876069340048525	-4.455723549012802e-06
777.6712876610001	0.18757489122127508	-4.637832088517924e-06
778.880729788	0.1875428402826559	-4.820378727392327e-06
780.090171915	0.18751078196608542	-5.003295199271229e-06
781.299614042	0.1874787170436466	-5.186512360727535e-06
782.509056169	0.18744664628180535	-5.369960286098763e-06
783.718498296	0.18741457044082382	-5.553568364097261e-06
784.9279404230001	0.18738249027419962	-5.737265396009439e-06
786.1373825500001	0.18735040652813673	-5.920979696774631e-06
787.3468246770001	0.18731831994104192	-6.104639192240635e-06
788.5562668040001	0.18728623124304972	-6.288171523212427e-06
789.7657089310001	0.1872541411555762	-6.4715041452820254e-06
790.975151058	0.18722205039090178	-6.654564433779264e-06
792.184593185	0.18718995965177965	-6.837279781776728e-06
793.394035312	0.1871578696310806	-7.01957770594952e-06
794.603477439	0.18712578101146096	-7.201385947938621e-06
795.812919566	0.1870936944650604	-7.382632572432157e-06
797.0223616930001	0.18706161065323373	-7.563246070520224e-06
798.2318038200001	0.18702953022630336	-7.74315545785248e-06
799.4412459470001	0.18699745382334454	-7.922290370575291e-06
800.6506880740001	0.18696538207200436	-8.100581160498666e-06
801.8601302010001	0.1869333155883351	-8.27795899691064e-06
803.069572328	0.18690125497667198	-8.454355949760739e-06
804.279014455	0.18686920082952116	-8.629705084715888e-06
805.488456582	0.18683715372748977	-8.803940552783163e-06
806.697898709	0.18680511423922727	-8.976997672389964e-06
807.907340836	0.1867730829214073	-9.14881301451037e-06
809.1167829630001	0.18674106031871654	-9.319324485307368e-06
810.3262250900001	0.18670904696388452	-9.488471402009646e-06
811.5356672170001	0.18667704337772686	-9.656194569510057e-06
812.7451093440001	0.18664505006921	-9.822436350656605e-06
813.9545514710001	0.18661306753554924	-9.987140736363032e-06
815.163993598	0.1865810962623075	-1.0150253412020971e-05
816.373435725	0.18654913672353338	-1.0311721818388742e-05
817.582877852	0.18651718938190745	-1.047149521161278e-05
818.792319979	0.1864852546889051	-1.0629524718808181e-05
820.001762106	0.18645333308499024	-1.0785763391210623e-05
821.2112042330001	0.18642142499980335	-1.0940166249022443e-05
822.4206463600001	0.18638953085238175	-1.1092690328520782e-05
823.6300884870001	0.1863576510513888	-1.124329472246971e-05
824.8395306140001	0.18632578599535282	-1.13919406161192e-05
826.0489727410001	0.18629393607292027	-1.1538591323946579e-05
827.258414868	0.18626210166311966	-1.1683212310827085e-05
828.467856995	0.18623028313563725	-1.1825771225208725e-05
829.677299122	0.18619848085109675	-1.196623791401702e-05
830.886741249	0.18616669516134926	-1.2104584443888011e-05
832.0961833760001	0.18613492640977222	-1.2240785109127184e-05
833.3056255030001	0.1861031749315657	-1.2374816446225623e-05
834.5150676300001	0.18607144105406634	-1.250665723178529e-05
835.7245097570001	0.18603972509704994	-1.2636288488208913e-05
836.9339518840001	0.18600802737304767	-1.2763693477156612e-05
838.143394011	0.1859763481876614	-1.2888857691614741e-05
839.352836138	0.18594468783987522	-1.3011768847812077e-05
840.562278265	0.18591304662236643	-1.313241686302924e-05
841.771720392	0.1858814248218258	-1.3250793840735575e-05
842.981162519	0.1858498227192639	-1.3366894045040156e-05
844.1906046460001	0.1858182405903196	-1.3480713876190542e-05
845.4000467730001	0.18578667870556131	-1.3592251835732594e-05
846.6094889000001	0.18575513733079513	-1.3701508494265435e-05
847.8189310270001	0.1857236167273451	-1.3808486452299151e-05
849.0283731540001	0.18569211715235395	-1.3913190300057776e-05
850.237815281	0.18566063885905698	-1.4015626572529138e-05
851.447257408	0.18562918209706458	-1.4115803703980412e-05
852.656699535	0.18559774711261784	-1.4213731973113097e-05
853.866141662	0.18556633414885734	-1.4309423454948733e-05
855.075583789	0.1855349434460673	-1.4402891962209119e-05
856.2850259160001	0.18550357524192024	-1.4494152990505993e-05
857.4944680430001	0.18547222977169836	-1.4583223654586475e-05
858.7039101700001	0.1854409072685273	-1.4670122630518201e-05
859.9133522970001	0.18540960796358147	-1.475487008797266e-05
861.1227944240001	0.1853783320862818	-1.4837487629419666e-05
862.332236551	0.18534707986448665	-1.4917998219371453e-05
863.541678678	0.1853158515246729	-1.4996426119504025e-05
864.751120805	0.18528464729210203	-1.507279682125967e-05
865.960562932	0.18525346739097662	-1.5147136971281616e-05
867.170005059	0.18522231204458278	-1.5219474308068859e-05
868.3794471860001	0.18519118147543	-1.5289837588333688e-05
869.5888893130001	0.18516007590536987	-1.5358256515184132e-05
870.7983314400001	0.18512899555570775	-1.542476167307183e-05
872.0077735670001	0.18509794064730553	-1.5489384454898947e-05
873.2172156940001	0.1850669114006676	-1.5552156991144317e-05
874.426657821	0.18503590803602132	-1.5613112082563108e-05
875.636099948	0.18500493077338823	-1.567228313301139e-05
876.845542075	0.18497397983263603	-1.572970408120211e-05
878.054984202	0.18494305543352646	-1.5785409334424794e-05
879.2644263290001	0.1849121577957591	-1.583943370368074e-05
880.4738684560001	0.18488128713898594	-1.5891812343044043e-05
881.6833105830001	0.18485044368284342	-1.5942580683339647e-05
882.8927527100001	0.18481962764694848	-1.5991774373218248e-05
884.1021948370001	0.1847888392509085	-1.603942922027979e-05
885.3116369640001	0.18475807871431024	-1.608558113642966e-05
886.521079091	0.1847273462566963	-1.613026607917567e-05
887.730521218	0.18469664209755016	-1.6173520001855346e-05
888.939963345	0.18466596645625488	-1.6215378797680702e-05
890.149405472	0.18463531955206003	-1.6255878254649303e-05
891.3588475990001	0.18460470160403597	-1.6295054005313614e-05
892.5682897260001	0.18457411283102115	-1.6332941484308028e-05
893.7777318530001	0.18454355345155968	-1.6369575882933807e-05
894.9871739800001	0.18451302368384495	-1.6404992108920435e-05
896.1966161070001	0.18448252374564827	-1.6439224748955594e-05
897.406058234	0.18445205385424782	-1.647230802778732e-05
898.615500361	0.1844216142263494	-1.6504275779136157e-05
899.824942488	0.1843912050780056	-1.6535161410063948e-05
901.034384615	0.18436082662453612	-1.6564997869270015e-05
902.243826742	0.18433047908043676	-1.6593817620653983e-05
903.4532688690001	0.18430016265929294	-1.6621652616989613e-05
904.6627109960001	0.1842698775736843	-1.6648534274681104e-05
905.8721531230001	0.18423962403509597	-1.6674493451745986e-05
907.0815952500001	0.18420940225382362	-1.669956042436166e-05
908.2910373770001	0.18417921243887597	-1.6723764874784774e-05
909.500479504	0.18414905479788035	-1.6747135866766738e-05
910.709921631	0.18411892953698905	-1.6769701837414386e-05
911.919363758	0.18408883686077632	-1.6791490578448032e-05
913.128805885	0.1840587769721519	-1.6812529224988215e-05
914.338248012	0.18402875007226066	-1.683284425004622e-05
915.5476901390001	0.18399875636039287	-1.685246145161773e-05
916.7571322660001	0.18396879603389132	-1.68714059464517e-05
917.9665743930001	0.18393886928806	-1.6889702164318843e-05
919.1760165200001	0.18390897631608175	-1.6907373845534424e-05
920.3854586470001	0.18387911730892423	-1.6924444036336972e-05
921.594900774	0.18384929245526577	-1.6940935090969944e-05
922.804342901	0.18381950194141072	-1.6956868666359592e-05
924.013785028	0.18378974595121333	-1.697226572358601e-05
925.223227155	0.1837600246660076	-1.6987146537812692e-05
926.432669282	0.1837303382645309	-1.7001530690147204e-05
927.6421114090001	0.1837006869228655	-1.7015437083302276e-05
928.8515535360001	0.1836710708143664	-1.7028883938903505e-05
930.0609956630001	0.18364149010961478	-1.7041888805927052e-05
931.2704377900001	0.18361194497635414	-1.7054468569407955e-05
932.4798799170001	0.18358243557944284	-1.7066639459398236e-05
933.689322044	0.18355296208081312	-1.7078417057940498e-05
934.898764171	0.18352352463942323	-1.7089816307928885e-05
936.108206298	0.1834941234112217	-1.7100851528027705e-05
937.317648425	0.1834647585491181	-1.711153642024177e-05
938.5270905520001	0.18343543020295405	-1.712188408341947e-05
939.7365326790001	0.18340613851947624	-1.7131907024514614e-05
940.9459748060001	0.18337688364232668	-1.7141617175663038e-05
942.1554169330001	0.18334766571201888	-1.7151025903841544e-05
943.3648590600001	0.18331848486593502	-1.7160144024849777e-05
944.5743011870001	0.18328934123831456	-1.716898182171911e-05
945.783743314	0.1832602349602615	-1.717754905716795e-05
946.993185441	0.1832311661597435	-1.7185854989346105e-05
948.202627568	0.1832021349615988	-1.719390838967466e-05
949.412069695	0.1831731414875519	-1.7201717554385376e-05
950.6215118220001	0.18314418585622982	-1.7209290326711257e-05
951.8309539490001	0.18311526818317983	-1.7216634109938622e-05
953.0403960760001	0.18308638858089682	-1.7223755885358016e-05
954.2498382030001	0.1830575471588482	-1.7230662227425697e-05
955.4592803300001	0.18302874402350852	-1.723735932297743e-05
956.6687224570001	0.18299997927839412	-1.7243852988464703e-05
957.878164584	0.18297125302410056	-1.7250148685900302e-05
959.087606711	0.1829425653583438	-1.7256251541204748e-05
960.297048838	0.18291391637600612	-1.7262166359152675e-05
961.506490965	0.1828853061691869	-1.7267897644598906e-05
962.7159330920001	0.1828567348272437	-1.7273449615148873e-05
963.9253752190001	0.18282820243685244	-1.7278826218970755e-05
965.1348173460001	0.1827997090820626	-1.7284031153912138e-05
966.3442594730001	0.1827712548443456	-1.728906788310558e-05
967.5537016000001	0.1827428398026636	-1.729393964974152e-05
968.763143727	0.18271446403352504	-1.7298649492909768e-05
969.972585854	0.1826861276110452	-1.7303200268360686e-05
971.182027981	0.18265783060701288	-1.730759465808085e-05
972.391470108	0.18262957309095162	-1.7311835188923985e-05
973.600912235	0.18260135513018766	-1.7315924245045466e-05
974.8103543620001	0.18257317678991708	-1.7319864085818537e-05
976.0197964890001	0.18254503813326545	-1.732365685927495e-05
977.2292386160001	0.18251693922136303	-1.7327304612624328e-05
978.4386807430001	0.18248888011340642	-1.7330809309844264e-05
979.6481228700001	0.1824608608667297	-1.7334172842421725e-05
980.857564997	0.18243288153687043	-1.7337397045791292e-05
982.067007124	0.1824049421776328	-1.73404837067459e-05
983.276449251	0.18237704284115785	-1.734343457394233e-05
984.485891378	0.18234918357799038	-1.7346251379043998e-05
985.6953335050001	0.18232136443714048	-1.7348935835076462e-05
986.9047756320001	0.18229358546614755	-1.7351489659228614e-05
988.1142177590001	0.18226584671114573	-1.7353914570687745e-05
989.3236598860001	0.1822381482169243	-1.7356212309548036e-05
990.5331020130001	0.182210490026989	-1.7358384641549818e-05
991.7425441400001	0.18218287218362078	-1.7360433366690742e-05
992.951986267	0.18215529472793357	-1.736236033245131e-05
994.161428394	0.18212775769992895	-1.7364167430138078e-05
995.370870521	0.18210026113855254	-1.736585661599871e-05
996.580312648	0.18207280508174684	-1.7367429907322318e-05
997.7897547750001	0.18204538956649752	-1.7368889394832332e-05
998.9991969020001	0.18201801462888878	-1.7370237243796716e-05
1000.2086390290001	0.1819906803041454	-1.737147570552572e-05
1001.4180811560001	0.1819633866266766	-1.7372607114624072e-05
1002.6275232830001	0.181936133630124	-1.737363389821278e-05
1003.8369654100001	0.18190892134739733	-1.7374558582444743e-05
1005.046407537	0.18188174981071326	-1.7375383787647525e-05
1006.255849664	0.18185461905163336	-1.7376112240910513e-05
1007.465291791	0.18182752910109662	-1.737674677242118e-05
1008.674733918	0.18180047998945298	-1.7377290320141903e-05
1009.8841760450001	0.1817734717464876	-1.737774592993485e-05
1011.0936181720001	0.18174650440145457	-1.7378116760113915e-05
1012.3030602990001	0.1817195779830994	-1.737840607879404e-05
1013.5125024260001	0.1816926925196804	-1.7378617267867214e-05
1014.7219445530001	0.18166584803899194	-1.7378753824133508e-05
1015.9313866800001	0.1816390445683791	-1.737881935382629e-05
1017.140828807	0.1816122821347559	-1.737881757540166e-05
1018.350270934	0.18158556076462495	-1.737875232223074e-05
1019.559713061	0.18155888048408153	-1.7378627536548952e-05
1020.769155188	0.1815322413188281	-1.7378447268505404e-05
1021.9785973150001	0.18150564329418284	-1.7378215676558395e-05
1023.1880394420001	0.1814790864350827	-1.7377937024574963e-05
1024.397481569	0.18145257076609567	-1.7377615679811664e-05
1025.606923696	0.1814260963114186	-1.7377256109667172e-05
1026.816365823	0.18139966309487504	-1.737686287851814e-05
1028.0258079500002	0.18137327113992457	-1.737644064449262e-05
1029.235250077	0.1813469204696539	-1.7375994157145525e-05
1030.4446922040001	0.18132061110677908	-1.7375528253149586e-05
1031.654134331	0.1812943430736319	-1.7375047850640146e-05
1032.8635764580001	0.181268116392167	-1.737455795137316e-05
1034.073018585	0.18124193108394637	-1.7374063626139635e-05
1035.282460712	0.18121578717013304	-1.7373570017728546e-05
1036.491902839	0.1811896846714828	-1.737308233501489e-05
1037.701344966	0.1811636236083366	-1.7372605845063227e-05
1038.9107870930002	0.18113760400060824	-1.7372145872378286e-05
1040.12022922	0.18111162586776872	-1.7371707790710122e-05
1041.3296713470002	0.181085689228843	-1.7371297016718912e-05
1042.539113474	0.1810597941023923	-1.7370919006498564e-05
1043.7485556010001	0.1810339405065011	-1.7370579248991713e-05
1044.957997728	0.1810081284587653	-1.7370283259529606e-05
1046.167439855	0.18098235797627815	-1.737003657665409e-05
1047.376881982	0.18095662907561572	-1.7369844753027663e-05
1048.586324109	0.18093094177282454	-1.7369713350631755e-05
1049.795766236	0.18090529608341085	-1.736964793505602e-05
1051.005208363	0.18087969202231752	-1.7369654067504736e-05
1052.2146504900002	0.18085412960391956	-1.7369737300543253e-05
1053.424092617	0.18082860884200505	-1.73699031715685e-05
1054.6335347440001	0.18080312974976653	-1.7370157195856217e-05
1055.842976871	0.1807776923397863	-1.737050485830366e-05
1057.0524189980001	0.18075229662401943	-1.737095161328389e-05
1058.261861125	0.1807269426137919	-1.7371502870601463e-05
1059.471303252	0.18070163031977948	-1.7372163997268764e-05
1060.680745379	0.18067635975200197	-1.73729403049952e-05
1061.890187506	0.18065113091981527	-1.737383704768225e-05
1063.0996296330002	0.18062594383189595	-1.7374859412763732e-05
1064.30907176	0.1806007984962402	-1.7376012518124928e-05
1065.5185138870002	0.1805756949201488	-1.7377301407231482e-05
1066.727956014	0.18055063311022646	-1.737873103842269e-05
1067.9373981410001	0.18052561307237197	-1.738030628393311e-05
1069.146840268	0.18050063481177595	-1.7382031923092456e-05
1070.356282395	0.18047569833291502	-1.738391263789163e-05
1071.565724522	0.18045080363955185	-1.7385953005814858e-05
1072.775166649	0.1804259507347303	-1.7388157499263757e-05
1073.9846087760002	0.18040113962077348	-1.7390530477515154e-05
1075.194050903	0.18037637029929232	-1.7393076181503042e-05
1076.4034930300002	0.18035164277117516	-1.739579873236141e-05
1077.612935157	0.18032695703659612	-1.7398702128440524e-05
1078.8223772840001	0.1803023130950213	-1.7401790238166792e-05
1080.031819411	0.1802777109452085	-1.7405066798245605e-05
1081.2412615380001	0.18025315058521774	-1.7408535412752335e-05
1082.450703665	0.18022863201241457	-1.7412199543577478e-05
1083.660145792	0.1802041552234763	-1.741606251716432e-05
1084.869587919	0.1801797202144048	-1.7420127516522277e-05
1086.079030046	0.1801553269805344	-1.7424397577882333e-05
1087.2884721730002	0.18013097551654506	-1.7428875592404025e-05
1088.4979143	0.18010666581647122	-1.7433564306383598e-05
1089.7073564270001	0.18008239787371721	-1.743846631548085e-05
1090.916798554	0.18005817168106864	-1.7443584062998285e-05
1092.1262406810001	0.18003398723071046	-1.7448919849380462e-05
1093.335682808	0.18000984451423513	-1.745447581865539e-05
1094.545124935	0.17998574352267027	-1.74602539708274e-05
1095.754567062	0.17996168424648656	-1.746625615149655e-05
1096.964009189	0.17993766667561836	-1.747248406283597e-05
1098.1734513160002	0.17991369079948194	-1.7478939254855774e-05
1099.382893443	0.17988975660699352	-1.7485623135686523e-05
1100.5923355700002	0.17986586408658833	-1.749253696605585e-05
1101.801777697	0.1798420132262439	-1.7499681866359196e-05
1103.0112198240001	0.17981820401349374	-1.7507058813023835e-05
1104.220661951	0.17979443643545423	-1.7514668648577203e-05
1105.430104078	0.17977071047883805	-1.7522512077254582e-05
1106.639546205	0.17974702612998383	-1.753058967320087e-05
1107.848988332	0.17972338337486857	-1.7538901877424407e-05
1109.058430459	0.17969978219913102	-1.754744900813593e-05
1110.267872586	0.17967622258809096	-1.7556231258458732e-05
1111.4773147130002	0.1796527045267719	-1.7565248702937353e-05
1112.68675684	0.17962922799992276	-1.7574501298057987e-05
1113.8961989670001	0.17960579299202678	-1.7583988891067825e-05
1115.105641094	0.17958239948733265	-1.759371121653336e-05
1116.3150832210001	0.1795590474698653	-1.7603667908906717e-05
1117.524525348	0.17953573692344804	-1.761385849789049e-05
1118.733967475	0.1795124678317162	-1.7624282417139092e-05
1119.943409602	0.1794892401781329	-1.7634939007464545e-05
1121.152851729	0.1794660539460063	-1.7645827522561053e-05
1122.3622938560002	0.17944290911849953	-1.7656947128033562e-05
1123.571735983	0.17941980567865162	-1.7668296906400704e-05
1124.7811781100002	0.17939674360938024	-1.767987586748926e-05
1125.990620237	0.17937372289349768	-1.769168294328549e-05
1127.2000623640001	0.17935074351371794	-1.770371699602591e-05
1128.409504491	0.1793278054526688	-1.771597682003606e-05
1129.618946618	0.17930490869288862	-1.7728461148079633e-05
1130.828388745	0.17928205321684446	-1.774116865160824e-05
1132.037830872	0.17925923900692986	-1.7754097943877e-05
1133.2472729990002	0.17923646604546462	-1.7767247587445467e-05
1134.456715126	0.17921373431470095	-1.7780616089674295e-05
1135.6661572530002	0.17919104379682316	-1.7794201914590746e-05
1136.87559938	0.17916839447394645	-1.7808003476948997e-05
1138.0850415070001	0.1791457863281108	-1.7822019153374002e-05
1139.294483634	0.17912321934127906	-1.7836247278711637e-05
1140.5039257610001	0.17910069349533644	-1.7850686152925954e-05
1141.713367888	0.17907820877207964	-1.7865334041425318e-05
1142.922810015	0.17905576515321192	-1.7880189179739214e-05
1144.132252142	0.17903336262033412	-1.7895249776446465e-05
1145.341694269	0.17901100115493673	-1.7910514014639334e-05
1146.5511363960002	0.17898868073839053	-1.7925980056662794e-05
1147.760578523	0.17896640135193656	-1.7941646046348847e-05
1148.9700206500002	0.178944162976676	-1.795751011527541e-05
1150.179462777	0.17892196559355728	-1.797357038128833e-05
1151.3889049040001	0.17889980918336904	-1.7989824959367684e-05
1152.598347031	0.1788776937267227	-1.8006271961877596e-05
1153.807789158	0.1788556192040438	-1.802290950671248e-05
1155.017231285	0.17883358559555684	-1.803973571601336e-05
1156.226673412	0.1788115928812808	-1.8056748730926886e-05
1157.4361155390002	0.1787896410410068	-1.8073946714394773e-05
1158.645557666	0.1787677300542942	-1.8091327858321682e-05
1159.8549997930002	0.17874585990045608	-1.8108890389965937e-05
1161.06444192	0.17872403055854585	-1.812663258328462e-05
1162.2738840470001	0.17870224200734922	-1.8144552767912492e-05
1163.483326174	0.17868049422536542	-1.8162649339514836e-05
1164.6927683010001	0.17865878719080416	-1.8180920768322284e-05
1165.902210428	0.17863712088156894	-1.8199365618108698e-05
1167.111652555	0.178615495275246	-1.821798255315782e-05
1168.321094682	0.1785939103490944	-1.823677035402843e-05
1169.530536809	0.1785723660800363	-1.825572793489466e-05
1170.7399789360002	0.1785508624446397	-1.827485436260018e-05
1171.949421063	0.17852939941910967	-1.8294148865963256e-05
1173.1588631900001	0.17850797697927448	-1.8313610863213148e-05
1174.368305317	0.17848659510057097	-1.8333239981349614e-05
1175.5777474440001	0.17846525375803096	-1.8353036074073015e-05
1176.787189571	0.17844395292626736	-1.8372999246306365e-05
1177.996631698	0.17842269257945734	-1.839312988250602e-05
1179.206073825	0.1784014726913204	-1.8413428665105258e-05
1180.415515952	0.1783802932351035	-1.8433896607515654e-05
1181.6249580790002	0.1783591541835598	-1.8454535079148737e-05
1182.834400206	0.17833805550892265	-1.8475345833102175e-05
1184.0438423330002	0.17831699718288396	-1.8496331042512637e-05
1185.25328446	0.1782959791765648	-1.8517493323398637e-05
1186.4627265870001	0.17827500146048983	-1.853883577254689e-05
1187.672168714	0.1782540640045484	-1.856036199353317e-05
1188.881610841	0.17823316677796724	-1.8582076138952408e-05
1190.091052968	0.1782123097492705	-1.860398293314358e-05
1191.300495095	0.17819149288624347	-1.862608770943769e-05
1192.5099372220002	0.17817071615587587	-1.8648396440133774e-05
1193.719379349	0.17814997952433287	-1.8670915767647622e-05
1194.9288214760002	0.1781292829568961	-1.8693653029096258e-05
1196.138263603	0.1781086264179142	-1.871661628482374e-05
1197.3477057300001	0.17808800987074255	-1.873981433829497e-05
1198.557147857	0.17806743327768365	-1.8763256751423707e-05
1199.7665899840001	0.17804689659992579	-1.8786953856847477e-05
1200.976032111	0.17802639979746687	-1.8810916765310548e-05
1202.185474238	0.1780059428290453	-1.883515735258412e-05
1203.394916365	0.17798552565205822	-1.8859688255566665e-05
1204.604358492	0.17796514822247245	-1.8884522839941742e-05
1205.8138006190002	0.1779448104947424	-1.8909675165219852e-05
1207.023242746	0.17792451242169766	-1.8935159931218748e-05
1208.2326848730002	0.17790425395444892	-1.896099240907695e-05
1209.442127	0.17788403504226552	-1.8987188356869855e-05
