0.0	0.0	0.0
1.209442127	1.5721958996122023e-05	-2.206594283603304e-09
2.418884254	6.297468230572751e-05	-1.6800180518431395e-09
3.6283263810000004	0.00014204732263403528	-9.776956612775128e-10
4.837768508	0.0002534295730508844	-1.4408998210628347e-10
6.047210635000001	0.00039781454748657633	8.06644135723498e-10
7.256652762000001	0.0005761000540999457	1.8561575288670706e-09
8.466094889	0.0007893894484880092	2.9836743108878567e-09
9.675537016	0.0010389916402930052	4.152717212962086e-09
10.884979143	0.0013264202142701925	5.337085744920936e-09
12.094421270000002	0.0016533912160038265	6.51747149478521e-09
13.303863397	0.002021819398495513	7.661093948411937e-09
14.513305524000002	0.0024338125093124594	8.718683469199212e-09
15.722747651	0.0028916633519522257	9.625072442244562e-09
16.932189778	0.003397839325142411	1.0291829023018582e-08
18.141631905	0.0039549691755298875	1.0628734672122123e-08
19.351074032	0.0045658267980291985	1.0525382132271083e-08
20.560516159000002	0.00523331189365593	9.857711683069516e-09
21.769958286	0.005960427485170658	8.497512728081018e-09
22.979400413	0.006750254188344817	6.367638644773528e-09
24.188842540000003	0.007605921575116281	3.5711729669350017e-09
25.398284667000002	0.008530577071612646	6.393056282928342e-10
26.607726794	0.009527352123338526	-1.6766176604617739e-09
27.817168921	0.01059932527447222	-2.878896020229796e-09
29.026611048000003	0.011749483466207442	-2.6354348755391888e-09
30.236053175000002	0.012980682173877973	-5.509076729959955e-10
31.445495302	0.014295604540997361	3.8871793019666645e-09
32.654937429	0.01569671998248343	1.1284803608712854e-08
33.864379556	0.017186242852932642	2.230692876074858e-08
35.073821683000006	0.018766091780201274	3.7642697408787895e-08
36.28326381	0.02043785026154868	5.797057445427849e-08
37.492705937000004	0.02220272911286471	8.392543816848619e-08
38.702148064	0.02406153134400919	1.1607155296199795e-07
39.911590191	0.026014620003853975	1.5488603286755755e-07
41.121032318000005	0.028061889497272532	2.0075556817107654e-07
42.330474445	0.03020274082606734	2.539834489017137e-07
43.539916572	0.032436061155494474	3.1479602081259037e-07
44.749358699000005	0.03476020806890477	3.8333461507399774e-07
45.958800826	0.03717299884268938	4.59628686163855e-07
47.168242953000004	0.03967170502061524	5.435629957463613e-07
48.377685080000006	0.042253052459908666	6.348560595793515e-07
49.587127207	0.04491322688942227	7.330514448684877e-07
50.796569334000004	0.047647884925532985	8.375076901872593e-07
52.00601146100001	0.050452170443274956	9.473744811872194e-07
53.215453588	0.0533207361581457	1.0615556080440652e-06
54.424895715000005	0.05624777021611329	1.1786672977193678e-06
55.634337842	0.05922702751774966	1.2970009326653334e-06
56.843779969	0.062251865424000324	1.4145001107218613e-06
58.053222096000006	0.06531528342297728	1.5287660919487654e-06
59.262664223	0.06840996628949025	1.6371092154358197e-06
60.472106350000004	0.07152833023923422	1.7366612716325155e-06
61.68154847700001	0.07466257157339916	1.8245525660698196e-06
62.890990604	0.07780471732335231	1.8981364154893252e-06
64.100432731	0.08094667739574538	1.955206789870916e-06
65.309874858	0.08408029765899894	1.9941218653001403e-06
66.519316985	0.08719741337357875	2.0137857799540533e-06
67.728759112	0.09028990241149804	2.013533818127e-06
68.93820123900001	0.09334973776941562	1.9929921559040144e-06
70.14764336600001	0.09636903889030854	1.951943883785295e-06
71.357085493	0.09934012129709353	1.8902130864855739e-06
72.56652762	0.10225554404612208	1.8075880414867521e-06
73.775969747	0.10510815454338314	1.7038069975057468e-06
74.98541187400001	0.10789113033689447	1.5786094396228086e-06
76.19485400100001	0.11059801758439275	1.4318280265260145e-06
77.404296128	0.11322276596140848	1.263485681625388e-06
78.613738255	0.11575975981273277	1.0738717830581588e-06
79.823180382	0.11820384537963788	8.635865147315659e-07
81.032622509	0.1205503539731053	6.335517248085183e-07
82.24206463600001	0.12279512101156656	3.8498978510367876e-07
83.45150676300001	0.12493450089366866	1.193728066083144e-07
84.66094889	0.12696537772622365	-1.6165380403027063e-07
85.870391017	0.1288851719719156	-4.5636673426472513e-07
87.079833144	0.13069184311975848	-7.630693763284457e-07
88.28927527100001	0.13238388851413876	-1.0801941686894648e-06
89.49871739800001	0.13396033850629352	-1.4063916476099794e-06
90.708159525	0.13542074811602553	-1.7405985894610593e-06
91.917601652	0.13676518541247176	-2.082083772052268e-06
93.127043779	0.13799421684191296	-2.4304774131397172e-06
94.33648590600001	0.13910888974752575	-2.7857962468080116e-06
95.54592803300001	0.1401107123389494	-3.148474067330223e-06
96.75537016000001	0.14100163138407695	-3.5193939707904576e-06
97.964812287	0.14178400791479415	-3.89990673563094e-06
99.174254414	0.14246059124626506	-4.291824970518998e-06
100.383696541	0.143034491600111	-4.697395753140016e-06
101.59313866800001	0.14350915161047684	-5.119260944808773e-06
102.80258079500001	0.1438883169844435	-5.560412632922562e-06
104.01202292200001	0.14417600658016885	-6.024146182935855e-06
105.221465049	0.1443764821552604	-6.514009693743203e-06
106.430907176	0.14449421802453394	-7.033748172464993e-06
107.64034930300001	0.14453387085180783	-7.587242639554154e-06
108.84979143000001	0.14450024978560744	-8.178447084800783e-06
110.05923355700001	0.14439828713365063	-8.811327885913794e-06
111.268675684	0.1442330097550923	-9.489809227412188e-06
112.478117811	0.14400951133155138	-1.0217722483121805e-05
113.687559938	0.14373292565554763	-1.0998747407637427e-05
114.89700206500001	0.14340840104647054	-1.1836322567754937e-05
116.10644419200001	0.14304107597175433	-1.2733502260702662e-05
117.31588631900001	0.14263605592565914	-1.3692757539960493e-05
118.525328446	0.14219839161534437	-1.4715753740204146e-05
119.734770573	0.1417330585224824	-1.5803159474407635e-05
120.94421270000001	0.1412449379198006	-1.695453248103107e-05
122.15365482700001	0.14073879940075618	-1.8168299042647246e-05
123.36309695400001	0.1402192849399765	-1.9441821246607427e-05
124.572539081	0.13969089447069857	-2.0771535584097195e-05
125.781981208	0.13915797295083293	-2.2153139279071365e-05
126.99142333500001	0.13862469888209528	-2.3581795241076065e-05
128.200865462	0.13809507424051937	-2.505232557342002e-05
129.410307589	0.13757291577140207	-2.655936834840278e-05
130.619749716	0.13706184759738557	-2.809748061920886e-05
131.82919184300002	0.13656529508410806	-2.9661179860241554e-05
133.03863397	0.13608647990261682	-3.1244925140890695e-05
134.24807609700002	0.13562841622168426	-3.284304806497329e-05
135.457518224	0.13519390795750025	-3.444965246622925e-05
136.666960351	0.13478554700660875	-3.6058511380526737e-05
137.87640247800002	0.1344057123976697	-3.7662998503898426e-05
139.085844605	0.13405657032553822	-3.92560926233583e-05
140.29528673200002	0.13374007507094807	-4.08304769067315e-05
141.504728859	0.13345797082859237	-4.237871829027365e-05
142.714170986	0.1332117944299403	-4.3893475736252185e-05
143.92361311300002	0.13300287886876544	-4.536768032733368e-05
145.13305524	0.13283235748448022	-4.6794658689754826e-05
146.34249736700002	0.13270116867303325	-4.8168204860973146e-05
147.551939494	0.13261006104815687	-4.9482619364209224e-05
148.761381621	0.13255959901676015	-5.073273002226611e-05
149.97082374800002	0.13255016874489886	-5.1913900317397677e-05
151.180265875	0.13258198448723876	-5.302202575097406e-05
152.38970800200002	0.13265509524750685	-5.405351728604915e-05
153.599150129	0.13276939173534247	-5.5005272370695774e-05
154.808592256	0.13292461358486385	-5.5874637053244386e-05
156.018034383	0.13312035679916967	-5.665936603787766e-05
157.22747651	0.1333560813812684	-5.735758922386161e-05
158.43691863700002	0.13363111910684047	-5.796779149763731e-05
159.646360764	0.13394468139168383	-5.8488807172286245e-05
160.85580289100002	0.13429586721038422	-5.891982393344333e-05
162.065245018	0.13468367103281403	-5.926038715848084e-05
163.274687145	0.13510699075728083	-5.951039623043261e-05
164.48412927200002	0.13556463562754056	-5.9670088875831556e-05
165.693571399	0.13605533412238305	-5.974001460189865e-05
166.90301352600002	0.13657774180254154	-5.9721001257527495e-05
168.112455653	0.1371304490939276	-5.9614119034455404e-05
169.32189778	0.1377119889820157	-5.9420644727435634e-05
170.53133990700002	0.13832084459056332	-5.9142027225168176e-05
171.740782034	0.13895545661859093	-5.8779853848636016e-05
172.95022416100002	0.13961423061162276	-5.833581654680897e-05
174.159666288	0.1402955440457795	-5.7811676933153255e-05
175.369108415	0.14099775320586988	-5.7209229581679094e-05
176.57855054200002	0.14171919984086828	-5.653026364972613e-05
177.787992669	0.1424582175819747	-5.5776523689106405e-05
178.99743479600002	0.14321313810981143	-5.494967118313543e-05
180.206876923	0.1439822970583208	-5.405124880372009e-05
181.41631905	0.14476403964365406	-5.30826494240938e-05
182.62576117700002	0.1455567260070687	-5.204509156719536e-05
183.835203304	0.14635873626174678	-5.0939602223971925e-05
185.04464543100002	0.14716847523480642	-4.9767007001579044e-05
186.254087558	0.14798437689773583	-4.85279267271356e-05
187.46352968500003	0.14880490848089462	-4.722277906729286e-05
188.67297181200001	0.1496285742704328	-4.5851783753166064e-05
189.882413939	0.1504539190884966	-4.441497040493653e-05
191.09185606600002	0.1512795314595679	-4.291218855323464e-05
192.301298193	0.15210404646718778	-4.134311999651197e-05
193.51074032000002	0.15292614830612317	-3.970729393150407e-05
194.720182447	0.1537445725355675	-3.800410537539711e-05
195.929624574	0.1545581080394579	-3.6232837303244725e-05
197.13906670100002	0.15536559870056593	-3.439268676401486e-05
198.348508828	0.15616594479573936	-3.248279502180568e-05
199.55795095500002	0.15695810412041855	-3.0502281498943906e-05
200.767393082	0.15774109285133225	-2.845028101382263e-05
201.976835209	0.15851398615690301	-2.6325983552316634e-05
203.18627733600002	0.15927591856555412	-2.412867567325172e-05
204.395719463	0.16002608410272956	-2.1857782654302604e-05
205.60516159000002	0.1607637362081781	-1.951291065376698e-05
206.814603717	0.1614881874458008	-1.7093888426154835e-05
208.02404584400003	0.16219880901905512	-1.4600808369097384e-05
209.23348797100002	0.16289503010540832	-1.2034066856597692e-05
210.442930098	0.16357633702354954	-9.394403799864448e-06
211.65237222500002	0.1642422722470364	-6.682941289616606e-06
212.861814352	0.1648924332778722	-3.901220974981967e-06
214.07125647900003	0.16552647139307453	-1.0512396319828365e-06
215.28069860600002	0.16614409027692695	1.8645177727871776e-06
216.490140733	0.16674504455097872	4.8430483334388486e-06
217.69958286000002	0.16732913821333154	7.88080566768018e-06
218.909024987	0.16789622299813656	1.0973679469075681e-05
220.11846711400003	0.16844619666569885	1.4116981043761634e-05
221.32790924100001	0.1689790012330962	1.7305435623914123e-05
222.537351368	0.16949462115492164	2.0533182144608086e-05
223.74679349500002	0.16999308146339173	2.3793781033537575e-05
224.956235622	0.17047444587689675	2.7080230377632408e-05
226.16567774900003	0.17093881488574098	3.0384990648120447e-05
227.375119876	0.17138632382355606	3.3700017998995746e-05
228.584562003	0.17181714093245454	3.701680595602497e-05
229.79400413000002	0.17223146542954038	4.032643517596496e-05
231.003446257	0.17262952558185146	4.3619630785439456e-05
232.21288838400002	0.17301157679625245	4.688682668071292e-05
233.422330511	0.1733778997302214	5.011823603639359e-05
234.63177263800003	0.17372879842887035	5.33039271385094e-05
235.84121476500002	0.1740645984930257	5.6433903571954935e-05
237.050656892	0.1743856452825966	5.9498187656582824e-05
238.26009901900002	0.1746923021590171	6.248690598882611e-05
239.469541146	0.17498494877002568	6.5390375845506e-05
240.67898327300003	0.17526397937962465	6.819919119862433e-05
241.88842540000002	0.17552980124563572	7.090430706802042e-05
243.097867527	0.17578283304689238	7.34971209484861e-05
244.30730965400002	0.17602350336172015	7.596955011239526e-05
245.516751781	0.17625224919903662	7.831410362760943e-05
246.72619390800003	0.1764695145830961	8.052394804188706e-05
247.93563603500002	0.17667574919257517	8.259296578787961e-05
249.145078162	0.17687140705445478	8.451580545806858e-05
250.35452028900002	0.17705694529287302	8.628792324734402e-05
251.563962416	0.1772328229328633	8.790561492204307e-05
252.77340454300003	0.17739949975861008	8.936603775811652e-05
253.98284667000001	0.1775574352255333	9.066722192517529e-05
255.192288797	0.1777070874251087	9.180807080822612e-05
256.401730924	0.17784891210087506	9.278834983149353e-05
257.61117305100004	0.17798336171364135	9.360866368669785e-05
258.820615178	0.1781108845536687	9.427042272281555e-05
260.030057305	0.17823192389792308	9.477580076325959e-05
261.239499432	0.17834691721125273	9.51276885604313e-05
262.448941559	0.1784562953915503	9.5329648207923e-05
263.65838368600004	0.1785604820597645	9.538587279873945e-05
264.867825813	0.17865989289588988	9.530115216477286e-05
266.07726794	0.17875493502152245	9.50808415806012e-05
267.286710067	0.17884600642863582	9.473082831237822e-05
268.49615219400005	0.17893349545317466	9.425749175170917e-05
269.70559432100004	0.17901778029130064	9.366765541556077e-05
270.915036448	0.17909922855593172	9.296853150007195e-05
272.124478575	0.17917819687134762	9.216766002604487e-05
273.333920702	0.17925503050401526	9.127284493666565e-05
274.54336282900005	0.17933006302809568	9.029208919097975e-05
275.75280495600003	0.17940361602439317	8.923353042408766e-05
276.962247083	0.17947599881167337	8.810537828200099e-05
278.17168921	0.1795475082093976	8.691585421533032e-05
279.381131337	0.17961842833105304	8.567313429455603e-05
280.59057346400004	0.17968903040729134	8.438529544669421e-05
281.80001559100003	0.1797595726381811	8.306026544088047e-05
283.009457718	0.17983030007393314	8.170577684386143e-05
284.218899845	0.17990144452346896	8.032932514556723e-05
285.428341972	0.1799732244902883	7.893813116807702e-05
286.63778409900004	0.1800458451350851	7.753910783878798e-05
287.84722622600003	0.180119498264592	7.61388313589989e-05
289.056668353	0.18019436234615382	7.474351675036683e-05
290.26611048	0.18027060254754476	7.33589977185839e-05
291.475552607	0.18034837080152186	7.199071074494301e-05
292.68499473400004	0.18042780589462742	7.064368326206716e-05
293.89443686100003	0.18050903357973616	6.932252576106329e-05
295.103878988	0.18059216671182082	6.80314276305452e-05
296.313321115	0.1806773054063841	6.677415652345947e-05
297.522763242	0.18076453722000005	6.55540610156255e-05
298.73220536900004	0.1808539373523558	6.437407630460051e-05
299.94164749600003	0.18094556886914945	6.32367327037045e-05
301.151089623	0.18103948294519506	6.214416665095701e-05
302.36053175	0.18113571912699403	6.109813397094793e-05
303.569973877	0.1812343056140557	6.0100025121301304e-05
304.77941600400004	0.18133525955815366	5.915088213857833e-05
305.98885813100003	0.1814385873796972	5.8251417032278985e-05
307.198300258	0.18154428510034532	5.740203135353589e-05
308.407742385	0.18165233869096792	5.6602836684016555e-05
309.617184512	0.18176272443399738	5.585367580832057e-05
310.82662663900004	0.18187540929919505	5.515414432576138e-05
312.036068766	0.18199035133183272	5.450361247765628e-05
313.245510893	0.1821075000522353	5.3901246998992736e-05
314.45495302	0.18222679686564017	5.334603276940797e-05
315.664395147	0.1823481754812673	5.2836794113983454e-05
316.87383727400004	0.18247156233950873	5.237221556210481e-05
318.083279401	0.18259687704611577	5.195086192943954e-05
319.292721528	0.18272403281224667	5.157119758161799e-05
320.502163655	0.18285293689924736	5.123160475358629e-05
321.71160578200005	0.18298349106701634	5.093040083593153e-05
322.92104790900004	0.18311559202481373	5.066585451351385e-05
324.130490036	0.18324913188337355	5.043620070448174e-05
325.339932163	0.18338399860717292	5.0239654229337904e-05
326.54937429	0.18352007646573673	5.007442217554864e-05
327.75881641700005	0.18365724648284015	4.9938714941313855e-05
328.96825854400004	0.18379538688250496	4.9830755947090355e-05
330.177700671	0.18393437353068637	4.974879004578103e-05
331.387142798	0.18407408037156114	4.9691090664570614e-05
332.596584925	0.18421437985737957	4.965596573324599e-05
333.80602705200005	0.18435514337084116	4.964176247604368e-05
335.01546917900004	0.18449624163900194	4.9646871148723015e-05
336.224911306	0.18463754513776987	4.966972781485224e-05
337.434353433	0.18477892448608346	4.970881627158058e-05
338.64379556	0.18492025082890878	4.976266921859207e-05
339.85323768700005	0.18506139620824674	4.9829868788459075e-05
341.06267981400003	0.185202233921404	4.99090465422361e-05
342.272121941	0.18534263886581945	4.999888302768124e-05
343.481564068	0.18548248786979946	5.009810700481315e-05
344.691006195	0.18562166000856897	5.02054944379951e-05
345.90044832200005	0.18576003690510712	5.0319867320784695e-05
347.10989044900003	0.18589750301526936	5.0440092438763795e-05
348.319332576	0.18603394589678407	5.0565080120565375e-05
349.528774703	0.18616925646174376	5.0693783045709095e-05
350.73821683	0.18630332921228449	5.0825195167372716e-05
351.94765895700004	0.18643606245916894	5.0958350781477035e-05
353.15710108400003	0.1865673585230977	5.109232378187889e-05
354.366543211	0.18669712391857884	5.122622712368241e-05
355.575985338	0.18682526952026085	5.135921250661729e-05
356.785427465	0.1869517107117014	5.149047028379927e-05
357.99486959200004	0.1870763675165751	5.161922958638043e-05
359.20431171900003	0.18719916471237655	5.1744758659141854e-05
360.413753846	0.18732003192674912	5.186636537803102e-05
361.623195973	0.18743890371660543	5.1983397927661545e-05
362.8326381	0.18755571963024553	5.2095245611206986e-05
364.04208022700004	0.18767042425274535	5.220133974720431e-05
365.25152235400003	0.18778296723491272	5.230115461703905e-05
366.460964481	0.1878933033061772	5.2394208430166234e-05
367.670406608	0.1880013922717982	5.248006425015439e-05
368.87984873500005	0.1881071989948316	5.2558330853873236e-05
370.08929086200004	0.18821069336330606	5.262866347214429e-05
371.29873298900003	0.18831185024315844	5.2690764381829736e-05
372.508175116	0.188410649417415	5.274438330648418e-05
373.717617243	0.18850707551222873	5.2789317597251584e-05
374.92705937000005	0.1886011179103447	5.2825412163941265e-05
376.13650149700004	0.1886927706526359	5.285255914191933e-05
377.34594362400003	0.18878203232832974	5.2870697262154265e-05
378.555385751	0.1888689059546193	5.287981092584604e-05
379.764827878	0.18895339884631301	5.287992897538146e-05
380.97427000500005	0.1890355224762413	5.287112315156828e-05
382.18371213200004	0.18911529232712126	5.2853506254571525e-05
383.393154259	0.1891927277355782	5.2827230013333115e-05
384.602596386	0.18926785172909114	5.279248267590214e-05
385.812038513	0.18934069085654512	5.274948634755722e-05
387.02148064000005	0.18941127501313948	5.2698494097752624e-05
388.23092276700004	0.18947963726039135	5.263978686651655e-05
389.440364894	0.1895458136419212	5.2573670190098065e-05
390.649807021	0.18960984299578132	5.2500470804003885e-05
391.859249148	0.18967176676399675	5.242053313076617e-05
393.06869127500005	0.18973162880003577	5.233421570764729e-05
394.27813340200004	0.18978947517487935	5.22418875863323e-05
395.487575529	0.18984535398236063	5.2143924738054515e-05
396.697017656	0.18989931514442315	5.2040706508250933e-05
397.906459783	0.1899514102169053	5.193261214998107e-05
399.11590191000005	0.19000169219649532	5.182001746983217e-05
400.32534403700004	0.19005021532938915	5.1703291625342096e-05
401.534786164	0.19009703492224572	5.158279409232802e-05
402.744228291	0.19014220715595864	5.145887183915371e-05
403.953670418	0.19018578890274485	5.133185672587248e-05
405.16311254500005	0.19022783754702755	5.120206314686293e-05
406.37255467200004	0.19026841081058032	5.106978594162509e-05
407.581996799	0.19030756658232845	5.09352985737857e-05
408.791438926	0.1903453627532152	5.0798851604083595e-05
410.000881053	0.1903818570564901	5.066067144415126e-05
411.21032318000005	0.1904171069137474	5.052095941028567e-05
412.41976530700003	0.19045116928701503	5.0379891065328863e-05
413.629207434	0.1904841005371716	5.023761584380115e-05
414.838649561	0.1905159562889232	5.009425695864933e-05
416.04809168800006	0.19054679130253754	4.994991157356715e-05
417.25753381500004	0.19057665935254653	4.980465123058386e-05
418.46697594200003	0.19060561311352384	4.9658522512104064e-05
419.676418069	0.19063370405309354	4.951154793297885e-05
420.885860196	0.19066098233223125	4.936372702409042e-05
422.09530232300006	0.1906874967129478	4.9215037614902535e-05
423.30474445000004	0.1907132944733722	4.9065437263969e-05
424.51418657700003	0.19073842133025934	4.891486484470686e-05
425.723628704	0.19076292136889147	4.876324224734746e-05
426.933070831	0.1907868369803753	4.8610476177601836e-05
428.14251295800005	0.19081020880621896	4.845646004197207e-05
429.35195508500004	0.19083307569016578	4.830107588474353e-05
430.56139721200003	0.1908554746371488	4.814419636366141e-05
431.770839339	0.19087744077925328	4.798568675253023e-05
432.980281466	0.19089900734857018	4.782540692870735e-05
434.18972359300005	0.19092020565675916	4.766321334914725e-05
435.39916572000004	0.19094106508116884	4.749896099505435e-05
436.60860784700003	0.19096161305733053	4.733250525692373e-05
437.818049974	0.19098187507761538	4.716370375539708e-05
439.027492101	0.19100187469586705	4.6992418084479404e-05
440.23693422800005	0.1910216335377629	4.68185154614692e-05
441.44637635500004	0.1910411713167012	4.664187026998112e-05
442.65581848200003	0.19106050585495035	4.646236549511046e-05
443.865260609	0.1910796531098313	4.6279894033995905e-05
445.074702736	0.19109862720466408	4.609435987872751e-05
446.28414486300005	0.19111744046422846	4.590567916852584e-05
447.49358699000004	0.1911361034544719	4.571378109969465e-05
448.703029117	0.19115462502618982	4.5518608694082585e-05
449.912471244	0.19117301236241643	4.5320119434810735e-05
451.121913371	0.1911912710292422	4.511828574046278e-05
452.33135549800005	0.19120940502978895	4.4913095319051854e-05
453.54079762500004	0.1912274168610654	4.470455136364182e-05
454.750239752	0.19124530757343375	4.449267261903006e-05
455.959681879	0.19126307683240595	4.427749331504388e-05
457.169124006	0.19128072298249765	4.405906296763018e-05
458.37856613300005	0.19129824311289245	4.383744606135942e-05
459.58800826000004	0.19131563312461303	4.361272160949975e-05
460.797450387	0.19133288779899252	4.338498261214491e-05
462.006892514	0.19135000086713722	4.31543354100436e-05
463.216334641	0.1913669650801718	4.2920898942186425e-05
464.42577676800005	0.19138377227999434	4.268480392453228e-05
465.63521889500004	0.19140041347033793	4.24461919530314e-05
466.844661022	0.1914168788878738	4.220521453836279e-05
468.054103149	0.19143315807315772	4.1962032085021694e-05
469.26354527600006	0.19144923994120583	4.171681283322848e-05
470.47298740300005	0.19146511285148282	4.146973175259833e-05
471.68242953000004	0.1914807646771181	4.1220969420656395e-05
472.891871657	0.19149618287315848	4.097071087845461e-05
474.101313784	0.1915113545436802	4.071914448206676e-05
475.31075591100006	0.19152626650758897	4.0466460757011824e-05
476.52019803800005	0.19154090536296636	4.021285126862284e-05
477.72964016500003	0.19155525754978858	3.9958507504669893e-05
478.939082292	0.1915693094109096	3.9703619798603373e-05
480.148524419	0.19158304725115358	3.944837627692377e-05
481.35796654600006	0.1915964573944192	3.919296186524063e-05
482.56740867300005	0.19160952623868188	3.8937557330531725e-05
483.77685080000003	0.19162224030879577	3.868233839328383e-05
484.986292927	0.19163458630701313	3.842747489542914e-05
486.195735054	0.1916465511611442	3.817313003991879e-05
487.40517718100006	0.19165812207028585	3.791945969504329e-05
488.61461930800004	0.19166928654806922	3.7666611786606186e-05
489.82406143500003	0.1916800324633793	3.74147257560728e-05
491.033503562	0.19169034807850366	3.716393210682206e-05
492.242945689	0.19170022208469115	3.6914352024595976e-05
493.45238781600005	0.19170964363509294	3.666609709284535e-05
494.66182994300004	0.1917186023750766	3.641926907095583e-05
495.87127207000003	0.19172708846992115	3.6173959775759323e-05
497.080714197	0.19173509262988972	3.5930251028472304e-05
498.290156324	0.19174260613269312	3.568821468207667e-05
499.49959845100005	0.19174962084337624	3.544791273005221e-05
500.70904057800004	0.1917561292316481	3.520939748223595e-05
501.91848270500003	0.19176212438669105	3.497271181419209e-05
503.127924832	0.19176760002950025	3.473788947686712e-05
504.337366959	0.19177255052278286	3.450495546925697e-05
505.54680908600005	0.1917769708785047	3.427392647251115e-05
506.75625121300004	0.19178085676310092	3.404481132164572e-05
507.96569334000003	0.19178420450044897	3.381761153644497e-05
509.175135467	0.19178701107266688	3.359232188655109e-05
510.384577594	0.19178927411878668	3.3368930987251466e-05
511.59401972100005	0.1917909919314168	3.314742192884329e-05
512.803461848	0.19179216345144606	3.2927772929479404e-05
514.0129039750001	0.19179278826088025	3.270995800074006e-05
515.2223461020001	0.19179286657390873	3.24939476265898e-05
516.4317882290001	0.1917923992262686	3.2279709446456084e-05
517.641230356	0.19179138766302023	3.206720893875192e-05
518.850672483	0.19178983392481314	3.1856410100492005e-05
520.06011461	0.19178774063273724	3.164727611627144e-05
521.269556737	0.1917851109718423	3.1439770004797196e-05
522.478998864	0.19178194867346035	3.123385525923006e-05
523.688440991	0.19177825799637727	3.1029496447808336e-05
524.897883118	0.19177404370698295	3.082665979804722e-05
526.1073252450001	0.19176931105847517	3.0625313743863625e-05
527.3167673720001	0.19176406576922783	3.0425429435404494e-05
528.5262094990001	0.19175831400040422	3.0226981215977777e-05
529.735651626	0.19175206233291114	3.0029947057128026e-05
530.945093753	0.19174531774379922	2.9834308946936894e-05
532.15453588	0.19173808758216704	2.964005324081198e-05
533.363978007	0.19173037954469918	2.9447170959533142e-05
534.573420134	0.19172220165087944	2.9255658046963007e-05
535.782862261	0.19171356221799593	2.9065515574078216e-05
536.9923043880001	0.19170446983601097	2.8876749905745736e-05
538.2017465150001	0.19169493334236418	2.8689372803876456e-05
539.4111886420001	0.1916849617967912	2.8503401499596626e-05
540.6206307690001	0.19167456445624184	2.8318858709665273e-05
541.830072896	0.19166375074994116	2.813577261508854e-05
543.039515023	0.1916525302547053	2.795417678240486e-05
544.24895715	0.1916409126705159	2.7774110060600765e-05
545.458399277	0.19162890779648095	2.7595616423889413e-05
546.667841404	0.19161652550718244	2.741874478122408e-05
547.877283531	0.19160377572949988	2.7243548750784108e-05
549.0867256580001	0.19159066841995648	2.7070086395776516e-05
550.2961677850001	0.19157721354262455	2.6898419933661655e-05
551.5056099120001	0.1915634210476485	2.672861541530569e-05
552.715052039	0.1915493008504155	2.6560742378563262e-05
553.924494166	0.191534862811421	2.639487347669972e-05
555.133936293	0.19152011671686567	2.6231084088265688e-05
556.34337842	0.19150507226000757	2.606945191154647e-05
557.552820547	0.19148973902330596	2.5910056538437642e-05
558.762262674	0.19147412646137218	2.5752979025545075e-05
559.971704801	0.1914582438847718	2.5598301448992444e-05
561.1811469280001	0.19144210044466592	2.5446106455280504e-05
562.3905890550001	0.19142570511834273	2.5296476811167978e-05
563.6000311820001	0.19140906669562016	2.5149494949361362e-05
564.809473309	0.19139219376616215	2.5005242516057402e-05
566.018915436	0.19137509470768527	2.4863799926194696e-05
567.228357563	0.19135777767509005	2.4725245920606542e-05
568.43779969	0.1913402505904932	2.4589657134588272e-05
569.647241817	0.19132252113418965	2.4457107669538514e-05
570.856683944	0.19130459673650638	2.432766869273767e-05
572.066126071	0.19128648457058	2.420140802728704e-05
573.2755681980001	0.19126819154602726	2.407838977822041e-05
574.4850103250001	0.19124972430350634	2.395867396525614e-05
575.6944524520001	0.19123108921015397	2.3842316172091593e-05
576.903894579	0.19121229235589943	2.372936721953961e-05
578.113336706	0.1911933395506163	2.3619872855366875e-05
579.322778833	0.19117423632211383	2.3513873463949786e-05
580.53222096	0.1911549879149486	2.3411403800709107e-05
581.741663087	0.19113559929002058	2.3312492745591884e-05
582.951105214	0.19111607512494144	2.3217163079930492e-05
584.160547341	0.19109641981516395	2.3125431286734333e-05
585.3699894680001	0.1910766374758198	2.3037307374788873e-05
586.5794315950001	0.1910567319442692	2.295279472405709e-05
587.7888737220001	0.19103670678330778	2.287188995662298e-05
588.998315849	0.1910165652850266	2.2794582834113897e-05
590.207757976	0.19099631047528032	2.272085617130437e-05
591.417200103	0.19097594511873586	2.265068578288787e-05
592.62664223	0.19095547172447613	2.2584040448997422e-05
593.836084357	0.19093489255212542	2.2520881906441803e-05
595.045526484	0.19091420961845734	2.24611648614384e-05
596.2549686110001	0.19089342470446624	2.2404837027971414e-05
597.4644107380001	0.19087253936285137	2.2351839190339062e-05
598.6738528650001	0.1908515549258974	2.2302105284005558e-05
599.8832949920001	0.19083047251370433	2.2255562504069903e-05
601.092737119	0.19080929304274738	2.221213143469708e-05
602.302179246	0.1907880172347149	2.2171726196673625e-05
603.511621373	0.19076664562561219	2.2134254619714244e-05
604.7210635	0.19074517857507495	2.209961843482877e-05
605.930505627	0.19072361627588436	2.2067713482974705e-05
607.139947754	0.190701958763624	2.2038429949668148e-05
608.3493898810001	0.19068020592646942	2.201165261143251e-05
609.5588320080001	0.19065835751507215	2.1987261099545852e-05
610.7682741350001	0.19063641315249064	2.196513018649926e-05
611.9777162620001	0.19061437234416811	2.1945130083203535e-05
613.187158389	0.19059223448790363	2.192712675132963e-05
614.396600516	0.19056999888379378	2.191098222630028e-05
615.606042643	0.1905476647441216	2.1896554961202408e-05
616.81548477	0.19052523120316436	2.1883700172607712e-05
618.024926897	0.19050269732689035	2.187227020095106e-05
619.234369024	0.19048006212252555	2.1862114875065286e-05
620.4438111510001	0.1904573245479608	2.185308189085744e-05
621.6532532780001	0.1904344835209806	2.1845017188500127e-05
622.8626954050001	0.19041153792829568	2.1837765339871584e-05
624.072137532	0.1903884866343488	2.1831169932685912e-05
625.281579659	0.19036532848988538	2.1825073964358566e-05
626.491021786	0.19034206234026713	2.1819320221494465e-05
627.700463913	0.190318687033515	2.18137516787148e-05
628.90990604	0.19029520142806125	2.1808211876320205e-05
630.119348167	0.19027160440019897	2.180254529812048e-05
631.328790294	0.1902478948512259	2.1796597751852498e-05
632.5382324210001	0.19022407171425018	2.1790216726866318e-05
633.7476745480001	0.1902001339606833	2.1783251761081646e-05
634.9571166750001	0.19017608060636867	2.1775554782374473e-05
636.166558802	0.19015191071737683	2.176698044754205e-05
637.376000929	0.19012762341543712	2.175738646525288e-05
638.585443056	0.1901032178830108	2.174663390543813e-05
639.794885183	0.19007869336800665	2.1734587498753455e-05
641.00432731	0.19005404918812788	2.1721115908333866e-05
642.213769437	0.19002928473484787	2.1706092002776733e-05
643.4232115640001	0.19000439947703293	2.1689393089781295e-05
644.6326536910001	0.18997939296418725	2.1670901154749456e-05
645.8420958180001	0.18995426482934105	2.165050306236066e-05
647.0515379450001	0.18992901479158208	2.1628090742978334e-05
648.260980072	0.18990364265822468	2.160356136673286e-05
649.470422199	0.18987814832663627	2.1576817486407274e-05
650.679864326	0.18985253178571626	2.15477671709971e-05
651.889306453	0.18982679311703263	2.1516324104756124e-05
653.09874858	0.18980093249563773	2.1482407676590154e-05
654.308190707	0.18977495019055524	2.144594304763492e-05
655.5176328340001	0.1897488465649505	2.140686118873303e-05
656.7270749610001	0.18972262207601465	2.136509890881405e-05
657.9365170880001	0.18969627727452482	2.1320598854568384e-05
659.1459592150001	0.18966981280415096	2.127330949820011e-05
660.355401342	0.1896432294004765	2.122318509822224e-05
661.564843469	0.18961652788975064	2.1170185643279438e-05
662.774285596	0.18958970918740442	2.1114276785395847e-05
663.983727723	0.18956277429632315	2.1055429740339526e-05
665.19316985	0.1895357243048959	2.0993621190325273e-05
666.402611977	0.18950856038484706	2.092883315386873e-05
667.6120541040001	0.18948128378887175	2.086105285165757e-05
668.8214962310001	0.18945389584808894	2.0790272553340705e-05
670.0309383580001	0.18942639796930671	2.0716489412729577e-05
671.2403804850001	0.1893987916321428	2.0639705290259602e-05
672.449822612	0.1893710783859867	2.0559926567138842e-05
673.659264739	0.1893432598468316	2.0477163946486243e-05
674.868706866	0.18931533769397618	2.0391432245650543e-05
676.078148993	0.18928731366663043	2.030275018453237e-05
677.28759112	0.1892591895604149	2.021114016205472e-05
678.497033247	0.18923096722378197	2.0116628031474626e-05
679.7064753740001	0.18920264855436159	2.0019242870358833e-05
680.9159175010001	0.18917423549525264	1.9919016744619766e-05
682.1253596280001	0.18914573003126506	1.981598447629157e-05
683.3348017550001	0.18911713418513204	1.9710183402465997e-05
684.544243882	0.18908845001368932	1.9601653141604336e-05
685.753686009	0.18905967960405445	1.949043535430517e-05
686.963128136	0.18903082506979665	1.9376573516562134e-05
688.172570263	0.18900188854712027	1.92601126798031e-05
689.38201239	0.1889728721910688	1.9141099250934157e-05
690.5914545170001	0.18894377817175653	1.9019580768331323e-05
691.8008966440001	0.1889146086706406	1.8895605686804207e-05
693.0103387710001	0.18888536587684582	1.8769223166306692e-05
694.2197808980001	0.18885605198354477	1.8640482869279607e-05
695.429223025	0.18882666918439978	1.8509434771031563e-05
696.638665152	0.18879721967008417	1.837612896866264e-05
697.848107279	0.188767705624884	1.824061550927819e-05
699.057549406	0.1887381292233949	1.8102944219305916e-05
700.266991533	0.18870849262729483	1.796316455313779e-05
701.47643366	0.1886787979822459	1.7821325444873637e-05
702.6858757870001	0.18864904741488314	1.7677475175080504e-05
703.8953179140001	0.1886192430299252	1.753166124696809e-05
705.1047600410001	0.18858938690739638	1.7383930278315474e-05
706.3142021680001	0.18855948109998463	1.723432790017021e-05
707.523644295	0.18852952763051195	1.7082898669917856e-05
708.733086422	0.18849952848954282	1.6929686000470567e-05
709.942528549	0.1884694856331219	1.677473209171082e-05
711.151970676	0.18843940098065476	1.661807788565922e-05
712.361412803	0.18840927641291413	1.6459763025784835e-05
713.57085493	0.18837911377020608	1.6299825831456172e-05
714.7802970570001	0.18834891485065977	1.613830328445892e-05
715.9897391840001	0.18831868140867114	1.5975231024811798e-05
717.1991813110001	0.18828841515348513	1.581064336130672e-05
718.4086234380001	0.1882581177479259	1.5644573288724206e-05
719.618065565	0.1882277908072701	1.547705251861431e-05
720.827507692	0.18819743589826132	1.5308111522026324e-05
722.036949819	0.18816705453826732	1.5137779573168308e-05
723.246391946	0.1881366481945851	1.4966084814771463e-05
724.455834073	0.1881062182838765	1.4793054318590348e-05
725.6652762	0.18807576617174826	1.461871416415933e-05
726.8747183270001	0.18804529317246652	1.4443089521871955e-05
728.0841604540001	0.188014800548804	1.426620473925222e-05
729.2936025810001	0.18798428951201432	1.4088083438550114e-05
730.5030447080001	0.18795376122194205	1.3908748611110577e-05
731.712486835	0.18792321678724574	1.3728222726369643e-05
732.921928962	0.1878926572657499	1.354652783982363e-05
734.131371089	0.18786208366490822	1.3363685700769345e-05
735.340813216	0.187831496942377	1.3179717865685614e-05
736.550255343	0.1878008980067044	1.2994645812280936e-05
737.7596974700001	0.1877702877181103	1.280849106025106e-05
738.9691395970001	0.18773966688937743	1.2621275276805677e-05
740.1785817240001	0.18770903628682448	1.2433020395330452e-05
741.3880238510001	0.1876783966313719	1.2243748727769344e-05
742.5974659780001	0.18764774859969047	1.2053483071233773e-05
743.806908105	0.1876170928254252	1.1862246820766587e-05
745.016350232	0.18758642990049376	1.1670064066028607e-05
746.225792359	0.18755576037644958	1.147695969380691e-05
747.435234486	0.187525084765903	1.1282959480288235e-05
748.644676613	0.18749440354400268	1.1088090179807442e-05
749.8541187400001	0.18746371714995827	1.0892379609460379e-05
751.0635608670001	0.1874330259886188	1.0695856721261443e-05
752.2730029940001	0.18740233043207558	1.049855167503666e-05
753.4824451210001	0.1873716308213026	1.0300495896252426e-05
754.6918872480001	0.18734092746782988	1.0101722136751645e-05
755.901329375	0.18731022065542427	9.902264515207482e-06
757.110771502	0.18727951064180187	9.702158560678797e-06
758.320213629	0.1872487976603313	9.501441238297936e-06
759.529655756	0.18721808192175912	9.300150976547517e-06
760.739097883	0.18718736361593116	9.098327678612461e-06
761.9485400100001	0.18715664291349543	8.896012729776859e-06
763.1579821370001	0.18712591996761596	8.693248991845093e-06
764.3674242640001	0.18709519491565224	8.490080794697208e-06
765.5768663910001	0.18706446788083209	8.286553919892303e-06
766.786308518	0.18703373897389466	8.082715567903076e-06
767.995750645	0.18700300829470548	7.878614328681033e-06
769.205192772	0.18697227593384905	7.67430013956516e-06
770.414634899	0.1869415419741708	7.4698242339757415e-06
771.624077026	0.1869108064922875	7.265239087402009e-06
772.833519153	0.18688006956006625	7.060598357394587e-06
774.0429612800001	0.18684933124603825	6.855956812101827e-06
775.2524034070001	0.18681859161677533	6.651370261727407e-06
776.4618455340001	0.18678785073821486	6.446895474646053e-06
777.6712876610001	0.1867571086769364	6.242590097418899e-06
778.880729788	0.18672636550137367	6.038512566690357e-06
780.090171915	0.18669562128297484	5.8347220155963164e-06
781.299614042	0.18666487609730753	5.63127818210829e-06
782.509056169	0.18663413002509904	5.42824130814884e-06
783.718498296	0.18660338315321817	5.225672041121732e-06
784.9279404230001	0.18657263557559345	5.023631334311052e-06
786.1373825500001	0.18654188739407135	4.822180340820215e-06
787.3468246770001	0.18651113871920671	4.621380305054601e-06
788.5562668040001	0.18648038967100242	4.421292463953341e-06
789.7657089310001	0.18644964037956646	4.221977938527466e-06
790.975151058	0.18641889098572564	4.023497627021755e-06
792.184593185	0.18638814164155998	3.825912102850548e-06
793.394035312	0.18635739251089198	3.6292815091890085e-06
794.603477439	0.18632664376969693	3.433665457672208e-06
795.812919566	0.18629589560646637	3.239122924797444e-06
797.0223616930001	0.18626514822250317	3.045712155931579e-06
798.2318038200001	0.18623440183216722	2.853490569866557e-06
799.4412459470001	0.1862036566630556	2.662514663583082e-06
800.6506880740001	0.18617291295613148	2.472839914953451e-06
801.8601302010001	0.18614217096579788	2.284520707628024e-06
803.069572328	0.18611143095992136	2.0976102345846015e-06
804.279014455	0.18608069321980714	1.912160425034115e-06
805.488456582	0.18604995804011487	1.7282218606751165e-06
806.697898709	0.18601922572873997	1.545843706776684e-06
807.907340836	0.1859884966066489	1.3650736431225496e-06
809.1167829630001	0.18595777100766242	1.1859577936021437e-06
810.3262250900001	0.18592704927821027	1.0085406732390778e-06
811.5356672170001	0.18589633177704226	8.328651223896144e-07
812.7451093440001	0.18586561887490077	6.58972264928892e-07
813.9545514710001	0.18583491095416468	4.869014526981408e-07
815.163993598	0.1858042084084582	3.166902259668647e-07
816.373435725	0.18577351164223452	1.483742753036199e-07
817.582877852	0.1857428210703233	-1.8012587997551233e-08
818.792319979	0.18571213711747003	-1.8243846793691842e-07
820.001762106	0.18568146021783322	-3.44873401690593e-07
821.2112042330001	0.18565079081447736	-5.052893812113046e-07
822.4206463600001	0.18562012935883693	-6.636603660931106e-07
823.6300884870001	0.1855894763101737	-8.199622967136611e-07
824.8395306140001	0.18555883213501073	-9.741730930823422e-07
826.0489727410001	0.18552819730656	-1.126272662417549e-06
827.258414868	0.18549757230414585	-1.276242891402879e-06
828.467856995	0.18546695761260493	-1.4240676380894435e-06
829.677299122	0.1854363537216994	-1.5697327200858702e-06
830.886741249	0.18540576112551146	-1.7132259005625539e-06
832.0961833760001	0.1853751803218462	-1.8545368630912273e-06
833.3056255030001	0.18534461181162573	-1.993657190800524e-06
834.5150676300001	0.18531405609829238	-2.1305803390159195e-06
835.7245097570001	0.18528351368721196	-2.2653016001836224e-06
836.9339518840001	0.1852529850850795	-2.3978180706193952e-06
838.143394011	0.18522247079933626	-2.5281286139614e-06
839.352836138	0.18519197133758858	-2.6562338200503133e-06
840.562278265	0.18516148720704673	-2.782135956815035e-06
841.771720392	0.1851310189139568	-2.9058389335728796e-06
842.981162519	0.1851005669630647	-3.027348241875505e-06
844.1906046460001	0.1850701318570748	-3.146670914069838e-06
845.4000467730001	0.18503971409613626	-3.263815461944375e-06
846.6094889000001	0.18500931417733743	-3.378791829343475e-06
847.8189310270001	0.1849789325942202	-3.491611332950839e-06
849.0283731540001	0.1849485698363053	-3.602286607895522e-06
850.237815281	0.18491822638863736	-3.7108315498121658e-06
851.447257408	0.18488790273135902	-3.817261252286874e-06
852.656699535	0.18485759933928947	-3.921591953268133e-06
853.866141662	0.1848273166815281	-4.023840972880444e-06
855.075583789	0.18479705522108103	-4.124026653097579e-06
856.2850259160001	0.18476681541450257	-4.222168301946938e-06
857.4944680430001	0.18473659771156864	-4.318286129095794e-06
858.7039101700001	0.18470640255495563	-4.412401193705506e-06
859.9133522970001	0.1846762303799574	-4.5045353406977795e-06
861.1227944240001	0.18464608161421078	-4.594711146839459e-06
862.332236551	0.18461595667744699	-4.682951864870555e-06
863.541678678	0.18458585598127442	-4.769281367979217e-06
864.751120805	0.18455577992896982	-4.853724095622847e-06
865.960562932	0.1845257289152913	-4.936305001458641e-06
867.170005059	0.18449570332633153	-5.0170495041815255e-06
868.3794471860001	0.18446570353936903	-5.095983436530227e-06
869.5888893130001	0.18443572992275165	-5.17313299817912e-06
870.7983314400001	0.1844057828358054	-5.248524712335445e-06
872.0077735670001	0.1843758626287561	-5.3221853800536345e-06
873.2172156940001	0.1843459696426743	-5.394142035805571e-06
874.426657821	0.18431610420943523	-5.4644219152702456e-06
875.636099948	0.18428626665170986	-5.533052406643535e-06
876.845542075	0.18425645728296222	-5.600061019975233e-06
878.054984202	0.18422667640747298	-5.6654753559370885e-06
879.2644263290001	0.18419692432037366	-5.729323066520908e-06
880.4738684560001	0.18416720130770595	-5.791631828226673e-06
881.6833105830001	0.18413750764648806	-5.852429314230634e-06
882.8927527100001	0.18410784360480517	-5.911743162501093e-06
884.1021948370001	0.18407820944190972	-5.969600953184551e-06
885.3116369640001	0.18404860540833912	-6.026030186817577e-06
886.521079091	0.1840190317460468	-6.081058258458616e-06
887.730521218	0.18398948868853554	-6.134712439861967e-06
888.939963345	0.1839599764610209	-6.187019857488429e-06
890.149405472	0.18393049528059147	-6.238007478009955e-06
891.3588475990001	0.18390104535638604	-6.287702089498304e-06
892.5682897260001	0.1838716268897816	-6.336130284431696e-06
893.7777318530001	0.18384224007458141	-6.383318447475417e-06
894.9871739800001	0.18381288509721577	-6.429292743533044e-06
896.1966161070001	0.18378356213696093	-6.4740791030082345e-06
897.406058234	0.18375427136614483	-6.517703212388648e-06
898.615500361	0.18372501295037022	-6.560190502089003e-06
899.824942488	0.1836957870487471	-6.601566136757442e-06
901.034384615	0.1836665938141104	-6.6418550080382666e-06
902.243826742	0.18363743339326677	-6.68108172551668e-06
903.4532688690001	0.18360830592721972	-6.7192706079619025e-06
904.6627109960001	0.1835792115514162	-6.756445674577227e-06
905.8721531230001	0.183550150395977	-6.7926306412322e-06
907.0815952500001	0.18352112258594913	-6.8278489149462e-06
908.2910373770001	0.18349212824153394	-6.862123582543345e-06
909.500479504	0.18346316747833347	-6.89547740918145e-06
910.709921631	0.18343424040758752	-6.9279328318086475e-06
911.919363758	0.18340534713640577	-6.959511956124154e-06
913.128805885	0.18337648776800533	-6.990236546336459e-06
914.338248012	0.18334766240194555	-7.020128027217243e-06
915.5476901390001	0.18331887113434803	-7.0492074752334655e-06
916.7571322660001	0.18329011405812906	-7.077495618443286e-06
917.9665743930001	0.18326139126320912	-7.105012828238777e-06
919.1760165200001	0.18323270283673912	-7.13177911794427e-06
920.3854586470001	0.18320404886330022	-7.157814143392283e-06
921.594900774	0.1831754294251161	-7.183137192147415e-06
922.804342901	0.18314684460225034	-7.207767189251757e-06
924.013785028	0.18311829447279646	-7.231722685054065e-06
925.223227155	0.1830897791130629	-7.25502186314092e-06
926.432669282	0.1830612985977584	-7.277682533488039e-06
927.6421114090001	0.18303285300016478	-7.299722129559816e-06
928.8515535360001	0.1830044423922956	-7.321157709731796e-06
930.0609956630001	0.18297606684506437	-7.342005956360864e-06
931.2704377900001	0.18294772642843377	-7.36228317242682e-06
932.4798799170001	0.1829194212115528	-7.382005284932436e-06
933.689322044	0.18289115126290456	-7.401187843522616e-06
934.898764171	0.1828629166504283	-7.419846019901533e-06
936.108206298	0.1828347174416422	-7.437994612259635e-06
937.317648425	0.182806553703757	-7.455648041471141e-06
938.5270905520001	0.18277842550378734	-7.472820358060683e-06
939.7365326790001	0.18275033290864084	-7.4895252420922875e-06
940.9459748060001	0.1827222759852191	-7.50577600438368e-06
942.1554169330001	0.18269425480049084	-7.521585592799862e-06
943.3648590600001	0.18266626942157962	-7.536966592711081e-06
944.5743011870001	0.18263831991582086	-7.551931234722753e-06
945.783743314	0.1826104063508298	-7.566491393447283e-06
946.993185441	0.18258252879455647	-7.580658598321799e-06
948.202627568	0.18255468731532398	-7.594444034302039e-06
949.412069695	0.18252688198187805	-7.6078585494882e-06
950.6215118220001	0.18249911286341716	-7.620912659787871e-06
951.8309539490001	0.18247138002961832	-7.633616558214151e-06
953.0403960760001	0.18244368355065693	-7.645980115440765e-06
954.2498382030001	0.18241602349722438	-7.658012894928845e-06
955.4592803300001	0.18238839994053058	-7.6697241536694e-06
956.6687224570001	0.18236081295230958	-7.681122851446731e-06
957.878164584	0.18233326260482036	-7.692217661045553e-06
959.087606711	0.18230574897083093	-7.70301697268494e-06
960.297048838	0.1822782721236049	-7.713528907382639e-06
961.506490965	0.182250832136896	-7.72376131939756e-06
962.7159330920001	0.18222342908490913	-7.73372181194637e-06
963.9253752190001	0.18219606304228098	-7.743417737446356e-06
965.1348173460001	0.18216873408404508	-7.75285621541777e-06
966.3442594730001	0.18214144228560056	-7.762044137743507e-06
967.5537016000001	0.18211418772267157	-7.770988176496185e-06
968.763143727	0.1820869704712639	-7.77969479472812e-06
969.972585854	0.18205979060761993	-7.788170256602112e-06
971.182027981	0.18203264820817566	-7.796420635267087e-06
972.391470108	0.18200554334950236	-7.804451825452197e-06
973.600912235	0.18197847610825882	-7.812269549198336e-06
974.8103543620001	0.18195144656113443	-7.81987936627343e-06
976.0197964890001	0.1819244547847929	-7.827286684101986e-06
977.2292386160001	0.1818975008558169	-7.834496766195853e-06
978.4386807430001	0.18187058485064506	-7.841514740446198e-06
979.6481228700001	0.18184370684551102	-7.848345611315144e-06
980.857564997	0.1818168669163867	-7.854994264443194e-06
982.067007124	0.18179006513891513	-7.861465478146978e-06
983.276449251	0.18176330158835316	-7.867763931690419e-06
984.485891378	0.1817365763395046	-7.873894209635413e-06
985.6953335050001	0.18170988946666045	-7.879860817669448e-06
986.9047756320001	0.18168324104353498	-7.885668179483107e-06
988.1142177590001	0.18165663114320743	-7.891320652632372e-06
989.3236598860001	0.18163005983805805	-7.896822533846881e-06
990.5331020130001	0.18160352719970776	-7.902178063068366e-06
991.7425441400001	0.18157703329896227	-7.907391433699396e-06
992.951986267	0.1815505782057521	-7.912466797974083e-06
994.161428394	0.18152416198907634	-7.917408269969561e-06
995.370870521	0.18149778471694708	-7.922219937062103e-06
996.580312648	0.18147144645633423	-7.926905858275657e-06
997.7897547750001	0.18144514727311856	-7.931470075994707e-06
998.9991969020001	0.18141888723203875	-7.935916617393679e-06
1000.2086390290001	0.18139266639664364	-7.940249495616558e-06
1001.4180811560001	0.1813664848292449	-7.944472722627716e-06
1002.6275232830001	0.1813403425908771	-7.94859030451428e-06
1003.8369654100001	0.1813142397412547	-7.95260624874422e-06
1005.046407537	0.1812881763387314	-7.956524565977396e-06
1006.255849664	0.1812621524402642	-7.9603492730701e-06
1007.465291791	0.1812361681013827	-7.964084394532223e-06
1008.674733918	0.18121022337615436	-7.967733967537138e-06
1009.8841760450001	0.18118431831715043	-7.97130204319152e-06
1011.0936181720001	0.18115845297542904	-7.974792681962606e-06
1012.3030602990001	0.18113262740050853	-7.978209960506077e-06
1013.5125024260001	0.18110684164034024	-7.98155797068073e-06
1014.7219445530001	0.18108109574129133	-7.984840822379546e-06
1015.9313866800001	0.18105538974813984	-7.988062637610815e-06
1017.140828807	0.18102972370405	-7.991227553433289e-06
1018.350270934	0.1810040976505606	-7.99433972332314e-06
1019.559713061	0.18097851162758133	-7.99740331722254e-06
1020.769155188	0.1809529656733896	-8.00042251333788e-06
1021.9785973150001	0.18092745982462397	-8.003401503565988e-06
1023.1880394420001	0.18090199411628	-8.006344486825856e-06
1024.397481569	0.18087656858171677	-8.00925567247257e-06
1025.606923696	0.18085118325266133	-8.012139272782492e-06
1026.816365823	0.18082583815921605	-8.014999503924702e-06
1028.0258079500002	0.18080053332986085	-8.017840581332758e-06
1029.235250077	0.18077526879147354	-8.020666718150382e-06
1030.4446922040001	0.18075004456933555	-8.023482119506875e-06
1031.654134331	0.18072486068715343	-8.02629098317631e-06
1032.8635764580001	0.1806997171670731	-8.029097494331727e-06
1034.073018585	0.18067461402969798	-8.031905817634799e-06
1035.282460712	0.18064955129411267	-8.034720099928117e-06
1036.491902839	0.1806245289779053	-8.037544463414259e-06
1037.701344966	0.18059954709719317	-8.040382997454021e-06
1038.9107870930002	0.1805746056666482	-8.043239762563215e-06
1040.12022922	0.18054970469952542	-8.046118778227973e-06
1041.3296713470002	0.1805248442076895	-8.04902402315455e-06
1042.539113474	0.1805000242016509	-8.051959429079825e-06
1043.7485556010001	0.18047524469059278	-8.054928874338951e-06
1044.957997728	0.1804505056824109	-8.05793618157552e-06
1046.167439855	0.18042580718374018	-8.060985114230479e-06
1047.376881982	0.18040114919999375	-8.06407936463499e-06
1048.586324109	0.18037653173539925	-8.067222556799869e-06
1049.795766236	0.18035195479303712	-8.07041823906729e-06
1051.005208363	0.18032741837487773	-8.073669879524181e-06
1052.2146504900002	0.18030292248181906	-8.07698085850822e-06
1053.424092617	0.1802784671137247	-8.08035446817068e-06
1054.6335347440001	0.18025405226946667	-8.083793902380343e-06
1055.842976871	0.1802296779469627	-8.087302258937001e-06
1057.0524189980001	0.1802053441432215	-8.090882527733712e-06
1058.261861125	0.18018105085437713	-8.094537592359674e-06
1059.471303252	0.18015679807573515	-8.09827022046905e-06
1060.680745379	0.1801325858018099	-8.10208306442628e-06
1061.890187506	0.18010841402636593	-8.105978658648483e-06
1063.0996296330002	0.1800842827424626	-8.109959405949718e-06
1064.30907176	0.18006019194249295	-8.114027583341898e-06
1065.5185138870002	0.18003614161822573	-8.118185335373451e-06
1066.727956014	0.18001213176084227	-8.122434672852563e-06
1067.9373981410001	0.1799881623609847	-8.126777464798063e-06
1069.146840268	0.17996423340878728	-8.131215443095419e-06
1070.356282395	0.1799403448939224	-8.135750192338198e-06
1071.565724522	0.17991649680563826	-8.140383155483266e-06
1072.775166649	0.1798926891327949	-8.145115625302068e-06
1073.9846087760002	0.17986892186391124	-8.149948744422264e-06
1075.194050903	0.17984519498719514	-8.154883508207367e-06
1076.4034930300002	0.17982150849058331	-8.159920762036699e-06
1077.612935157	0.17979786236178089	-8.165061197308587e-06
1078.8223772840001	0.1797742565882925	-8.170305356186569e-06
1080.031819411	0.17975069115746245	-8.175653629788338e-06
1081.2412615380001	0.17972716605650577	-8.181106259885773e-06
1082.450703665	0.1797036812725477	-8.186663337683697e-06
1083.660145792	0.17968023679265482	-8.192324812653085e-06
1084.869587919	0.17965683260386126	-8.19809048633463e-06
1086.079030046	0.17963346869321675	-8.20396001761925e-06
1087.2884721730002	0.17961014504779652	-8.209932931289854e-06
1088.4979143	0.17958686165474885	-8.216008615259673e-06
1089.7073564270001	0.1795636185013158	-8.222186328614434e-06
1090.916798554	0.17954041557486317	-8.228465202889113e-06
1092.1262406810001	0.17951725286290754	-8.234844251969742e-06
1093.335682808	0.1794941303531425	-8.24132237558367e-06
1094.545124935	0.1794710480334642	-8.247898365967843e-06
1095.754567062	0.17944800589199622	-8.254570914155435e-06
1096.964009189	0.1794250039171095	-8.261338620134395e-06
1098.1734513160002	0.17940204209744545	-8.268199997503445e-06
1099.382893443	0.17937912042193518	-8.275153487211084e-06
1100.5923355700002	0.1793562388798217	-8.282197459484608e-06
1101.801777697	0.1793333974606699	-8.28933022922057e-06
1103.0112198240001	0.1793105961543919	-8.296550066885788e-06
1104.220661951	0.17928783495125186	-8.303855203638244e-06
1105.430104078	0.17926511384188626	-8.311243850339656e-06
1106.639546205	0.17924243281730873	-8.318714201406563e-06
1107.848988332	0.17921979186892067	-8.326264454391885e-06
1109.058430459	0.1791971909885168	-8.33389281677116e-06
1110.267872586	0.17917463016829335	-8.341597523039979e-06
1111.4773147130002	0.17915210940084636	-8.349376844116185e-06
1112.68675684	0.17912962867917526	-8.357229106664699e-06
1113.8961989670001	0.17910718799667402	-8.36515270012661e-06
1115.105641094	0.17908478734713537	-8.373146098181183e-06
1116.3150832210001	0.1790624267247348	-8.381207869070928e-06
1117.524525348	0.17904010612402496	-8.38933669047165e-06
1118.733967475	0.17901782553992573	-8.397531363314725e-06
1119.943409602	0.17899558496770024	-8.40579083202092e-06
1121.152851729	0.17897338440294064	-8.414114191092337e-06
1122.3622938560002	0.17895122384155093	-8.422500707067071e-06
1123.571735983	0.17892910327971306	-8.430949829225931e-06
1124.7811781100002	0.1789070227138711	-8.439461202748577e-06
1125.990620237	0.17888498214068815	-8.448034686442396e-06
1127.2000623640001	0.1788629815570265	-8.456670365308838e-06
1128.409504491	0.17884102095990095	-8.465368562499131e-06
1129.618946618	0.17881910034644866	-8.474129852859003e-06
1130.828388745	0.17879721971387907	-8.48295507425989e-06
1132.037830872	0.1787753790594397	-8.49184534149755e-06
1133.2472729990002	0.17875357838036213	-8.500802055444456e-06
1134.456715126	0.17873181767382115	-8.509826915574503e-06
1135.6661572530002	0.17871009693688003	-8.518921925507184e-06
1136.87559938	0.17868841616644	-8.528089404116757e-06
1138.0850415070001	0.17866677535918601	-8.537331994941388e-06
1139.294483634	0.17864517451153789	-8.546652668070531e-06
1140.5039257610001	0.17862361361958448	-8.556054733106777e-06
1141.713367888	0.17860209267904115	-8.565541837132762e-06
1142.922810015	0.17858061168518205	-8.575117974314594e-06
1144.132252142	0.17855917063278617	-8.584787484784695e-06
1145.341694269	0.17853776951609063	-8.594555059998621e-06
1146.5511363960002	0.17851640832872165	-8.604425742880784e-06
1147.760578523	0.17849508706364542	-8.614404926263197e-06
1148.9700206500002	0.1784738057131147	-8.624498356403498e-06
1150.179462777	0.178452564268618	-8.634712128086086e-06
1151.3889049040001	0.17843136272082363	-8.64505268740462e-06
1152.598347031	0.17841020105953362	-8.655526825954163e-06
1153.807789158	0.1783890792736365	-8.666141675398031e-06
1155.017231285	0.17836799735105963	-8.67690471224869e-06
1156.226673412	0.17834695527873062	-8.687823746876544e-06
1157.4361155390002	0.17832595304252874	-8.698906924488325e-06
1158.645557666	0.17830499062725497	-8.710162715641623e-06
1159.8549997930002	0.178284068016591	-8.721599919568612e-06
1161.06444192	0.17826318519306422	-8.733227653441589e-06
1162.2738840470001	0.17824234213801646	-8.745055355703635e-06
1163.483326174	0.17822153883157682	-8.757092775195374e-06
1164.6927683010001	0.1782007752526324	-8.769349971689266e-06
1165.902210428	0.17818005137879833	-8.781837313495688e-06
1167.111652555	0.17815936718640213	-8.794565474118388e-06
1168.321094682	0.17813872265044844	-8.807545429478925e-06
1169.530536809	0.17811811774460373	-8.820788458416273e-06
1170.7399789360002	0.17809755244117376	-8.83430614162517e-06
1171.949421063	0.1780770267110811	-8.848110353849858e-06
1173.1588631900001	0.17805654052384112	-8.86221327064951e-06
1174.368305317	0.17803609384754704	-8.876627365601852e-06
1175.5777474440001	0.17801568664883644	-8.891365404717355e-06
1176.787189571	0.17799531889287812	-8.906440456611653e-06
1177.996631698	0.1779749905433418	-8.921865874159107e-06
1179.206073825	0.17795470156237542	-8.937655305150949e-06
1180.415515952	0.1779344519105716	-8.953822684544532e-06
1181.6249580790002	0.1779142415469513	-8.970382229439577e-06
1182.834400206	0.17789407042891617	-8.987348429433106e-06
1184.0438423330002	0.17787393851222832	-9.004736045536976e-06
1185.25328446	0.1778538457509694	-9.022560086877074e-06
1186.4627265870001	0.17783379209751343	-9.040835807286318e-06
1187.672168714	0.1778137775024778	-9.059578682919789e-06
1188.881610841	0.17779380191469324	-9.07880439460218e-06
1190.091052968	0.17777386528116287	-9.098528792085558e-06
1191.300495095	0.17775396754701916	-9.118767871525713e-06
1192.5099372220002	0.1777341086554946	-9.139537735847192e-06
1193.719379349	0.17771428854786805	-9.160854554240982e-06
1194.9288214760002	0.17769450716343826	-9.182734508478285e-06
1196.138263603	0.17767476443947708	-9.20519373735773e-06
1197.3477057300001	0.1776550603112025	-9.228248271070383e-06
1198.557147857	0.17763539471173803	-9.251913960978131e-06
1199.7665899840001	0.17761576757208186	-9.276206393279973e-06
1200.976032111	0.17759617882107864	-9.301140798188834e-06
1202.185474238	0.17757662838539395	-9.326731949796385e-06
1203.394916365	0.17755711618948983	-9.352994051047003e-06
1204.604358492	0.17753764215560916	-9.379940617802729e-06
1205.8138006190002	0.17751820620375294	-9.407584344492403e-06
1207.023242746	0.1774988082516857	-9.435936964750924e-06
1208.2326848730002	0.17747944821491873	-9.465009106313094e-06
1209.442127	0.1774601260067241	-9.494810135533827e-06
