0.0	0.0	0.0
1.209442127	0.00021518167927190023	-3.929330614895821e-08
2.418884254	0.0008593886548677937	-3.6696744759188906e-08
3.6283263810000004	0.0019292583957016833	-3.3877564489586884e-08
4.837768508	0.0034193065867999506	-3.0847619277539484e-08
6.047210635000001	0.005322061921898777	-2.762998482352258e-08
7.256652762000001	0.0076281646839019045	-2.422179396898566e-08
8.466094889	0.010326474194947793	-2.0670095128572097e-08
9.675537016	0.013404185203423728	-1.7023096194820897e-08
10.884979143	0.016846952882298833	-1.3273904378441337e-08
12.094421270000002	0.020639025566650843	-9.476976287059458e-09
13.303863397	0.024763384109625638	-5.667821642574289e-09
14.513305524000002	0.02920188669179734	-1.8740932798688714e-09
15.722747651	0.0339354175969801	1.8630383728790445e-09
16.932189778	0.03894403857597642	5.582519706920364e-09
18.141631905	0.044207141312095286	9.291881524625678e-09
19.351074032	0.04970359977726685	1.2960042386489512e-08
20.560516159000002	0.055411920846533944	1.649773747475214e-08
21.769958286	0.06131039184557603	1.976124920644029e-08
22.979400413	0.06737722379524864	2.2742980415602077e-08
24.188842540000003	0.07359068916839792	2.5493090097250537e-08
25.398284667000002	0.07992925383117623	2.790717600065218e-08
26.607726794	0.08637170059846705	2.9939068224571486e-08
27.817168921	0.092897245363871	3.151238429921488e-08
29.026611048000003	0.099485643981676	3.2562720811424306e-08
30.236053175000002	0.10611728975857529	3.302420083922675e-08
31.445495302	0.1127733010150657	3.280781565861979e-08
32.654937429	0.11943559841416468	3.179089480553898e-08
33.864379556	0.12608697189337897	2.9816895591450177e-08
35.073821683000006	0.13271113714953697	2.6700453639727506e-08
36.28326381	0.13929278172744985	2.2234114327446264e-08
37.492705937000004	0.1458176008666049	1.6197126639916348e-08
38.702148064	0.15227232336188873	8.369270595998124e-09
39.911590191	0.1586447277850007	-1.4453113705847898e-09
41.121032318000005	0.16492364949515098	-1.3381202396134384e-08
42.330474445	0.17109897894776768	-2.7467659605151518e-08
43.539916572	0.17716165188145536	-4.359400998521501e-08
44.749358699000005	0.18310363201054422	-6.150185079267789e-08
45.958800826	0.18891788687127292	-8.080836699786431e-08
47.168242953000004	0.19459835748282028	-1.0104999546844962e-07
48.377685080000006	0.20013992250470145	-1.2173141729354686e-07
49.587127207	0.20553835759396366	-1.423696248947781e-07
50.796569334000004	0.2107902906774115	-1.625286573381235e-07
52.00601146100001	0.21589315385073418	-1.818439693962448e-07
53.215453588	0.22084513259987007	-2.0003720263561675e-07
54.424895715000005	0.22564511301490486	-2.1692282510532568e-07
55.634337842	0.2302926276363153	-2.3240823146530865e-07
56.843779969	0.23478780053906526	-2.4648866858711926e-07
58.053222096000006	0.2391312922220264	-2.59238096392278e-07
59.262664223	0.24332424482854123	-2.7079672905439e-07
60.472106350000004	0.24736822817948914	-2.813557231778896e-07
61.68154847700001	0.25126518705360606	-2.9113905347655233e-07
62.890990604	0.25501739010193364	-3.003826887504335e-07
64.100432731	0.25862738073495617	-3.0931112993126675e-07
65.309874858	0.2620979302728401	-3.181116297878983e-07
66.519316985	0.2654319936018302	-3.2690676223662285e-07
67.728759112	0.2686326675339643	-3.3572639825812933e-07
68.93820123900001	0.27170315202317524	-3.444806132291145e-07
70.14764336600001	0.27464671434908644	-3.529355192544159e-07
71.357085493	0.27746665634046297	-3.606942371586763e-07
72.56652762	0.2801662846737035	-3.671851727116149e-07
73.775969747	0.2827488842478927	-3.7165902425084774e-07
74.98541187400001	0.2852176946069135	-3.731949010932212e-07
76.19485400100001	0.28757588935120665	-3.707145098605369e-07
77.404296128	0.2898265584567511	-3.630021933667682e-07
78.613738255	0.29197269339707305	-3.487279312611169e-07
79.823180382	0.2940171749454328	-3.264704159788856e-07
81.032622509	0.2959627635186238	-2.9473783778877216e-07
82.24206463600001	0.29781209191136615	-2.5198487087207955e-07
83.45150676300001	0.2995676602607173	-1.9662528497749188e-07
84.66094889	0.3012318330733808	-1.270403880912485e-07
85.870391017	0.302806838145228	-4.15842913263631e-08
87.079833144	0.30429476720137405	6.141255368130594e-08
88.28927527100001	0.3056975780864514	1.8363988949637866e-07
89.49871739800001	0.307017098337921	3.2680260760378776e-07
90.708159525	0.30825502997979815	4.926127751721243e-07
91.917601652	0.30941295537955626	6.82777912909549e-07
93.127043779	0.3104923440174219	8.989853206367582e-07
94.33648590600001	0.3114945600239238	1.1428829235944626e-06
95.54592803300001	0.3124208703488961	1.4160577284736547e-06
96.75537016000001	0.31327245343265414	1.720013344620741e-06
97.964812287	0.31405040825794994	2.0561482687499882e-06
99.174254414	0.3147557636690863	2.4257364218908256e-06
100.383696541	0.31538948785256077	2.8299110533336683e-06
101.59313866800001	0.3159524978810416	3.2696524481469133e-06
102.80258079500001	0.3164456692299802	3.7457791338423897e-06
104.01202292200001	0.3168698451833709	4.258941648856802e-06
105.221465049	0.317225846052522	4.809617685181474e-06
106.430907176	0.31751447813971423	5.3981076212760316e-06
107.64034930300001	0.31773654238698407	6.024530089378515e-06
108.84979143000001	0.31789284265875944	6.688817776317503e-06
110.05923355700001	0.3179841936149438	7.390713920495985e-06
111.268675684	0.3180114281375084	8.129769618069743e-06
112.478117811	0.3179754042791579	8.90534141194995e-06
113.687559938	0.31787701170719457	9.716588191431216e-06
114.89700206500001	0.3177171776202724	1.0562466394895345e-05
116.10644419200001	0.3174968721204134	1.1441723080976227e-05
117.31588631900001	0.31721711302733724	1.2352887253349112e-05
118.525328446	0.3168789701265806	1.3294260613805342e-05
119.734770573	0.3164835688467631	1.4263909520965956e-05
120.94421270000001	0.3160320933643853	1.5259659998200295e-05
122.15365482700001	0.3155257891369337	1.627909740957792e-05
123.36309695400001	0.31496596486666795	1.731957193919567e-05
124.572539081	0.31435399389885554	1.837821028994116e-05
125.781981208	0.31369131505937853	1.945193349273469e-05
126.99142333500001	0.3129794329382141	2.0537480329357177e-05
128.200865462	0.3122199176273681	2.163143593641656e-05
129.410307589	0.3114144039248054	2.2730265513221104e-05
130.619749716	0.3105645900194008	2.383035366622724e-05
131.82919184300002	0.30967223567590907	2.492805025579997e-05
133.03863397	0.30873915994264267	2.6019723256505423e-05
134.24807609700002	0.30776723840763764	2.7101817550324175e-05
135.457518224	0.30675840003125165	2.817091573042302e-05
136.666960351	0.30571462358428625	2.922379348430787e-05
137.87640247800002	0.3046379337213441	3.025745934511631e-05
139.085844605	0.30353039671964577	3.126916837629945e-05
140.29528673200002	0.30239411591445414	3.2256402937573536e-05
141.504728859	0.3012312268633993	3.321682043855301e-05
142.714170986	0.30004389227319983	3.414817586194774e-05
143.92361311300002	0.2988342967226622	3.504823266636814e-05
145.13305524	0.2976046412153778	3.591467751311653e-05
146.34249736700002	0.29635713759437277	3.6745052080195545e-05
147.551939494	0.29509400284961723	3.7536710654855615e-05
148.761381621	0.2938174533485745	3.828680707099533e-05
149.97082374800002	0.2925296990197619	3.899231042911802e-05
151.180265875	0.2912329375196459	3.965004604291125e-05
152.38970800200002	0.28992934841383916	4.025675635646597e-05
153.599150129	0.288621087403906	4.0809175741549075e-05
154.808592256	0.28731028063142217	4.1304112973560014e-05
156.018034383	0.28599901909068703	4.1738535693856826e-05
157.22747651	0.2846893531810516	4.210965217317855e-05
158.43691863700002	0.28338328742887897	4.241498690981185e-05
159.646360764	0.28208277540794957	4.265244787366937e-05
160.85580289100002	0.28078971488538107	4.28203841736155e-05
162.065245018	0.27950594321837785	4.2917633559569346e-05
163.274687145	0.27823323302501146	4.294355945567985e-05
164.48412927200002	0.27697328815026945	4.2898077272500446e-05
165.693571399	0.27572773994649463	4.278166975699854e-05
166.90301352600002	0.27449814388529786	4.259539120629249e-05
168.112455653	0.2732859765158227	4.234086053617192e-05
169.32189778	0.27209263278180973	4.2020243483625874e-05
170.53133990700002	0.270919423707214	4.163622451066121e-05
171.740782034	0.26976757445722144	4.119196922248644e-05
172.95022416100002	0.26863822277836774	4.0691078276627185e-05
174.159666288	0.2675324178183165	4.0137533809932874e-05
175.369108415	0.26645111932288446	3.9535639440688164e-05
176.57855054200002	0.2653951972051256	3.8889954861544285e-05
177.787992669	0.26436543147884095	3.820522608851892e-05
178.99743479600002	0.2633625125468009	3.7486312487476636e-05
180.206876923	0.2623870418320749	3.673811181449313e-05
181.41631905	0.26143953273927134	3.5965484590450014e-05
182.62576117700002	0.2605204119310182	3.517317926463731e-05
183.835203304	0.2596300209036699	3.436575964932409e-05
185.04464543100002	0.2587686178449885	3.354753608308947e-05
186.254087558	0.25793637975545225	3.272250177462771e-05
187.46352968500003	0.2571334048138205	3.189427561062219e-05
188.67297181200001	0.256359714966692	3.1066052625979695e-05
189.882413939	0.2556152587211226	3.0240563152029304e-05
191.09185606600002	0.25489991411877244	2.942004149250957e-05
192.301298193	0.254213491869696	2.8606204804940832e-05
193.51074032000002	0.25355573862371505	2.7800242682528287e-05
194.720182447	0.25292634035728256	2.7002817722332484e-05
195.929624574	0.25232492585398986	2.62140771233009e-05
197.13906670100002	0.2517510702572057	2.5433675176836368e-05
198.348508828	0.25120429867384186	2.4660806200262064e-05
199.55795095500002	0.2506840898089391	2.3894247252752993e-05
200.767393082	0.25018987961153705	2.313240976207359e-05
201.976835209	0.2497210649131715	2.2373398919941362e-05
203.18627733600002	0.24927700704136269	2.161507955645084e-05
204.395719463	0.24885703539148124	2.085514705393171e-05
205.60516159000002	0.24846045094157582	2.0091201717274687e-05
206.814603717	0.24808652969589667	1.9320824989711716e-05
208.02404584400003	0.24773452604414903	1.8541655819114683e-05
209.23348797100002	0.24740367602478366	1.7751465543794365e-05
210.442930098	0.24709320048194916	1.6948229664855846e-05
211.65237222500002	0.24680230810703466	1.6130195014400078e-05
212.861814352	0.2465301983570123	1.5295940901591254e-05
214.07125647900003	0.246276064243044	1.444443301927209e-05
215.28069860600002	0.24603909498406357	1.3575069058186298e-05
216.490140733	0.2458184785212029	1.2687715196621485e-05
217.69958286000002	0.24561340389007658	1.178273282655476e-05
218.909024987	0.2454230634490258	1.0860995126987447e-05
220.11846711400003	0.24524665496244974	9.923893293432504e-06
221.32790924100001	0.24508338353927364	8.973332482561241e-06
222.537351368	0.24493246342749597	8.011717707289909e-06
223.74679349500002	0.24479311966655637	7.04193012828272e-06
224.956235622	0.24466458959994541	6.067294395010331e-06
226.16567774900003	0.24454612425115177	5.0915377868519796e-06
227.375119876	0.244436989566573	4.118742118504673e-06
228.584562003	0.24433646752952906	3.153289434799575e-06
229.79400413000002	0.244243857149881	2.199802630916195e-06
231.003446257	0.24415847533415846	1.2630821956960414e-06
232.21288838400002	0.24407965764132916	3.4804032424638753e-07
233.422330511	0.24400675892958626	-5.403663542319359e-07
234.63177263800003	0.24393915389964133	-1.397204185554085e-06
235.84121476500002	0.2438762375401768	-2.217628836800878e-06
237.050656892	0.2438174254810817	-2.996949438465249e-06
238.26009901900002	0.2437621542601381	-3.730689423404182e-06
239.469541146	0.2437098815088048	-4.414643130900425e-06
240.67898327300003	0.24366008606261286	-5.044927291700946e-06
241.88842540000002	0.24361226800163663	-5.618026669120674e-06
243.097867527	0.24356594862636677	-6.130833259282778e-06
244.30730965400002	0.24352067037411818	-6.580678600326059e-06
245.516751781	0.2434759966810284	-6.965358865599833e-06
246.72619390800003	0.24343151179438494	-7.283152611756855e-06
247.93563603500002	0.24338682053995334	-7.532831139279994e-06
249.145078162	0.24334154804865188	-7.713661615492765e-06
250.35452028900002	0.24329533944675202	-7.825403211494941e-06
251.563962416	0.2432478595135335	-7.868296644470557e-06
252.77340454300003	0.2431987923101032	-7.843047575690348e-06
253.98284667000001	0.24314784078283613	-7.750804439980719e-06
255.192288797	0.24309472634474522	-7.593131295337632e-06
256.401730924	0.24303918843784234	-7.3719763378846115e-06
257.61117305100004	0.24298098407939797	-7.089636746542699e-06
258.820615178	0.24291988739484993	-6.748720541479777e-06
260.030057305	0.24285568913992894	-6.352106153906245e-06
261.239499432	0.24278819621445244	-5.902900410373335e-06
262.448941559	0.24271723117003038	-5.404395655373567e-06
263.65838368600004	0.24264263171385686	-4.86002670255746e-06
264.867825813	0.2425642502105342	-4.273328317825134e-06
266.07726794	0.24248195318375937	-3.6478938828347907e-06
267.286710067	0.24239562081958443	-2.9873358407834366e-06
268.49615219400005	0.24230514647275453	-2.2952484525131517e-06
269.70559432100004	0.24221043617754567	-1.5751733306347548e-06
270.915036448	0.2421114081643432	-8.305681036008955e-07
272.124478575	0.24200799238311316	-6.477848219464677e-08
273.333920702	0.24190013003473723	7.189860875417287e-07
274.54336282900005	0.24178777311108984	1.5176731141004068e-06
275.75280495600003	0.24167088394459657	2.328404080960758e-06
276.962247083	0.24154943476790197	3.1484878907118985e-06
278.17168921	0.24142340728413758	3.975430861244064e-06
279.381131337	0.24129279224817746	4.806943475531636e-06
280.59057346400004	0.24115758905918855	5.64094411986335e-06
281.80001559100003	0.24101780536464323	6.4755600603753904e-06
283.009457718	0.24087345667593013	7.309125926292445e-06
284.218899845	0.24072456599557462	8.140179977937298e-06
285.428341972	0.24057116345604104	8.967458412818471e-06
286.63778409900004	0.24041328597003447	9.789887956529117e-06
287.84722622600003	0.24025097689213842	1.0606576980832713e-05
289.056668353	0.24008428569160115	1.1416805342457856e-05
290.26611048	0.2399132676360295	1.2220013144008737e-05
291.475552607	0.23973798348568648	1.3015788588758431e-05
292.68499473400004	0.2395584991980827	1.3803855070437798e-05
293.89443686100003	0.23937488564247944	1.4584057642999526e-05
295.103878988	0.23918721832389722	1.5356348993054297e-05
296.313321115	0.2389955771161999	1.6120775036064516e-05
297.522763242	0.23880004600377072	1.6877460227562868e-05
298.73220536900004	0.23860071283129358	1.7626592713922834e-05
299.94164749600003	0.23839766906114035	1.8368409402138436e-05
301.151089623	0.23819100953782885	1.910318106180739e-05
302.36053175	0.237980832259039	1.983119756176349e-05
303.569973877	0.23776723815267037	2.0552753338464597e-05
304.77941600400004	0.2375503308594098	2.1268133209823015e-05
305.98885813100003	0.237330216520369	2.197759864073362e-05
307.198300258	0.23710700356928188	2.268137459518829e-05
308.407742385	0.23688080252885987	2.337963706933871e-05
309.617184512	0.23665172581089977	2.407250145045753e-05
310.82662663900004	0.23641988751981124	2.4760011843070334e-05
312.036068766	0.23618540325923326	2.544213146015925e-05
313.245510893	0.23594838994150563	2.6118734248806175e-05
314.45495302	0.2357089655997776	2.678959786586027e-05
315.664395147	0.23546724920258358	2.7454398145727865e-05
316.87383727400004	0.23522336047079415	2.811270516841005e-05
318.083279401	0.23497741969684421	2.8763981049808457e-05
319.292721528	0.23472954756622078	2.9407579526217337e-05
320.502163655	0.23447986498121845	3.004274740498261e-05
321.71160578200005	0.2342284928869947	3.0668627873448734e-05
322.92104790900004	0.23397555210000204	3.1284265657901406e-05
324.130490036	0.23372116313891184	3.1888613930376036e-05
325.339932163	0.23346544605817815	3.24805428377796e-05
326.54937429	0.23320852028441413	3.305884948567525e-05
327.75881641700005	0.2329505044558235	3.3622269144710504e-05
328.96825854400004	0.23269151626492632	3.416948746264373e-05
330.177700671	0.23243167230486506	3.469915341909255e-05
331.387142798	0.2321710879195723	3.520989278039954e-05
332.596584925	0.23190987705812277	3.5700321802303175e-05
333.80602705200005	0.23164815213351714	3.616906093870109e-05
335.01546917900004	0.23138602388622287	3.6614748335661584e-05
336.224911306	0.2311236012526977	3.7036052873740816e-05
337.434353433	0.2308609912391527	3.743168657974541e-05
338.64379556	0.23059829880077087	3.780041619140875e-05
339.85323768700005	0.23033562672657187	3.8141073721513485e-05
341.06267981400003	0.23007307553011647	3.845256587044557e-05
342.272121941	0.22981074334617743	3.873388215441809e-05
343.481564068	0.22954872583353836	3.898410167152422e-05
344.691006195	0.22928711608404484	3.920239844050141e-05
345.90044832200005	0.22902600453797867	3.938804528874282e-05
347.10989044900003	0.22876547890588655	3.95404163028891e-05
348.319332576	0.22850562409691977	3.965898789894465e-05
349.528774703	0.22824652215376867	3.97433385891377e-05
350.73821683	0.2279882521942457	3.979314756475186e-05
351.94765895700004	0.22773089035957667	3.980819223551452e-05
353.15710108400003	0.22747450976944772	3.97883449004717e-05
354.366543211	0.22721918048385997	3.973356871987688e-05
355.575985338	0.2269649694718065	3.964391320521177e-05
356.785427465	0.22671194058681235	3.95195093885331e-05
357.99486959200004	0.22646015454936735	3.936056491172374e-05
359.20431171900003	0.22620966893622424	3.916735918470249e-05
360.413753846	0.2259605381765903	3.894023881349795e-05
361.623195973	0.22571281355515838	3.8679613438157706e-05
362.8326381	0.2254665432219542	3.838595211087467e-05
364.04208022700004	0.22522177220892337	3.80597803298216e-05
365.25152235400003	0.2249785424531623	3.770167777918457e-05
366.460964481	0.22473689282669412	3.7312276845252734e-05
367.670406608	0.22449685917260376	3.689226189737549e-05
368.87984873500005	0.22425847434739954	3.6442369307884e-05
370.08929086200004	0.22402176826934522	3.596338818683334e-05
371.29873298900003	0.22378676797253833	3.545616171921756e-05
372.508175116	0.22355349766644506	3.492158901622147e-05
373.717617243	0.22332197880058027	3.436062735450232e-05
374.92705937000005	0.223092230134004	3.3774294660178505e-05
376.13650149700004	0.22286426780921914	3.3163672077278494e-05
377.34594362400003	0.22263810543011556	3.252990647125906e-05
378.555385751	0.22241375414350895	3.187421269468596e-05
379.764827878	0.2221912227238443	3.119787545461869e-05
380.97427000500005	0.2219705176605872	3.0502250646217283e-05
382.18371213200004	0.22175164324786617	2.9788765985014343e-05
383.393154259	0.2215346016758627	2.9058920837876645e-05
384.602596386	0.2213193931234948	2.831428513041037e-05
385.812038513	0.22110601585191253	2.7556497263072494e-05
387.02148064000005	0.22089446629836282	2.6787260958664738e-05
388.23092276700004	0.22068473916996878	2.600834102951463e-05
389.440364894	0.22047682753700315	2.522155803554027e-05
390.649807021	0.22027072292526384	2.4428781869079846e-05
391.859249148	0.22006641540717226	2.363192430591271e-05
393.06869127500005	0.21986389369125403	2.2832930585872657e-05
394.27813340200004	0.21966314520970448	2.203377011983018e-05
395.487575529	0.21946415620375087	2.123642644208043e-05
396.697017656	0.21926691180660013	2.0442886519585896e-05
397.906459783	0.21907139612374724	1.9655129576801045e-05
399.11590191000005	0.2188775923105047	1.8875115590944597e-05
400.32534403700004	0.21868548264662557	1.8104773601684138e-05
401.534786164	0.218495048607929	1.7345990012497536e-05
402.744228291	0.21830627093488236	1.660059706748082e-05
403.953670418	0.2181191296981196	1.587036162800995e-05
405.16311254500005	0.2179336043608937	1.5156974435038412e-05
406.37255467200004	0.21774967383852725	1.4462039993039938e-05
407.581996799	0.21756731655488443	1.3787067218155868e-05
408.791438926	0.2173865104959979	1.3133460955307152e-05
410.000881053	0.21720723326089128	1.2502514494399514e-05
411.21032318000005	0.21702946210975982	1.1895403139124128e-05
412.41976530700003	0.21685317400961296	1.1313178934813789e-05
413.629207434	0.21667834567750638	1.0756766568319892e-05
414.838649561	0.2165049536215139	1.0226960491549475e-05
416.04809168800006	0.21633297417956637	9.724423267482712e-06
417.25753381500004	0.21616238355630418	9.249685138535552e-06
418.46697594200003	0.21599315785806317	8.803144766329069e-06
419.676418069	0.21582527312614574	8.385071134160704e-06
420.885860196	0.2156587053684672	7.995606517881282e-06
422.09530232300006	0.2154934305897171	7.634770469253788e-06
423.30474445000004	0.21532942482011275	7.302464724051605e-06
424.51418657700003	0.215166664142868	6.998478931416474e-06
425.723628704	0.21500512472042754	6.7224971093751695e-06
426.933070831	0.21484478281954245	6.4741047162246435e-06
428.14251295800005	0.2146856148352714	6.252796216861534e-06
429.35195508500004	0.21452759731391813	6.057983046849069e-06
430.56139721200003	0.21437070697496166	5.889001840172353e-06
431.770839339	0.21421492073201703	5.745122822701371e-06
432.980281466	0.2140602157128191	5.625558265023173e-06
434.18972359300005	0.21390656927827517	5.529470883017251e-06
435.39916572000004	0.21375395904056327	5.4559820969642125e-06
436.60860784700003	0.21360236288029905	5.404180066767572e-06
437.818049974	0.21345175896275306	5.373127413586115e-06
439.027492101	0.21330212575312962	5.36186856731416e-06
440.23693422800005	0.21315344203088504	5.36943668176873e-06
441.44637635500004	0.213005686903089	5.39486005641035e-06
442.65581848200003	0.21285883981681852	5.437168047996155e-06
443.865260609	0.212712880570582	5.495396419821774e-06
445.074702736	0.2125677893247671	5.568592123708638e-06
446.28414486300005	0.21242354661112323	5.655817502919769e-06
447.49358699000004	0.21228013334126808	5.756153918217571e-06
448.703029117	0.21213753081423753	5.868704799696922e-06
449.912471244	0.21199572072309522	5.992598139874239e-06
451.121913371	0.2118546851605992	6.126988450188414e-06
452.33135549800005	0.21171440662397206	6.271058224250475e-06
453.54079762500004	0.21157486801878	6.4240189084213695e-06
454.750239752	0.2114360526619699	6.58511144673718e-06
455.959681879	0.21129794428407622	6.753606428600012e-06
457.169124006	0.21116052703065996	6.928803873689632e-06
458.37856613300005	0.211023785463	7.110032709312097e-06
459.58800826000004	0.21088770455808686	7.296649982713871e-06
460.797450387	0.2107522697079759	7.488039841400951e-06
462.006892514	0.21061746671853385	7.683612339996065e-06
463.216334641	0.21048328180762735	7.882802100164787e-06
464.42577676800005	0.21034970160280853	8.085066883670167e-06
465.63521889500004	0.21021671313854898	8.289886088374415e-06
466.844661022	0.2100843038530586	8.496759229207479e-06
468.054103149	0.20995246158474493	8.70520441423328e-06
469.26354527600006	0.2098211745683592	8.91475686038215e-06
470.47298740300005	0.20969043143087507	9.1249674674318e-06
471.68242953000004	0.20956022118712225	9.335401467257948e-06
472.891871657	0.20943053323524063	9.545637175069344e-06
474.101313784	0.20930135735197397	9.755264849139328e-06
475.31075591100006	0.20917268368783493	9.963885682237605e-06
476.52019803800005	0.2090445027621763	1.0171110917084336e-05
477.72964016500003	0.20891680545819127	1.0376561101921311e-05
478.939082292	0.2087895830178613	1.0579865486703283e-05
480.148524419	0.20866282703688047	1.0780661562834193e-05
481.35796654600006	0.20853652945955492	1.0978594728334318e-05
482.56740867300005	0.20841068257369982	1.1173318091989987e-05
483.77685080000003	0.2082852790055415	1.1364492403055648e-05
484.986292927	0.2081603117146255	1.1551786096339334e-05
486.195735054	0.20803577398873754	1.173487544117377e-05
487.40517718100006	0.20791165943883128	1.1913444794758865e-05
488.61461930800004	0.20778796199396363	1.2087186934083699e-05
489.82406143500003	0.20766467589623733	1.2255803463066123e-05
491.033503562	0.20754179569573	1.2419005285767976e-05
492.242945689	0.20741931624542453	1.2576513123214311e-05
493.45238781600005	0.20729723269610295	1.2728058073402035e-05
494.66182994300004	0.2071755404912145	1.2873382193275343e-05
495.87127207000003	0.2070542353617062	1.3012239093472197e-05
497.080714197	0.20693331332078677	1.3144394544957125e-05
498.290156324	0.2068127706586403	1.3269627070705906e-05
499.49959845100005	0.2066926039370447	1.3387728523278283e-05
500.70904057800004	0.2065728099839198	1.3498504641575731e-05
501.91848270500003	0.2064533858877714	1.3601775568420488e-05
503.127924832	0.20633432899202758	1.369737633312093e-05
504.337366959	0.20621563688926114	1.3785157284324986e-05
505.54680908600005	0.20609730741528998	1.386498447577926e-05
506.75625121300004	0.20597933864316076	1.3936739985349889e-05
507.96569334000003	0.20586172887698903	1.4000322189315281e-05
509.175135467	0.2057444766456719	1.4055645958891208e-05
510.384577594	0.20562758069647494	1.4102642799530829e-05
511.59401972100005	0.20551103998847328	1.4141260918093188e-05
512.803461848	0.20539485368587235	1.4171465229174951e-05
514.0129039750001	0.20527902115119462	1.4193237283001425e-05
515.2223461020001	0.20516354193834896	1.420657513942665e-05
516.4317882290001	0.20504841578558544	1.4211493163144087e-05
517.641230356	0.20493364260832914	1.4208021765558035e-05
518.850672483	0.20481922249193302	1.4196207078957454e-05
520.06011461	0.20470515568432518	1.4176110571412562e-05
521.269556737	0.20459144258856649	1.4147808613517235e-05
522.478998864	0.20447808375536408	1.411139198994639e-05
523.688440991	0.20436507987549823	1.4066965359646466e-05
524.897883118	0.2042524317722103	1.4014646685125282e-05
526.1073252450001	0.20414014039355505	1.3954566613455857e-05
527.3167673720001	0.2040282068047192	1.3886867829875083e-05
528.5262094990001	0.20391663218033293	1.3811704385869802e-05
529.735651626	0.20380541779677808	1.3729240999228037e-05
530.945093753	0.20369456502450184	1.363965234608619e-05
532.15453588	0.2035840753203517	1.3543122330790872e-05
533.363978007	0.2034739502199524	1.3439843360944087e-05
534.573420134	0.20336419133011432	1.3330015608523788e-05
535.782862261	0.20325480032130677	1.3213846284353126e-05
536.9923043880001	0.20314577892020025	1.3091548916472837e-05
538.2017465150001	0.2030371289022763	1.2963342635681496e-05
539.4111886420001	0.20292885208453332	1.2829451478159337e-05
540.6206307690001	0.20282095031829567	1.2690103716687245e-05
541.830072896	0.2027134254821235	1.254553119260822e-05
543.039515023	0.20260627947484827	1.2395968694315848e-05
544.24895715	0.20249951420873513	1.2241653348732395e-05
545.458399277	0.20239313160277894	1.2082824041765444e-05
546.667841404	0.20228713357616032	1.1919720872465012e-05
547.877283531	0.20218152204184214	1.175258463370632e-05
549.0867256580001	0.20207629890034212	1.1581656323519929e-05
550.2961677850001	0.20197146603366725	1.1407176692537074e-05
551.5056099120001	0.2018670252994389	1.1229385814614384e-05
552.715052039	0.20176297852518796	1.104852268761676e-05
553.924494166	0.20165932750285664	1.0864824871214054e-05
555.133936293	0.2015560739834953	1.0678528140925167e-05
556.34337842	0.20145321967215354	1.0489866175550366e-05
557.552820547	0.2013507662229984	1.0299070269732813e-05
558.762262674	0.2012487152346233	1.0106369065274179e-05
559.971704801	0.20114706824559397	9.911988300411595e-06
561.1811469280001	0.20104582673020405	9.716150587438244e-06
562.3905890550001	0.2009449920944561	9.519075199171043e-06
563.6000311820001	0.2008445656722727	9.320977873544453e-06
564.809473309	0.2007445487219293	9.12207062654484e-06
566.018915436	0.20064494242271613	8.922561580242128e-06
567.228357563	0.2005457478718342	8.722654799038845e-06
568.43779969	0.20044696608152224	8.522550126548872e-06
569.647241817	0.20034859797640697	8.322443040590169e-06
570.856683944	0.20025064439108342	8.122524499087555e-06
572.066126071	0.20015310606792908	7.922980797938142e-06
573.2755681980001	0.20005598365513655	7.723993423892905e-06
574.4850103250001	0.19995927770497862	7.525738914280003e-06
575.6944524520001	0.19986298867228247	7.328388714478162e-06
576.903894579	0.19976711691313637	7.13210903663733e-06
578.113336706	0.19967166268380268	6.937060715944687e-06
579.322778833	0.1995766261398474	6.743399072344641e-06
580.53222096	0.19948200733547944	6.5512737695005985e-06
581.741663087	0.19938780622308544	6.360828672107022e-06
582.951105214	0.1992940226529729	6.172201712874303e-06
584.160547341	0.19920065637330514	5.985524755254892e-06
585.3699894680001	0.19910770703023137	5.80092346402078e-06
586.5794315950001	0.1990151741681897	5.6185171783979665e-06
587.7888737220001	0.1989230572304146	5.438418796473166e-06
588.998315849	0.19883135555958517	5.260734656164015e-06
590.207757976	0.19874006839867656	5.085564439859594e-06
591.417200103	0.1986491948919541	4.913001080051466e-06
592.62664223	0.198558734086133	4.7431306778675936e-06
593.836084357	0.19846868493169273	4.576032436295896e-06
595.045526484	0.1983790462843305	4.41177860943491e-06
596.2549686110001	0.19828981690657	4.250434466290115e-06
597.4644107380001	0.1982009954694835	4.092058267296181e-06
598.6738528650001	0.19811258055456213	3.936701269319914e-06
599.8832949920001	0.19802457065569307	3.784407735815329e-06
601.092737119	0.1979369641812706	3.6352149804883688e-06
602.302179246	0.1978497594563965	3.489153420110566e-06
603.511621373	0.19776295472519995	3.346246654571325e-06
604.7210635	0.19767654815324537	3.2065115714661335e-06
605.930505627	0.19759053783003333	3.0699584552089376e-06
607.139947754	0.19750492177158813	2.936591137293887e-06
608.3493898810001	0.19741969792312064	2.8064071532600543e-06
609.5588320080001	0.1973348641617574	2.6793979295974824e-06
610.7682741350001	0.1972504182993431	2.555548980797892e-06
611.9777162620001	0.1971663580852986	2.4348401293644573e-06
613.187158389	0.197082681209525	2.3172457417532794e-06
614.396600516	0.19699938530535638	2.202734984056015e-06
615.606042643	0.1969164679525529	2.0912720877959423e-06
616.81548477	0.19683392668032546	1.9828166329151353e-06
618.024926897	0.1967517589703767	1.8773238420755067e-06
619.234369024	0.19666996225997713	1.7747448779366348e-06
620.4438111510001	0.19658853394504092	1.6750271599526995e-06
621.6532532780001	0.19650747138321661	1.578114682493012e-06
622.8626954050001	0.19642677189697128	1.4839483345688992e-06
624.072137532	0.19634643277667627	1.392466229252487e-06
625.281579659	0.19626645128367315	1.303604025984853e-06
626.491021786	0.1961868246533351	1.217295259772766e-06
627.700463913	0.19610755009809283	1.1334716632799974e-06
628.90990604	0.1960286248104432	1.0520634855341882e-06
630.119348167	0.19595004596591453	9.729998025238829e-07
631.328790294	0.1958718107259997	8.962088263158446e-07
632.5382324210001	0.19579391624104875	8.216181987923121e-07
633.7476745480001	0.19571635965310732	7.491552722338479e-07
634.9571166750001	0.19563913809870398	6.78747393385512e-07
636.166558802	0.19556224871158534	6.103221542787945e-07
637.376000929	0.19548568862538482	5.438076415200527e-07
638.585443056	0.19540945497623513	4.791326673123097e-07
639.794885183	0.1953335449053037	4.1622698543179737e-07
641.00432731	0.19525795556126485	3.5502149277333306e-07
642.213769437	0.1951826841026923	2.9544841069310823e-07
643.4232115640001	0.19510772770038026	2.3744144889842334e-07
644.6326536910001	0.19503308353958365	1.809359596247062e-07
645.8420958180001	0.1949587488221709	1.258690616873226e-07
647.0515379450001	0.19488472076870075	7.217976368337209e-08
648.260980072	0.19481099662041274	1.980905456160087e-08
649.470422199	0.1947375736411307	-3.130000921988674e-08
650.679864326	0.19466444911907343	-8.12022449524219e-08
651.889306453	0.1945916203685836	-1.2995028806327136e-07
653.09874858	0.19451908473176086	-1.7759456326024714e-07
654.308190707	0.19444683958001252	-2.241832574821634e-07
655.5176328340001	0.1943748823155035	-2.697623177599223e-07
656.7270749610001	0.1943032103725181	-3.143754545333055e-07
657.9365170880001	0.19423182121874075	-3.5806416191774826e-07
659.1459592150001	0.194160712356435	-4.0086774240506717e-07
660.355401342	0.19408988132353858	-4.428233488021349e-07
661.564843469	0.19401932569465882	-4.839660264002732e-07
662.774285596	0.1939490430819969	-5.243287742040526e-07
663.983727723	0.19387903113617275	-5.639426020158378e-07
665.19316985	0.19380928754696164	-6.028366041112287e-07
666.402611977	0.19373981004395363	-6.410380273217525e-07
667.6120541040001	0.1936705963971242	-6.785723541402611e-07
668.8214962310001	0.19360164441732003	-7.154633815016631e-07
670.0309383580001	0.19353295195667153	-7.517333051893643e-07
671.2403804850001	0.19346451690891747	-7.874028070588984e-07
672.449822612	0.19339633720966137	-8.2249114196839e-07
673.659264739	0.19332841083654811	-8.570162254063762e-07
674.868706866	0.19326073580936243	-8.909947194248036e-07
676.078148993	0.19319331019006628	-9.244421192138724e-07
677.28759112	0.19312613208276053	-9.57372840747206e-07
678.497033247	0.19305919963357296	-9.898003021681367e-07
679.7064753740001	0.19299251103050669	-1.0217370057345743e-06
680.9159175010001	0.1929260645031956	-1.0531946148077675e-06
682.1253596280001	0.1928598583226196	-1.0841840317812879e-06
683.3348017550001	0.19279389080075668	-1.1147154666893422e-06
684.544243882	0.1927281602901762	-1.1447985091873891e-06
685.753686009	0.19266266518358793	-1.174442191109737e-06
686.963128136	0.19259740391333502	-1.2036550477295682e-06
688.172570263	0.19253237495083958	-1.232445176985869e-06
689.38201239	0.19246757680600346	-1.2608202932026108e-06
690.5914545170001	0.1924030080265719	-1.2887877701636685e-06
691.8008966440001	0.19233866719744752	-1.3163546950488436e-06
693.0103387710001	0.1922745529399733	-1.3435279039488573e-06
694.2197808980001	0.19221066391117977	-1.37031401872649e-06
695.429223025	0.192146998802998	-1.396719484061601e-06
696.638665152	0.19208355634144514	-1.4227505969691828e-06
697.848107279	0.19202033528577467	-1.4484135323900027e-06
699.057549406	0.1919573344276142	-1.4737143627825688e-06
700.266991533	0.19189455259007135	-1.498659082724979e-06
701.47643366	0.1918319886268215	-1.5232536238144606e-06
702.6858757870001	0.1917696414211778	-1.5475038646576428e-06
703.8953179140001	0.1917075098851435	-1.5714156492603604e-06
705.1047600410001	0.19164559295845823	-1.5949947853553803e-06
706.3142021680001	0.19158388960762265	-1.6182470613714667e-06
707.523644295	0.1915223988249219	-1.6411782422422888e-06
708.733086422	0.1914611196274421	-1.6637940728793377e-06
709.942528549	0.19140005105608104	-1.6861002808659514e-06
711.151970676	0.19133919217455064	-1.708102570958242e-06
712.361412803	0.1912785420683854	-1.7298066235949677e-06
713.57085493	0.19121809984396027	-1.751218092238202e-06
714.7802970570001	0.1911578646274948	-1.7723425958637157e-06
715.9897391840001	0.1910978355640713	-1.7931857130785295e-06
717.1991813110001	0.19103801181666322	-1.8137529747847686e-06
718.4086234380001	0.19097839256517035	-1.8340498593588661e-06
719.618065565	0.19091897700545984	-1.8540817786783653e-06
720.827507692	0.19085976434842394	-1.8738540752509525e-06
722.036949819	0.19080075381905157	-1.8933720128642972e-06
723.246391946	0.19074194465551533	-1.912640764989426e-06
724.455834073	0.19068333610827237	-1.9316654094186925e-06
725.6652762	0.19062492743918086	-1.950450918662347e-06
726.8747183270001	0.19056671792064855	-1.9690021524059603e-06
728.0841604540001	0.19050870683478255	-1.987323848413533e-06
729.2936025810001	0.19045089347257377	-2.0054206192349905e-06
730.5030447080001	0.19039327713310655	-2.023296940694558e-06
731.712486835	0.19033585712277024	-2.0409571510598273e-06
732.921928962	0.19027863275452403	-2.0584054409421987e-06
734.131371089	0.19022160334716398	-2.0756458518969567e-06
735.340813216	0.19016476822463008	-2.0926822702181658e-06
736.550255343	0.19010812671532312	-2.1095184276672535e-06
737.7596974700001	0.1900516781514667	-2.126157897663558e-06
738.9691395970001	0.1899954218684829	-2.142604090770578e-06
740.1785817240001	0.18993935720440533	-2.1588602592409467e-06
741.3880238510001	0.1898834834993073	-2.1749294920499207e-06
742.5974659780001	0.18982780009477274	-2.190814723824e-06
743.806908105	0.1897723063333854	-2.2065187285300047e-06
745.016350232	0.18971700155824234	-2.2220441260340645e-06
746.225792359	0.18966188511251433	-2.237393386603226e-06
747.435234486	0.18960695633900843	-2.2525688372580094e-06
748.644676613	0.18955221457978214	-2.267572658134695e-06
749.8541187400001	0.18949765917577238	-2.2824068983320206e-06
751.0635608670001	0.18944328946645178	-2.297073479432671e-06
752.2730029940001	0.1893891047895197	-2.3115741983621013e-06
753.4824451210001	0.1893351044806141	-2.3259107374846294e-06
754.6918872480001	0.18928128787305076	-2.340084677069157e-06
755.901329375	0.1892276542975904	-2.3540974961773486e-06
757.110771502	0.18917420308222999	-2.3679505833321818e-06
758.320213629	0.18912093355202164	-2.3816452520836195e-06
759.529655756	0.1890678450289121	-2.3951827411942267e-06
760.739097883	0.18901493683160586	-2.4085642280000097e-06
761.9485400100001	0.18896220827545834	-2.4217908403765392e-06
763.1579821370001	0.188909658672376	-2.4348636617176067e-06
764.3674242640001	0.18885728733076235	-2.4477837413227482e-06
765.5768663910001	0.18880509355546274	-2.46055210835483e-06
766.786308518	0.1887530766477384	-2.473169772337913e-06
767.995750645	0.18870123590525736	-2.485637739996216e-06
769.205192772	0.1886495706221123	-2.4979570187218247e-06
770.414634899	0.1885980800888445	-2.5101286269205852e-06
771.624077026	0.18854676359248856	-2.5221536035669595e-06
772.833519153	0.18849562041664042	-2.534033011307446e-06
774.0429612800001	0.18844464984152978	-2.545767946835961e-06
775.2524034070001	0.188393851144113	-2.5573595459314757e-06
776.4618455340001	0.18834322359817918	-2.5688089878173753e-06
777.6712876610001	0.18829276647446408	-2.580117502272092e-06
778.880729788	0.1882424790407901	-2.5912863755549187e-06
780.090171915	0.1881923605621958	-2.6023169489158837e-06
781.299614042	0.18814241030109194	-2.6132106277828443e-06
782.509056169	0.18809262751742403	-2.623968879469918e-06
783.718498296	0.18804301146883193	-2.6345932396046323e-06
784.9279404230001	0.18799356141083828	-2.6450853096958438e-06
786.1373825500001	0.18794427659702256	-2.65544675852325e-06
787.3468246770001	0.18789515627921655	-2.6656793234349635e-06
788.5562668040001	0.18784619970769412	-2.675784806512038e-06
789.7657089310001	0.18779740613137552	-2.6857650770057556e-06
790.975151058	0.18774877479802662	-2.6956220662982533e-06
792.184593185	0.1877003049544676	-2.705357766094943e-06
793.394035312	0.187651995846783	-2.7149742242594394e-06
794.603477439	0.18760384672052735	-2.7244735443226337e-06
795.812919566	0.1875558568209449	-2.733857874236481e-06
797.0223616930001	0.18750802539317973	-2.7431294105095816e-06
798.2318038200001	0.18746035168248218	-2.7522903851481817e-06
799.4412459470001	0.1874128349344314	-2.761343064091454e-06
800.6506880740001	0.1873654743951424	-2.7702897417141575e-06
801.8601302010001	0.18731826931147338	-2.7791327333361038e-06
803.069572328	0.18727121893123777	-2.7878743660714883e-06
804.279014455	0.18722432250340737	-2.796516976062008e-06
805.488456582	0.1871775792783157	-2.8050629007209116e-06
806.697898709	0.1871309885078527	-2.8135144696395803e-06
807.907340836	0.18708454944567182	-2.821874001655844e-06
809.1167829630001	0.18703826134736473	-2.8301437914653865e-06
810.3262250900001	0.1869921234706644	-2.838326110287878e-06
811.5356672170001	0.1869461350756206	-2.8464231913282595e-06
812.7451093440001	0.18690029542477615	-2.854437229660514e-06
813.9545514710001	0.1868546037833455	-2.8623703714047294e-06
815.163993598	0.18680905941937537	-2.8702247076625026e-06
816.373435725	0.1867636616039094	-2.878002269866148e-06
817.582877852	0.18671840961114516	-2.885705025655258e-06
818.792319979	0.1866733027185853	-2.8933348689870464e-06
820.001762106	0.18662834020717922	-2.9008936173816058e-06
821.2112042330001	0.18658352136146422	-2.908383008523585e-06
822.4206463600001	0.18653884546969124	-2.915804694619134e-06
823.6300884870001	0.18649431182396348	-2.9231602383349153e-06
824.8395306140001	0.18644991972034142	-2.9304511102966335e-06
826.0489727410001	0.18640566845896595	-2.9376786871791044e-06
827.258414868	0.18636155734416152	-2.9448442492776422e-06
828.467856995	0.18631758568454063	-2.9519489791393627e-06
829.677299122	0.1862737527930973	-2.958993959112019e-06
830.886741249	0.1862300579872913	-2.9659801718019685e-06
832.0961833760001	0.18618650058913738	-2.9729085030370805e-06
833.3056255030001	0.18614307992527757	-2.979779742028066e-06
834.5150676300001	0.18609979532705317	-2.986594577883417e-06
835.7245097570001	0.1860566461305674	-2.993353608888444e-06
836.9339518840001	0.1860136316767474	-3.000057342432416e-06
838.143394011	0.18597075131139765	-3.006706196927167e-06
839.352836138	0.18592800438524418	-3.013300509838862e-06
840.562278265	0.1858853902539846	-3.0198405404011086e-06
841.771720392	0.1858429082783144	-3.0263264723350003e-06
842.981162519	0.1858005578239692	-3.032758424873286e-06
844.1906046460001	0.18575833826174698	-3.03913645905568e-06
845.4000467730001	0.1857162489675341	-3.0454605796058354e-06
846.6094889000001	0.18567428932232063	-3.051730748885456e-06
847.8189310270001	0.18563245871221823	-3.0579468925043957e-06
849.0283731540001	0.18559075652846505	-3.064108907718452e-06
850.237815281	0.18554918216743502	-3.070216674248838e-06
851.447257408	0.18550773503063733	-3.0762700619167e-06
852.656699535	0.1854664145247168	-3.0822689457664365e-06
853.866141662	0.18542522006144754	-3.08821320903728e-06
855.075583789	0.1853841510577244	-3.0941027632548634e-06
856.2850259160001	0.18534320693554981	-3.0999375521569006e-06
857.4944680430001	0.18530238712202304	-3.105717565425256e-06
858.7039101700001	0.18526169104931733	-3.111442857080954e-06
859.9133522970001	0.18522111815466352	-3.117113548195549e-06
861.1227944240001	0.18518066788032472	-3.122729845608796e-06
862.332236551	0.18514033967357185	-3.1282920534420056e-06
863.541678678	0.18510013298666012	-3.1338005847727363e-06
864.751120805	0.1850600472767907	-3.139255975568092e-06
865.960562932	0.18502008200608408	-3.1446588987377178e-06
867.170005059	0.184980236641547	-3.150010174958473e-06
868.3794471860001	0.18494051065503753	-3.155310789893298e-06
869.5888893130001	0.18490090352322092	-3.160561902582071e-06
870.7983314400001	0.18486141472753848	-3.1657648624280194e-06
872.0077735670001	0.18482204375416067	-3.1709212185287994e-06
873.2172156940001	0.18478279009394488	-3.176032736258716e-06
874.426657821	0.18474365324239803	-3.181101407095932e-06
875.636099948	0.18470463269962203	-3.1861294618219793e-06
876.845542075	0.1846657279702666	-3.19111938177144e-06
878.054984202	0.18462693856348308	-3.1960739123679943e-06
879.2644263290001	0.18458826399287082	-3.200996072955098e-06
880.4738684560001	0.18454970377642516	-3.205889167332693e-06
881.6833105830001	0.1845112574364794	-3.210756795383324e-06
882.8927527100001	0.184472924499651	-3.2156028638395673e-06
884.1021948370001	0.18443470449677524	-3.220431591866371e-06
885.3116369640001	0.18439659696285032	-3.2252475249856805e-06
886.521079091	0.18435860143696992	-3.2300555387766022e-06
887.730521218	0.18432071746224887	-3.2348608501823334e-06
888.939963345	0.18428294458576686	-3.2396690248515103e-06
890.149405472	0.18424528235848653	-3.244485980625003e-06
891.3588475990001	0.1842077303351745	-3.2493179986971266e-06
892.5682897260001	0.18417028807432945	-3.254171722949506e-06
893.7777318530001	0.18413295513809258	-3.2590541740838697e-06
894.9871739800001	0.18409573109216737	-3.2639727447925787e-06
896.1966161070001	0.1840586155057266	-3.268935212102919e-06
897.406058234	0.1840216079513206	-3.273949737359755e-06
898.615500361	0.18398470800478137	-3.279024874658018e-06
899.824942488	0.18394791524511872	-3.284169571677112e-06
901.034384615	0.18391122925442407	-3.289393174623137e-06
902.243826742	0.18387464961776134	-3.2947054341165433e-06
903.4532688690001	0.18383817592305574	-3.3001165092652607e-06
904.6627109960001	0.18380180776098604	-3.3056369752853393e-06
905.8721531230001	0.18376554472487108	-3.311277825461187e-06
907.0815952500001	0.1837293864105563	-3.3170504806778744e-06
908.2910373770001	0.18369333241629215	-3.3229667953590947e-06
909.500479504	0.18365738234262668	-3.3290390674938636e-06
910.709921631	0.18362153579228233	-3.3352800423522982e-06
911.919363758	0.18358579237004674	-3.341702925506451e-06
913.128805885	0.18355015168265648	-3.3483213902393144e-06
914.338248012	0.18351461333868302	-3.355149587847342e-06
915.5476901390001	0.1834791769484346	-3.3622021529573776e-06
916.7571322660001	0.18344384212384662	-3.369494213799687e-06
917.9665743930001	0.18340860847837293	-3.3770413958057743e-06
919.1760165200001	0.18337347562690842	-3.384859832212747e-06
920.3854586470001	0.18333844318568637	-3.392966157644839e-06
921.594900774	0.18330351077220164	-3.401377508644235e-06
922.804342901	0.18326867800513258	-3.4101115128932352e-06
924.013785028	0.18323394450426728	-3.419186281725453e-06
925.223227155	0.18319930989044125	-3.4286203851076336e-06
926.432669282	0.18316477378547824	-3.438432826895557e-06
927.6421114090001	0.1831303358121391	-3.4486430073501356e-06
928.8515535360001	0.1830959955940787	-3.459270675656295e-06
930.0609956630001	0.1830617527557944	-3.4703358751699e-06
931.2704377900001	0.1830276069226019	-3.4818588766222236e-06
932.4798799170001	0.1829935577205934	-3.4938600960987554e-06
933.689322044	0.18295960477661494	-3.506360005862269e-06
934.898764171	0.18292574771823156	-3.5193790315288243e-06
936.108206298	0.18289198617371125	-3.5329374354405724e-06
937.317648425	0.1828583197719964	-3.5470551962551305e-06
938.5270905520001	0.18282474814267513	-3.5617518664241704e-06
939.7365326790001	0.18279127091596267	-3.577046431823064e-06
940.9459748060001	0.18275788772267443	-3.592957157388249e-06
942.1554169330001	0.18272459819419132	-3.6095014284854426e-06
943.3648590600001	0.18269140196243605	-3.626695584053527e-06
944.5743011870001	0.18265829865983796	-3.64455475356483e-06
945.783743314	0.18262528791930083	-3.6630926913087253e-06
946.993185441	0.1825923693741543	-3.6823216056150465e-06
948.202627568	0.18255954265812147	-3.702252005721371e-06
949.412069695	0.182526807405274	-3.7228925449123845e-06
950.6215118220001	0.18249416324998266	-3.7442498756097564e-06
951.8309539490001	0.1824616098268786	-3.7663285150056625e-06
953.0403960760001	0.18242914677079397	-3.789130729642959e-06
954.2498382030001	0.18239677371671903	-3.812656429369801e-06
955.4592803300001	0.18236449029975502	-3.8369030824630945e-06
956.6687224570001	0.18233229615506968	-3.861865646423435e-06
957.878164584	0.1823001909178468	-3.887536526291438e-06
959.087606711	0.18226817422325264	-3.91390554579929e-06
960.297048838	0.18223624570639751	-3.940959947650036e-06
961.506490965	0.18220440500230123	-3.968684415735918e-06
962.7159330920001	0.18217265174587086	-3.997061118530751e-06
963.9253752190001	0.1821409855718824	-4.026069773691021e-06
965.1348173460001	0.18210940611496704	-4.055687741736161e-06
966.3442594730001	0.18207791300961312	-4.085890136363082e-06
967.5537016000001	0.18204650589017113	-4.116649953084597e-06
968.763143727	0.18201518439087122	-4.147938225305958e-06
969.972585854	0.1819839481458432	-4.179724188391534e-06
971.182027981	0.18195279678916026	-4.21197546524206e-06
972.391470108	0.18192172995488437	-4.244658259764875e-06
973.600912235	0.18189074727712295	-4.277737569193668e-06
974.8103543620001	0.1818598483900914	-4.31117739854367e-06
976.0197964890001	0.18182903292820118	-4.344940982293696e-06
977.2292386160001	0.18179830052614265	-4.3789910110347136e-06
978.4386807430001	0.1817676508189808	-4.413289860403027e-06
979.6481228700001	0.18173708344226422	-4.447799816455558e-06
980.857564997	0.18170659803214037	-4.482483293474782e-06
982.067007124	0.18167619422548076	-4.5173030555779176e-06
983.276449251	0.1816458716600045	-4.552222421174909e-06
984.485891378	0.1816156299744237	-4.587205458700741e-06
985.6953335050001	0.18158546880856818	-4.62221717368802e-06
986.9047756320001	0.1815553878035469	-4.657223675673394e-06
988.1142177590001	0.18152538660188705	-4.692192336131981e-06
989.3236598860001	0.18149546484768433	-4.727091922642618e-06
990.5331020130001	0.18146562218675574	-4.761892725552164e-06
991.7425441400001	0.18143585826678743	-4.796566654079182e-06
992.951986267	0.18140617273748494	-4.8310873243095215e-06
994.161428394	0.18137656525071727	-4.865430122654238e-06
995.370870521	0.18134703546066555	-4.899572250161369e-06
996.580312648	0.1813175830239552	-4.933492752316748e-06
997.7897547750001	0.18128820759979408	-4.967172529006525e-06
998.9991969020001	0.18125890885009774	-5.000594326027424e-06
1000.2086390290001	0.18122968643961176	-5.03374271111634e-06
1001.4180811560001	0.18120054003602132	-5.066604033982305e-06
1002.6275232830001	0.18117146931005867	-5.099166377153103e-06
1003.8369654100001	0.18114247393559924	-5.131419485040686e-06
1005.046407537	0.1811135535897443	-5.163354692486188e-06
1006.255849664	0.1810847079529012	-5.194964834916854e-06
1007.465291791	0.18105593670885145	-5.226244156456006e-06
1008.674733918	0.1810272395448047	-5.257188206793731e-06
1009.8841760450001	0.18099861615144858	-5.287793737067045e-06
1011.0936181720001	0.18097006622298328	-5.3180585877447145e-06
1012.3030602990001	0.18094158945714736	-5.347981583090147e-06
1013.5125024260001	0.18091318555523822	-5.377562416346987e-06
1014.7219445530001	0.18088485422211725	-5.406801537084435e-06
1015.9313866800001	0.18085659516620453	-5.435700046812e-06
1017.140828807	0.18082840809947293	-5.464259591093576e-06
1018.350270934	0.18080029273742723	-5.492482260243195e-06
1019.559713061	0.1807722487990755	-5.520370493080837e-06
1020.769155188	0.1807442760068928	-5.547926989769511e-06
1021.9785973150001	0.18071637408677826	-5.575154628298731e-06
1023.1880394420001	0.18068854276801616	-5.6020563870967655e-06
1024.397481569	0.1806607817832045	-5.6286352786236865e-06
1025.606923696	0.18063309086821433	-5.654894294975649e-06
1026.816365823	0.18060546976211006	-5.6808363424771385e-06
1028.0258079500002	0.18057791820709201	-5.706464212572315e-06
1029.235250077	0.18055043594841844	-5.7317805381255915e-06
1030.4446922040001	0.1805230227343389	-5.756787766222904e-06
1031.654134331	0.18049567831601107	-5.781488135726126e-06
1032.8635764580001	0.1804684024474278	-5.8058836687868015e-06
1034.073018585	0.18044119488533686	-5.829976155674252e-06
1035.282460712	0.18041405538916006	-5.853767156340298e-06
1036.491902839	0.18038698372091583	-5.877258007358152e-06
1037.701344966	0.1803599796451425	-5.900449825221865e-06
1038.9107870930002	0.1803330429288102	-5.923343519268279e-06
1040.12022922	0.1803061733412552	-5.945939810594186e-06
1041.3296713470002	0.18027937065409738	-5.968239249178053e-06
1042.539113474	0.18025263464116453	-5.990242237215518e-06
1043.7485556010001	0.18022596507842098	-6.0119490458976355e-06
1044.957997728	0.18019936174389628	-6.033359843999123e-06
1046.167439855	0.1801728244176176	-6.054474722700515e-06
1047.376881982	0.18014635288153732	-6.075293712548557e-06
1048.586324109	0.18011994691947242	-6.095816813992544e-06
1049.795766236	0.1800936063170419	-6.1160440124538584e-06
1051.005208363	0.18006733086160182	-6.135975305103167e-06
1052.2146504900002	0.18004112034218728	-6.155610715759957e-06
1053.424092617	0.18001497454946128	-6.174950314817573e-06
1054.6335347440001	0.17998889327565237	-6.193994226560279e-06
1055.842976871	0.1799628763145084	-6.212742645238939e-06
1057.0524189980001	0.17993692346124024	-6.231195845524465e-06
1058.261861125	0.17991103451247373	-6.249354188482201e-06
1059.471303252	0.17988520926620258	-6.267218122770618e-06
1060.680745379	0.17985944752173888	-6.284788189019758e-06
1061.890187506	0.17983374907967298	-6.30206501553085e-06
1063.0996296330002	0.17980811374182457	-6.319049319488887e-06
1064.30907176	0.17978254131120058	-6.335741898204003e-06
1065.5185138870002	0.17975703159195044	-6.352143620571432e-06
1066.727956014	0.17973158438932624	-6.3682554210294645e-06
1067.9373981410001	0.17970619950964145	-6.384078289825915e-06
1069.146840268	0.17968087676022804	-6.399613259325948e-06
1070.356282395	0.17965561594939816	-6.414861396620425e-06
1071.565724522	0.17963041688639986	-6.429823788539624e-06
1072.775166649	0.17960527938138132	-6.444501529635077e-06
1073.9846087760002	0.1795802032453489	-6.458895713086152e-06
1075.194050903	0.1795551882901263	-6.473007425506286e-06
1076.4034930300002	0.1795302343283181	-6.4868377299322905e-06
1077.612935157	0.1795053411732684	-6.500387664701984e-06
1078.8223772840001	0.17948050863901596	-6.513658237542255e-06
1080.031819411	0.17945573654026847	-6.526650428764422e-06
1081.2412615380001	0.1794310246923507	-6.539365187923155e-06
1082.450703665	0.17940637291117734	-6.551803434062808e-06
1083.660145792	0.1793817810132022	-6.563966074084673e-06
1084.869587919	0.17935724881539217	-6.5758540076388955e-06
1086.079030046	0.1793327761351846	-6.58746814579704e-06
1087.2884721730002	0.17930836279045242	-6.598809428369837e-06
1088.4979143	0.1792840085994676	-6.609878851362647e-06
1089.7073564270001	0.1792597133808658	-6.620677490449742e-06
1090.916798554	0.17923547695361614	-6.631206544011059e-06
1092.1262406810001	0.17921129913698505	-6.641467356991587e-06
1093.335682808	0.17918717975050213	-6.6514614742007455e-06
1094.545124935	0.17916311861393497	-6.661190676439735e-06
1095.754567062	0.1791391155472548	-6.670657038807329e-06
1096.964009189	0.179115170370614	-6.679862977355261e-06
1098.1734513160002	0.1790912829043157	-6.688811310939791e-06
1099.382893443	0.17906745296879667	-6.697505316861224e-06
1100.5923355700002	0.17904368038459267	-6.705948796611669e-06
1101.801777697	0.17901996497233802	-6.7141461404744e-06
1103.0112198240001	0.17899630655273702	-6.722102390846474e-06
1104.220661951	0.17897270494655593	-6.729823314987823e-06
1105.430104078	0.1789491599746146	-6.737315467485183e-06
1106.639546205	0.17892567145778965	-6.744586260720026e-06
1107.848988332	0.17890223921700665	-6.751644033839432e-06
1109.058430459	0.17887886307325693	-6.758498106700789e-06
1110.267872586	0.17885554284760605	-6.76515885471296e-06
1111.4773147130002	0.17883227836121635	-6.771637753527973e-06
1112.68675684	0.1788090694353724	-6.7779474399540934e-06
1113.8961989670001	0.17878591589152226	-6.784101748849927e-06
1115.105641094	0.17876281755132153	-6.79011576139657e-06
1116.3150832210001	0.17873977423667914	-6.796005828941382e-06
1117.524525348	0.17871678576982802	-6.801789595087954e-06
1118.733967475	0.17869385197339122	-6.807486007820093e-06
1119.943409602	0.17867097267046084	-6.8131153149846024e-06
1121.152851729	0.17864814768468962	-6.81869905483877e-06
1122.3622938560002	0.17862537684038998	-6.824260030688714e-06
1123.571735983	0.17860265996263514	-6.829822263161936e-06
1124.7811781100002	0.17857999687737647	-6.835410943224068e-06
1125.990620237	0.1785573874115633	-6.841052358040264e-06
1127.2000623640001	0.17853483139326976	-6.8467738055418e-06
1128.409504491	0.17851232865182864	-6.852603494322124e-06
1129.618946618	0.17848987901796115	-6.858570424929725e-06
1130.828388745	0.178467482323922	-6.864704258124563e-06
1132.037830872	0.1784451384036368	-6.871035170302742e-06
1133.2472729990002	0.17842284709283573	-6.877593685655076e-06
1134.456715126	0.17840060822919526	-6.884410507558905e-06
1135.6661572530002	0.17837842165246967	-6.891516327904232e-06
1136.87559938	0.1783562872046152	-6.898941622363389e-06
1138.0850415070001	0.17833420472991265	-6.906716450818043e-06
1139.294483634	0.17831217407507585	-6.914870231215439e-06
1140.5039257610001	0.1782901950893533	-6.923431521222226e-06
1141.713367888	0.17826826762460263	-6.932427783396672e-06
1142.922810015	0.17824639153537852	-6.941885160658204e-06
1144.132252142	0.17822456667897563	-6.951828237698743e-06
1145.341694269	0.17820279291547253	-6.962279817028169e-06
1146.5511363960002	0.17818107010775147	-6.9732606897583704e-06
1147.760578523	0.17815939812149795	-6.98478941952782e-06
1148.9700206500002	0.17813777682519077	-6.996882129456719e-06
1150.179462777	0.17811620609005213	-7.009552306959377e-06
1151.3889049040001	0.17809468578999305	-7.022810619008307e-06
1152.598347031	0.17807321580153318	-7.036664739341891e-06
1153.807789158	0.1780517960037003	-7.051119204289774e-06
1155.017231285	0.17803042627791296	-7.066175275377562e-06
1156.226673412	0.1780091065078372	-7.081830833888594e-06
1157.4361155390002	0.17798783657923425	-7.0980802927660125e-06
1158.645557666	0.1779666163797829	-7.114914535210487e-06
1159.8549997930002	0.17794544579889732	-7.1323208779405095e-06
1161.06444192	0.17792432472751343	-7.1502830623852015e-06
1162.2738840470001	0.1779032530578859	-7.168781270803365e-06
1163.483326174	0.17788223068336106	-7.187792167429388e-06
1164.6927683010001	0.1778612574981419	-7.207288973536466e-06
1165.902210428	0.17784033339705324	-7.227241562947004e-06
1167.111652555	0.17781945827530754	-7.247616584188377e-06
1168.321094682	0.17779863202825402	-7.268377610595081e-06
1169.530536809	0.17777785455114536	-7.28948531307852e-06
1170.7399789360002	0.17775712573890332	-7.310897652774984e-06
1171.949421063	0.1777364454858831	-7.332570104033945e-06
1173.1588631900001	0.1777158136856613	-7.354455881925306e-06
1174.368305317	0.1776952302308122	-7.376506200796468e-06
1175.5777474440001	0.17767469501272076	-7.398670535991789e-06
1176.787189571	0.1776542079213892	-7.420896907717536e-06
1177.996631698	0.17763376884527227	-7.443132168428318e-06
1179.206073825	0.17761337767112323	-7.46532230166963e-06
1180.415515952	0.17759303428385317	-7.487412724830472e-06
1181.6249580790002	0.17757273856642555	-7.509348591021661e-06
1182.834400206	0.1775524903997504	-7.5310750925518255e-06
1184.0438423330002	0.1775322896626153	-7.552537765196168e-06
1185.25328446	0.17751213623162831	-7.573682780764521e-06
1186.4627265870001	0.17749202998118044	-7.594457237277211e-06
1187.672168714	0.1774719707834327	-7.614809433575259e-06
1188.881610841	0.1774519585083204	-7.63468913870212e-06
1190.091052968	0.1774319930235839	-7.654047837086023e-06
1191.300495095	0.17741207419480448	-7.672838971312795e-06
1192.5099372220002	0.17739220188547167	-7.691018152343118e-06
1193.719379349	0.17737237595705863	-7.708543362287823e-06
1194.9288214760002	0.17735259626911606	-7.725375131061724e-06
1196.138263603	0.17733286267938358	-7.741476692094129e-06
1197.3477057300001	0.17731317504390362	-7.75681411732329e-06
1198.557147857	0.17729353321715827	-7.77135643436136e-06
1199.7665899840001	0.17727393705220634	-7.785075711308487e-06
1200.976032111	0.17725438640083485	-7.797947123352328e-06
1202.185474238	0.17723488111371866	-7.80994900218858e-06
1203.394916365	0.1772154210405684	-7.821062853300559e-06
1204.604358492	0.1771960060303056	-7.831273357525662e-06
1205.8138006190002	0.17717663593122304	-7.840568352185037e-06
1207.023242746	0.17715731059114992	-7.848938788532558e-06
1208.2326848730002	0.17713802985761407	-7.856378673717912e-06
1209.442127	0.17711879357800736	-7.862884990035221e-06
