0.0	0.0	0.0
1.209442127	2.3120649380661977e-06	3.4540292751461923e-09
2.418884254	9.297299458802242e-06	4.139981127010933e-09
3.6283263810000004	2.0930623877223372e-05	4.838013495451098e-09
4.837768508	3.720132945381047e-05	5.425845768140466e-09
6.047210635000001	5.809596191218448e-05	6.017672252902948e-09
7.256652762000001	8.35990403596974e-05	6.549289337651956e-09
8.466094889	0.0001136935081980815	7.034031074648657e-09
9.675537016	0.00014836121526916473	7.481738940004736e-09
10.884979143	0.00018758339147250687	7.881924963984306e-09
12.094421270000002	0.00023134111176245504	8.242888114870756e-09
13.303863397	0.00027961575078405687	8.577102719850484e-09
14.513305524000002	0.0003323894205898142	8.897853752951652e-09
15.722747651	0.00038964539364158085	9.212879906959902e-09
16.932189778	0.0004513685059676607	9.52617729077713e-09
18.141631905	0.0005175455131491099	9.858670845982788e-09
19.351074032	0.0005881654240150237	1.0232048920230549e-08
20.560516159000002	0.0006632198010323101	1.0668760583835545e-08
21.769958286	0.0007427030394218847	1.1201758380587667e-08
22.979400413	0.0008266125966019238	1.1866460243113561e-08
24.188842540000003	0.0009149491734921454	1.2702914813604147e-08
25.398284667000002	0.0010077168525214923	1.3763827884180126e-08
26.607726794	0.0011049231792873817	1.5113824180771782e-08
27.817168921	0.0012065791969422207	1.6829783880361016e-08
29.026611048000003	0.0013126994273922935	1.89985248326689e-08
30.236053175000002	0.0014233017933136095	2.170957792097446e-08
31.445495302	0.0015384074750969857	2.5044243869090278e-08
32.654937429	0.001658040698559038	2.9064498940151916e-08
33.864379556	0.0017822284523428963	3.3805644930821695e-08
35.073821683000006	0.0019110001336546361	3.927271243035064e-08
36.28326381	0.0020443871212739843	4.543853057313494e-08
37.492705937000004	0.002182422276539942	5.2244146113900753e-08
38.702148064	0.0023251393733130232	5.960277472241857e-08
39.911590191	0.002472572457847738	6.740865005555813e-08
41.121032318000005	0.0026247551373819148	7.555490984627876e-08
42.330474445	0.002781719793434766	8.396173172417385e-08
43.539916572	0.002943496716485739	9.260428032492076e-08
44.749358699000005	0.0031101131693780306	1.0152080442821956e-07
45.958800826	0.0032815924051729966	1.1078862247967601e-07
47.168242953000004	0.0034579526791632003	1.2047874639412158e-07
48.377685080000006	0.0036392062979392816	1.3061185497022098e-07
49.587127207	0.003825358709398757	1.411039407609655e-07
50.796569334000004	0.004016407533661534	1.5170971186845881e-07
52.00601146100001	0.004212341476116892	1.620574351872862e-07
53.215453588	0.004413139197349079	1.7174518574673034e-07
54.424895715000005	0.004618768185864669	1.8040509840398518e-07
55.634337842	0.00482918365362709	1.8772190395878553e-07
56.843779969	0.005044327485146349	1.9343629247824474e-07
58.053222096000006	0.005264127256696274	1.9735602913947682e-07
59.262664223	0.005488495323449548	1.9937024675654432e-07
60.472106350000004	0.005717327978115439	1.994609467149773e-07
61.68154847700001	0.005950504691887729	1.9771194249199273e-07
62.890990604	0.006187887449006278	1.9431545572350009e-07
64.100432731	0.006429320185665262	1.8957549028268418e-07
65.309874858	0.006674628343608523	1.8390691540619353e-07
66.519316985	0.006923618548157543	1.778293531408916e-07
67.728759112	0.007176078419444603	1.71955236887645e-07
68.93820123900001	0.007431776524257014	1.6697184135874161e-07
70.14764336600001	0.007690462474277791	1.6361774163250067e-07
71.357085493	0.007951867174725688	1.6265489712599779e-07
72.56652762	0.00821570322552981	1.6483800957048078e-07
73.775969747	0.008481665475144128	1.7088271797412668e-07
74.98541187400001	0.008749431724873564	1.814344274282198e-07
76.19485400100001	0.00901866357974072	1.9704241880836728e-07
77.404296128	0.009289007441578418	2.1814993579364976e-07
78.613738255	0.009560095640493491	2.451138093830267e-07
79.823180382	0.009831547700470135	2.782599670923816e-07
81.032622509	0.010102971736535392	3.179683642398333e-07
82.24206463600001	0.010373965987339237	3.6477142026542637e-07
83.45150676300001	0.010644120493913264	4.194431735380635e-07
84.66094889	0.010913018938095296	4.83046647182684e-07
85.870391017	0.01118024064816233	5.568975840129548e-07
87.079833144	0.011445362757878167	6.42409540514802e-07
88.28927527100001	0.01170796246963694	7.408240970747963e-07
89.49871739800001	0.011967619342752435	8.528925321986916e-07
90.708159525	0.012223917532132735	9.786192030583031e-07
91.917601652	0.012476447944726235	1.1171582979162068e-06
93.127043779	0.012724810328491242	1.2668820306193517e-06
94.33648590600001	0.012968615324385934	1.4255671543330237e-06
95.54592803300001	0.013207486493162045	1.590623394763144e-06
96.75537016000001	0.01344106230152278	1.7593070946354464e-06
97.964812287	0.013668998038944426	1.928894395480842e-06
99.174254414	0.013890967640111405	2.09680995097828e-06
100.383696541	0.01410666539894516	2.260717652655417e-06
101.59313866800001	0.01431580756920971	2.4185835440583047e-06
102.80258079500001	0.014518133850117467	2.5687196832764186e-06
104.01202292200001	0.014713408753652648	2.7098126542950506e-06
105.221465049	0.014901422844969633	2.8409361403764024e-06
106.430907176	0.015081993840811502	2.9615473121462144e-06
107.64034930300001	0.01525496754764338	3.0714711449684493e-06
108.84979143000001	0.01542021862386232	3.1708808343641074e-06
110.05923355700001	0.015577651157665429	3.2602815172736413e-06
111.268675684	0.01572719905956951	3.340497183896245e-06
112.478117811	0.015868826273616982	3.41265186775896e-06
113.687559938	0.01600252681655232	3.4781342384758056e-06
114.89700206500001	0.016128324659768573	3.5385411364828323e-06
116.10644419200001	0.016246273464927317	3.5956011915103256e-06
117.31588631900001	0.016356456172046188	3.65108281296173e-06
118.525328446	0.016458984434205896	3.70669688965559e-06
119.734770573	0.01655399789712754	3.764007782333797e-06
120.94421270000001	0.016641663326449056	3.824362539304662e-06
122.15365482700001	0.016722173588722813	3.888842147600551e-06
123.36309695400001	0.016795746495110456	3.9582336593175745e-06
124.572539081	0.01686262351978773	4.0330189795125995e-06
125.781981208	0.016923068407254667	4.113375305315848e-06
126.99142333500001	0.01697736568199087	4.1991840070447145e-06
128.200865462	0.017025819067647333	4.290047871947024e-06
129.410307589	0.017068749813905076	4.385316936132494e-06
130.619749716	0.017106494934110567	4.484117873650071e-06
131.82919184300002	0.017139405390925594	4.5853788445703565e-06
133.03863397	0.017167844296682257	4.6878465034933756e-06
134.24807609700002	0.017192185161287385	4.790094474517789e-06
135.457518224	0.017212810147114444	4.890528919375252e-06
136.666960351	0.01723010827207813	4.98740886175734e-06
137.87640247800002	0.017244473556568583	5.078886473616677e-06
139.085844605	0.017256303153152994	5.163049096188468e-06
140.29528673200002	0.01726599549326626	5.237949643593883e-06
141.504728859	0.01727394847054139	5.301631520845419e-06
142.714170986	0.01728055767604553	5.3521586390971765e-06
143.92361311300002	0.017286214698079026	5.3876524043196345e-06
145.13305524	0.017291305494024547	5.4063300361869846e-06
146.34249736700002	0.017296208837704836	5.406536866061036e-06
147.551939494	0.017301294845470747	5.3867669517001565e-06
148.761381621	0.017306923586864906	5.345669168535229e-06
149.97082374800002	0.017313443788847648	5.282039519115917e-06
151.180265875	0.017321191643969728	5.194804677009924e-06
152.38970800200002	0.01733048973085231	5.083005747233222e-06
153.599150129	0.01734164604951478	4.945792810383029e-06
154.808592256	0.017354953166122362	4.782438499501406e-06
156.018034383	0.017370687454963493	4.592373215608049e-06
157.22747651	0.01738910842318537	4.375238264450395e-06
158.43691863700002	0.01741045810688099	4.130948865180537e-06
159.646360764	0.017434960533557496	3.8597574689424065e-06
160.85580289100002	0.017462821252802498	3.5623082928711545e-06
162.065245018	0.01749422694188935	3.239675441006642e-06
163.274687145	0.01752934509497781	2.893379506913205e-06
164.48412927200002	0.017568323802998952	2.525381862585235e-06
165.693571399	0.017611291626616458	2.138062020646819e-06
166.90301352600002	0.017658357558374655	1.7341895508803189e-06
168.112455653	0.017709611065140067	1.3169039152725265e-06
169.32189778	0.01776512220129783	8.897100142987485e-07
170.53133990700002	0.017824941788055725	4.5648589350343653e-07
171.740782034	0.017889101661717997	2.1489138633201907e-08
172.95022416100002	0.01795761499794446	-4.106530793808106e-07
174.159666288	0.01803047671574985	-8.349780047091717e-07
175.369108415	0.018107663956597613	-1.246242489804987e-06
176.57855054200002	0.01818913662705138	-1.638989448634615e-06
177.787992669	0.018274837992686435	-2.0076152819602333e-06
178.99743479600002	0.01836469531487288	-2.3464331717697736e-06
180.206876923	0.018458620525849363	-2.649734037472254e-06
181.41631905	0.01855651093809763	-2.9118514459748455e-06
182.62576117700002	0.018658249982520334	-3.12723624252476e-06
183.835203304	0.01876370797040463	-3.2905415350176438e-06
185.04464543100002	0.018872742879091225	-3.396712926801019e-06
186.254087558	0.018985201166841405	-3.4410769608802915e-06
187.46352968500003	0.019100918622479177	-3.419422649120021e-06
188.67297181200001	0.019219721249891197	-3.3280734644277947e-06
189.882413939	0.019341426181947136	-3.1639484019213635e-06
191.09185606600002	0.019465842616576853	-2.9246111060385575e-06
192.301298193	0.019592772768206933	-2.6083064169200176e-06
193.51074032000002	0.019722012826682855	-2.2139839316699164e-06
194.720182447	0.01985335391360527	-1.7413079285465113e-06
195.929624574	0.019986583029208853	-1.190653059191681e-06
197.13906670100002	0.020121483990474972	-5.630870070584095e-07
198.348508828	0.020257838361690733	1.3965633322979793e-07
199.55795095500002	0.02039542637144766	9.152093105850427e-07
200.767393082	0.020534027804893537	1.760606108723662e-06
201.976835209	0.020673422861039913	2.672319540785022e-06
203.18627733600002	0.020813392968927653	3.646296752963608e-06
204.395719463	0.020953721559909703	4.677992339338337e-06
205.60516159000002	0.02109419479547856	5.762399755250558e-06
206.814603717	0.02123460225176013	6.8940839214005934e-06
208.02404584400003	0.021374737563290655	8.067217992271936e-06
209.23348797100002	0.021514399029370933	9.275625757584945e-06
210.442930098	0.021653390185593063	1.0512829343959283e-05
211.65237222500002	0.021791520341455223	1.1772100783806124e-05
212.861814352	0.02192860508328557	1.3046515833295234e-05
214.07125647900003	0.022064466740778995	1.4329008829933873e-05
215.28069860600002	0.022198934815430477	1.561242794177573e-05
216.490140733	0.022331846369713027	1.688959054895024e-05
217.69958286000002	0.022463046376605927	1.8153338658998357e-05
218.909024987	0.022592388029747133	1.9396594217042682e-05
220.11846711400003	0.022719733014976356	2.061241403529003e-05
221.32790924100001	0.022844951744345962	2.1794043912943724e-05
222.537351368	0.022967923553848274	2.2934971401362446e-05
223.74679349500002	0.023088536866189648	2.4028976620632242e-05
224.956235622	0.023206689319961147	2.507018056651571e-05
226.16567774900003	0.023322287866551914	2.605309044302289e-05
227.375119876	0.023435248836124103	2.6972641673433384e-05
228.584562003	0.023545497973876586	2.7824236318426392e-05
229.79400413000002	0.02365297044765698	2.8603777575180805e-05
231.003446257	0.02375761082769632	2.9307699932437532e-05
232.21288838400002	0.023859373039073206	2.9932994555141067e-05
233.422330511	0.023958220287564235	3.0477229642226536e-05
234.63177263800003	0.02405412495971919	3.0938565631906074e-05
235.84121476500002	0.024147068498045283	3.13157649964178e-05
237.050656892	0.02423704125206038	3.160819612845096e-05
238.26009901900002	0.02432404230582042	3.1815830713863806e-05
239.469541146	0.024408079282493073	3.193923412654986e-05
240.67898327300003	0.024489168126590428	3.197954866909926e-05
241.88842540000002	0.024567332864602522	3.193846985422198e-05
243.097867527	0.024642605344887204	3.1818216250005105e-05
244.30730965400002	0.024715024957803578	3.162149366917652e-05
245.516751781	0.024784638337197986	3.13514546203478e-05
246.72619390800003	0.024851499044477015	3.1011654001726254e-05
247.93563603500002	0.02491566723662287	3.060600197851567e-05
249.145078162	0.024977209319641494	3.013871492803644e-05
250.35452028900002	0.025036197589057722	2.9614265246038703e-05
251.563962416	0.02509270985918569	2.9037330750828906e-05
252.77340454300003	0.025146829082999977	2.84127443775575e-05
253.98284667000001	0.025198642964481283	2.774544484587535e-05
255.192288797	0.025248243565314847	2.7040429004566672e-05
256.401730924	0.025295726907746736	2.6302706571483427e-05
257.61117305100004	0.025341192575293645	2.5537257978234572e-05
258.820615178	0.0253847433128404	2.474899599449129e-05
260.030057305	0.025426484627506806	2.394273167917537e-05
261.239499432	0.025466524391531284	2.312314504428963e-05
262.448941559	0.025504972448338197	2.2294760590411162e-05
263.65838368600004	0.02554194022292677	2.1461927644502287e-05
264.867825813	0.025577540337710036	2.0628805212455913e-05
266.07726794	0.02561188623495052	1.979935089934189e-05
267.286710067	0.02564509180690265	1.897731337186158e-05
268.49615219400005	0.025677271034752123	1.8166227826416937e-05
269.70559432100004	0.025708537637378303	1.7369413984046838e-05
270.915036448	0.02573900473092398	1.6589976203984412e-05
272.124478575	0.025768784500113488	1.5830805382254566e-05
273.333920702	0.025797987882197112	1.509458233264775e-05
274.54336282900005	0.025826724264323593	1.4383782394332721e-05
275.75280495600003	0.025855101195018895	1.370068103521854e-05
276.962247083	0.025883224110331306	1.3047360253707486e-05
278.17168921	0.025911196075088624	1.2425715604053574e-05
279.381131337	0.025939117539623795	1.1837463637871615e-05
280.59057346400004	0.025967086112252062	1.1284149520506508e-05
281.80001559100003	0.025995196347709307	1.0767154528400684e-05
283.009457718	0.0260235395516598	1.0287703141940136e-05
284.218899845	0.026052203601266043	9.846869533019674e-06
285.428341972	0.026081272781628674	9.445583367576344e-06
286.63778409900004	0.02611082763772641	9.084634914466908e-06
287.84722622600003	0.026140944841393315	8.764679350891976e-06
289.056668353	0.02617169707306423	8.48623992819179e-06
290.26611048	0.0262031529183575	8.24970964458444e-06
291.475552607	0.026235376779587753	8.05535151610077e-06
292.68499473400004	0.026268428801914653	7.9032979460215e-06
293.89443686100003	0.026302364813541052	7.793549633015125e-06
295.103878988	0.026337236279396967	7.725974224761344e-06
296.313321115	0.026373090267872375	7.70030483638072e-06
297.522763242	0.026409969430206313	7.716138575372062e-06
298.73220536900004	0.026447911992160265	7.772935261783583e-06
299.94164749600003	0.02648695175759286	7.870016536904695e-06
301.151089623	0.026527118123557705	8.006565548691279e-06
302.36053175	0.026568436106545412	8.181627369594883e-06
303.569973877	0.026610926379494637	8.394110288307522e-06
304.77941600400004	0.026654605319188156	8.642788079126569e-06
305.98885813100003	0.026699485063660877	8.926303334486815e-06
307.198300258	0.02674557357923283	9.243171916269053e-06
308.407742385	0.026792874736778508	9.59178855726785e-06
309.617184512	0.026841388396844284	9.97043361272141e-06
310.82662663900004	0.02689111050322001	1.0377280941597508e-05
312.036068766	0.026942033184566987	1.081040685922544e-05
313.245510893	0.026994144863710743	1.1267800081174075e-05
314.45495302	0.027047430374202142	1.1747372542226275e-05
315.664395147	0.027101871083762344	1.2246970960669249e-05
316.87383727400004	0.027157445024215677	1.2764388986449593e-05
318.083279401	0.027214127027532436	1.3297379770447359e-05
319.292721528	0.027271888867588405	1.3843668779919927e-05
320.502163655	0.027330699407248558	1.4400966699618569e-05
321.71160578200005	0.02739052475036786	1.4966982274844497e-05
322.92104790900004	0.027451328398292757	1.553943497158896e-05
324.130490036	0.027513071410415778	1.6116067360697955e-05
325.339932163	0.027575712568331873	1.669465712332334e-05
326.54937429	0.027639208543115364	1.7273028560354476e-05
327.75881641700005	0.027703514065247015	1.7849063445874373e-05
328.96825854400004	0.02776858209671877	1.84207110239946e-05
330.177700671	0.027834364004853555	1.8985996972690908e-05
331.387142798	0.027900809737380832	1.9543031242497077e-05
332.596584925	0.027967867998291335	2.0090014786291694e-05
333.80602705200005	0.028035486423979454	2.0625245293242227e-05
335.01546917900004	0.028103611759159694	2.11471220529093e-05
336.224911306	0.028172190032047	2.165415003796846e-05
337.434353433	0.028241166728292005	2.2144943234961837e-05
338.64379556	0.028310486963176305	2.2618227222720415e-05
339.85323768700005	0.028380095651589776	2.3072840984772525e-05
341.06267981400003	0.02844993767532439	2.3507737967155196e-05
342.272121941	0.0285199580472317	2.3921986400436754e-05
343.481564068	0.028590102071807677	2.4314768935405604e-05
344.691006195	0.028660315501785834	2.468538165461479e-05
345.90044832200005	0.028730544690330897	2.5033232524391335e-05
347.10989044900003	0.02880073673845515	2.5357839361274788e-05
348.319332576	0.02887083963730081	2.5658827379441998e-05
349.528774703	0.028940802404947865	2.5935926384615267e-05
350.73821683	0.029010575217440278	2.618896766546821e-05
351.94765895700004	0.0290801095337468	2.6417880632187498e-05
353.15710108400003	0.029149358214384056	2.6622689241848173e-05
354.366543211	0.029218275633475167	2.6803508239354706e-05
355.575985338	0.029286817784019245	2.696053924047176e-05
356.785427465	0.02935494237618684	2.709406667645577e-05
357.99486959200004	0.029422608928469533	2.7204453616074122e-05
359.20431171900003	0.029489778851542928	2.7292137477996962e-05
360.413753846	0.029556415524720332	2.7357625642440947e-05
361.623195973	0.02962248436490165	2.7401490971633772e-05
362.8326381	0.029687952887943674	2.742436724920349e-05
364.04208022700004	0.029752790762405355	2.7426944545726516e-05
365.25152235400003	0.029816969855643	2.7409964520776163e-05
366.460964481	0.029880464272255193	2.7374215674343936e-05
367.670406608	0.02994325038490355	2.732052855667961e-05
368.87984873500005	0.030005306857563495	2.7249770958581917e-05
370.08929086200004	0.03006661466127416	2.7162843093138192e-05
371.29873298900003	0.03012715708249283	2.7060672792253067e-05
372.508175116	0.030186919724171934	2.694421073858205e-05
373.717617243	0.030245890499715187	2.6814425756665577e-05
374.92705937000005	0.030304059619971437	2.66723001878842e-05
376.13650149700004	0.030361419573468853	2.6518825375028946e-05
377.34594362400003	0.030417965100095236	2.635499728311071e-05
378.555385751	0.030473693158461712	2.6181812280945504e-05
379.764827878	0.030528602887195725	2.6000263110967938e-05
380.97427000500005	0.030582695560435375	2.5811335065641056e-05
382.18371213200004	0.03063597453780303	2.561600239769746e-05
383.393154259	0.030688445209157283	2.541522497768095e-05
384.602596386	0.03074011493442653	2.520994521433563e-05
385.812038513	0.030790992978840748	2.5001085251886012e-05
387.02148064000005	0.030841090443888233	2.4789544449785253e-05
388.23092276700004	0.0308904201943214	2.457619714489742e-05
389.440364894	0.030938996781547528	2.436189070183896e-05
390.649807021	0.03098683636374055	2.4147443839132826e-05
391.859249148	0.031033956623004944	2.393364522532379e-05
393.06869127500005	0.03108037667992933	2.3721252330344748e-05
394.27813340200004	0.031126117005859166	2.3510990515557532e-05
395.487575529	0.031171199333216968	2.3303552340458856e-05
396.697017656	0.03121564656418628	2.3099597066471297e-05
397.906459783	0.03125948267808471	2.289975033146392e-05
399.11590191000005	0.031302732637724394	2.2704603968527946e-05
400.32534403700004	0.03134542229506323	2.251471594647947e-05
401.534786164	0.03138757829644096	2.233061040205725e-05
402.744228291	0.03142922798767831	2.215277774267299e-05
403.953670418	0.03147039931931489	2.1981674795271847e-05
405.16311254500005	0.03151112075224846	2.181772497818857e-05
406.37255467200004	0.03155142116402993	2.1661318483345668e-05
407.581996799	0.03159132975605814	2.1512812447025004e-05
408.791438926	0.03163087596190875	2.1372531103401758e-05
410.000881053	0.03167008935702313	2.1240765908629206e-05
411.21032318000005	0.03170899956997538	2.11177756302509e-05
412.41976530700003	0.0317476361955168	2.100378640506476e-05
413.629207434	0.031786028709604335	2.0898991761559316e-05
414.838649561	0.03182420638659144	2.0803552615449962e-05
416.04809168800006	0.03186219821876918	2.0717597247590297e-05
417.25753381500004	0.031900032838421126	2.0641221267136057e-05
418.46697594200003	0.03193773844255495	2.0574487581006128e-05
419.676418069	0.03197534272046314	2.051742637848643e-05
420.885860196	0.03201287278425496	2.0470035146509654e-05
422.09530232300006	0.032050355102491504	2.0432278729841593e-05
423.30474445000004	0.03208781543705339	2.0404089456503386e-05
424.51418657700003	0.03212527878334824	2.0385367337772476e-05
425.723628704	0.03216276931396938	2.0375980361601677e-05
426.933070831	0.032200310325897055	2.037576489264778e-05
428.14251295800005	0.03223792419133088	2.0384526190632766e-05
429.35195508500004	0.03227563231222368	2.040203905928919e-05
430.56139721200003	0.032313455078586295	2.042804863310236e-05
431.770839339	0.03235141183061379	2.0462271313024583e-05
432.980281466	0.032389520824677706	2.0504395851751462e-05
434.18972359300005	0.032427799203215736	2.0554084591931787e-05
435.39916572000004	0.03246626296853914	2.0610974862140683e-05
436.60860784700003	0.03250492696056892	2.0674680520998865e-05
437.818049974	0.032543804838498114	2.0744793650825164e-05
439.027492101	0.032582909066365316	2.08208863905339e-05
440.23693422800005	0.03262225090251497	2.0902512900013816e-05
441.44637635500004	0.03266184039290978	2.0989211443790386e-05
442.65581848200003	0.03270168636824621	2.1080506580584533e-05
443.865260609	0.032741796444808166	2.117591144322626e-05
445.074702736	0.032782177028998286	2.1274930095370364e-05
446.28414486300005	0.032822833325456935	2.137705994306753e-05
447.49358699000004	0.03286376934868133	2.1481794186772844e-05
448.703029117	0.0329049879380408	2.1588624290179682e-05
449.912471244	0.032946490776076864	2.1697042451968616e-05
451.121913371	0.0329882784099668	2.1806544055336624e-05
452.33135549800005	0.03303035027601961	2.1916630080123223e-05
453.54079762500004	0.033072704727068344	2.2026809456997465e-05
454.750239752	0.03311533906261237	2.2136601344557773e-05
455.959681879	0.03315824956155574	2.2245537315331105e-05
457.169124006	0.033201431517383355	2.235316343024917e-05
458.37856613300005	0.03324487927561423	2.2459042190800397e-05
459.58800826000004	0.033288586273356326	2.256275435236954e-05
460.797450387	0.03333254508079817	2.2663900588163194e-05
462.006892514	0.03337674744445627	2.2762102993190213e-05
463.216334641	0.03342118433200027	2.2857006419672487e-05
464.42577676800005	0.033465845978480804	2.2948279638008707e-05
465.63521889500004	0.033510721933773455	2.303561631614877e-05
466.844661022	0.03355580111106325	2.3118735819726602e-05
468.054103149	0.03360107183618676	2.3197383825565025e-05
469.26354527600006	0.0336465218976536	2.327133275711492e-05
470.47298740300005	0.03369213859717102	2.334038203813745e-05
471.68242953000004	0.03373790880049478	2.340435817312595e-05
472.891871657	0.033783818988439934	2.3463114659622765e-05
474.101313784	0.0338298553078777	2.351653173897565e-05
475.31075591100006	0.03387600362255987	2.356451599370926e-05
476.52019803800005	0.03392224956361069	2.3606999801020044e-05
477.72964016500003	0.03396857857953154	2.3643940653658468e-05
478.939082292	0.034014975985575596	2.3675320355887925e-05
480.148524419	0.03406142701234186	2.370114410598035e-05
481.35796654600006	0.0341079168534647	2.3721439481425568e-05
482.56740867300005	0.034154430712261756	2.3736255329274153e-05
483.77685080000003	0.03420095384722019	2.3745660580913416e-05
484.986292927	0.034247471616207975	2.3749743001544756e-05
486.195735054	0.03429396951930087	2.3748607884537636e-05
487.40517718100006	0.03434043324012164	2.3742376704494276e-05
488.61461930800004	0.03438684868560045	2.3731185740453034e-05
489.82406143500003	0.03443320202407073	2.3715184682140595e-05
491.033503562	0.034479479721621346	2.3694535227696914e-05
492.242945689	0.03452566857664051	2.3669409682891557e-05
493.45238781600005	0.034571755752482544	2.3639989573136794e-05
494.66182994300004	0.034617728808214066	2.360646427394399e-05
495.87127207000003	0.03466357572738356	2.3569029670765835e-05
497.080714197	0.034709284944779574	2.352788685205947e-05
498.290156324	0.03475484537114676	2.3483240849756848e-05
499.49959845100005	0.03480024641583152	2.3435299426688334e-05
500.70904057800004	0.0348454780073439	2.3384271919574546e-05
501.91848270500003	0.03489053061182517	2.3330368146150523e-05
503.127924832	0.034935395249415836	2.3273797375106107e-05
504.337366959	0.0349800635085322	2.3214767367688573e-05
505.54680908600005	0.035024527558058585	2.3153483490662813e-05
506.75625121300004	0.03506878015747632	2.309014790827822e-05
507.96569334000003	0.035112814664946916	2.302495884357843e-05
509.175135467	0.03515662504338481	2.295810992774405e-05
510.384577594	0.035200205864549396	2.288978962089978e-05
511.59401972100005	0.03524355231119884	2.2820180715037043e-05
512.803461848	0.035286660177351804	2.274945991264829e-05
514.0129039750001	0.03532952586670145	2.2677797483215386e-05
515.2223461020001	0.03537214638924115	2.2605356993104353e-05
516.4317882290001	0.03541451935615753	2.2532295107369592e-05
517.641230356	0.03545664297305167	2.2458761459641672e-05
518.850672483	0.03549851603155504	2.238489858795926e-05
520.06011461	0.035540137899405744	2.23108419308065e-05
521.269556737	0.03558150850905971	2.223671987975179e-05
522.478998864	0.03562262834490479	2.2162653884279793e-05
523.688440991	0.0356634984291561	2.2088758601371542e-05
524.897883118	0.03570412030650782	2.2015142089202622e-05
526.1073252450001	0.035744496027618894	2.194190603378086e-05
527.3167673720001	0.035784628131514604	2.1869146007374936e-05
528.5262094990001	0.03582451962697953	2.1796951751136543e-05
529.735651626	0.03586417397302511	2.1725407475546177e-05
530.945093753	0.03590359505851146	2.1654592174370727e-05
532.15453588	0.03594278718100545	2.1584579948358426e-05
533.363978007	0.0359817550249515	2.1515440328519313e-05
534.573420134	0.03602050363924081	2.144723859715537e-05
535.782862261	0.03605903841425364	2.1380036104967163e-05
536.9923043880001	0.03609736505845424	2.1313890573384438e-05
538.2017465150001	0.03613548957461908	2.124885638250831e-05
539.4111886420001	0.03617341823576923	2.1184984840798223e-05
540.6206307690001	0.036211157560886255	2.1122324432662425e-05
541.830072896	0.03624871429048247	2.1060921042498107e-05
543.039515023	0.03628609536210253	2.100081815038078e-05
544.24895715	0.03632330788581849	2.094205700185241e-05
545.458399277	0.03636035911979508	2.088467674797829e-05
546.667841404	0.03639725644598563	2.0828714555815808e-05
547.877283531	0.03643400734603033	2.0774205689703295e-05
549.0867256580001	0.036470619377410765	2.072118356348864e-05
550.2961677850001	0.036507100149927786	2.0669679765004866e-05
551.5056099120001	0.036543457302562254	2.0619724050952316e-05
552.715052039	0.036579698480767496	2.0571344321064265e-05
553.924494166	0.036615831314254305	2.0524566563964396e-05
555.133936293	0.03665186339531565	2.047941478352012e-05
556.34337842	0.03668780225774392	2.0435910907459715e-05
557.552820547	0.03672365535638408	2.039407467823297e-05
558.762262674	0.0367594300473652	2.0353923529178028e-05
559.971704801	0.036795133569057545	2.0315472454520965e-05
561.1811469280001	0.036830773023788566	2.027873386581507e-05
562.3905890550001	0.036866355360354416	2.0243717447946365e-05
563.6000311820001	0.03690188735736265	2.021043001087055e-05
564.809473309	0.036937375607434646	2.0178875342104165e-05
566.018915436	0.03697282650229437	2.01490540639596e-05
567.228357563	0.037008246218769796	2.0120963497585542e-05
568.43779969	0.03704364070572715	2.0094597531445612e-05
569.647241817	0.0370790156719575	2.006994650371907e-05
570.856683944	0.037114376575033456	2.004699709796286e-05
572.066126071	0.03714972861114371	2.0025732249399088e-05
573.2755681980001	0.037185076705919855	2.0006131070218292e-05
574.4850103250001	0.037220425506258904	1.998816879050188e-05
575.6944524520001	0.037255779373149195	1.9971816716132253e-05
576.903894579	0.03729114237549731	1.9957042206979748e-05
578.113336706	0.03732651828495495	1.99438086743402e-05
579.322778833	0.03736191057173986	1.9932075594963494e-05
580.53222096	0.03739732240144662	1.9921798548137986e-05
581.741663087	0.03743275663283104	1.991292926912628e-05
582.951105214	0.03746821581656179	1.990541572266347e-05
584.160547341	0.037503702194913544	1.989920219410142e-05
585.3699894680001	0.03753921770239546	1.989422939839626e-05
586.5794315950001	0.037574763967283216	1.989043460557326e-05
587.7888737220001	0.03761034231403483	1.9887751781480565e-05
588.998315849	0.03764595376656852	1.988611174337483e-05
590.207757976	0.0376815990523696	1.988544233014592e-05
591.417200103	0.03771727860739534	1.9885668581107967e-05
592.62664223	0.03775299258175319	1.9886712930694022e-05
593.836084357	0.03778874084611113	1.9888495408806375e-05
595.045526484	0.03782452299880762	1.9890933851493453e-05
596.2549686110001	0.03786033837362771	1.989394411958664e-05
597.4644107380001	0.03789618604819969	1.9897440321230977e-05
598.6738528650001	0.037932064852981486	1.9901335041973824e-05
599.8832949920001	0.03796797338078923	1.9905539576606987e-05
601.092737119	0.03800390999683138	1.990996416438472e-05
602.302179246	0.03803987284920299	1.9914518227384124e-05
603.511621373	0.038075859879800736	1.991911060763811e-05
604.7210635	0.03811186883561331	1.9923649805844555e-05
605.930505627	0.038147897280345136	1.9928044218523757e-05
607.139947754	0.03818394260632907	1.9932202375252568e-05
608.3493898810001	0.03822000204668555	1.993603317163545e-05
609.5588320080001	0.03825607268768375	1.9939446101923874e-05
610.7682741350001	0.038292151481264004	1.9942351486648028e-05
611.9777162620001	0.0383282352576758	1.9944660698144687e-05
613.187158389	0.03836432073819388	1.9946286381910524e-05
614.396600516	0.03840040454786692	1.9947142672196483e-05
615.606042643	0.03843648322826065	1.9947145405834126e-05
616.81548477	0.03847255325015598	1.994621232728287e-05
618.024926897	0.038508611026165374	1.9944263292419348e-05
619.234369024	0.03854465292322611	1.9941220463685977e-05
620.4438111510001	0.03858067527493894	1.9937008502007335e-05
621.6532532780001	0.038616674393715314	1.9931554749291208e-05
622.8626954050001	0.03865264658270125	1.9924789408966995e-05
624.072137532	0.03868858814744512	1.991664571623826e-05
625.281579659	0.03872449540728132	1.9907060103738902e-05
626.491021786	0.03876036470639835	1.9895972359130298e-05
627.700463913	0.038796192424569595	1.9883325774997418e-05
628.90990604	0.038831974987516	1.9869067292174748e-05
630.119348167	0.038867708876882505	1.9853147633167638e-05
631.328790294	0.03890339063980461	1.9835521429208336e-05
632.5382324210001	0.03893901689804548	1.9816147335470933e-05
633.7476745480001	0.03897458435668707	1.9794988140594015e-05
634.9571166750001	0.03901008981235812	1.9772010864590667e-05
636.166558802	0.03904553016098716	1.974718684548701e-05
637.376000929	0.039080902405065274	1.972049181822837e-05
638.585443056	0.039116203660412116	1.9691905981505263e-05
639.794885183	0.039151431162433664	1.966141405196959e-05
641.00432731	0.03918658227186751	1.962900530865402e-05
642.213769437	0.03922165448000811	1.9594673623951117e-05
643.4232115640001	0.03925664541341117	1.9558417484060087e-05
644.6326536910001	0.039291552838076206	1.9520239992878475e-05
645.8420958180001	0.03932637466310507	1.9480148867684063e-05
647.0515379450001	0.03936110894383844	1.9438156416697136e-05
648.260980072	0.039395753884478364	1.9394279507863033e-05
649.470422199	0.0394303078401938	1.9348539518567966e-05
650.679864326	0.03946476931872464	1.9300962275984954e-05
651.889306453	0.039499136981483246	1.9251577980800227e-05
653.09874858	0.03953340964416891	1.92004211185886e-05
654.308190707	0.03956758627690376	1.9147530355117185e-05
655.5176328340001	0.03960166600389761	1.9092948420459125e-05
656.7270749610001	0.0396356481026638	1.9036721978085337e-05
657.9365170880001	0.039669532002787763	1.897890148046128e-05
659.1459592150001	0.03970331728427323	1.891954101251615e-05
660.355401342	0.039737003675475446	1.8858698121787265e-05
661.564843469	0.039770591050643164	1.8796433637172825e-05
662.774285596	0.03980407942707611	1.8732811476202267e-05
663.983727723	0.03983746896193201	1.8667898440082716e-05
665.19316985	0.039870759948685844	1.860176400171875e-05
666.402611977	0.03990395281327027	1.8534480079020028e-05
667.6120541040001	0.039937048109912096	1.846612080675786e-05
668.8214962310001	0.039970046516687736	1.839676229550939e-05
670.0309383580001	0.04000294883081406	1.8326482386214297e-05
671.2403804850001	0.04003575596369867	1.8255360396951052e-05
672.449822612	0.04006846893576895	1.8183476868556573e-05
673.659264739	0.04010108887110044	1.8110913304386723e-05
674.868706866	0.04013361699186566	1.8037751906747873e-05
676.078148993	0.04016605461262212	1.7964075315011385e-05
677.28759112	0.0401984031344665	1.788996634116797e-05
678.497033247	0.040230664039068754	1.7815507707716727e-05
679.7064753740001	0.04026283888260825	1.7740781786311716e-05
680.9159175010001	0.04029492928963715	1.766587034144874e-05
682.1253596280001	0.040326936946885585	1.7590854276905993e-05
683.3348017550001	0.04035886359702795	1.7515813389803456e-05
684.544243882	0.04039071103243581	1.744082612841756e-05
685.753686009	0.04042248108892974	1.7365969359595062e-05
686.963128136	0.0404541756395524	1.7291318145252063e-05
688.172570263	0.04048579658837662	1.7216945526497842e-05
689.38201239	0.04051734586437362	1.714292231861475e-05
690.5914545170001	0.0405488254153491	1.7069316919967407e-05
691.8008966440001	0.04058023720196989	1.6996195127989146e-05
693.0103387710001	0.04061158319189263	1.6923619972090146e-05
694.2197808980001	0.04064286535401217	1.6851651557868922e-05
695.429223025	0.04067408565284414	1.678034692509318e-05
696.638665152	0.040705246043050404	1.670975991941961e-05
697.848107279	0.040736348464125924	1.6639941080653923e-05
699.057549406	0.04076739483525685	1.6570937542578873e-05
700.266991533	0.0407983870503583	1.6502792950874516e-05
701.47643366	0.040829326973306726	1.643554739371639e-05
702.6858757870001	0.04086021643337284	1.636923734879261e-05
703.8953179140001	0.040891057220865605	1.6303895644487598e-05
705.1047600410001	0.04092185108299545	1.6239551434625994e-05
706.3142021680001	0.04095259971996093	1.6176230192207945e-05
707.523644295	0.040983304781268715	1.611395371095306e-05
708.733086422	0.041013967862291875	1.6052740126122226e-05
709.942528549	0.041044590501065514	1.599260394677066e-05
711.151970676	0.04107517417533298	1.593355609956875e-05
712.361412803	0.04110572029983748	1.5875603987151508e-05
713.57085493	0.04113623022386451	1.5818751556898214e-05
714.7802970570001	0.041166705229036794	1.576299938134154e-05
715.9897391840001	0.041197146527359514	1.5708344749489873e-05
717.1991813110001	0.04122755525952145	1.5654781765730164e-05
718.4086234380001	0.04125793249344483	1.5602301460808726e-05
719.618065565	0.04128827922308207	1.5550891908573068e-05
720.827507692	0.04131859636746626	1.550053835015707e-05
722.036949819	0.041348884769998276	1.5451223328276545e-05
723.246391946	0.0413791451979786	1.5402926821394164e-05
724.455834073	0.04140937834237564	1.5355626389152883e-05
725.6652762	0.04143958481782022	1.5309297317831246e-05
726.8747183270001	0.04146976516283051	1.5263912769488332e-05
728.0841604540001	0.04149991984025399	1.5219443938200797e-05
729.2936025810001	0.0415300492379225	1.517586020190005e-05
730.5030447080001	0.04156015366951218	1.5133129282239064e-05
731.712486835	0.04159023337560221	1.5091217398196465e-05
732.921928962	0.041620288524925095	1.5050089426081039e-05
734.131371089	0.04165031921579642	1.5009709054307986e-05
735.340813216	0.04168032547772033	1.4970038941073862e-05
736.550255343	0.04171030727315767	1.4931040865033862e-05
737.7596974700001	0.04174026449945014	1.4892675878718267e-05
738.9691395970001	0.04177019699088994	1.4854904457539422e-05
740.1785817240001	0.041800104520925696	1.4817686643902297e-05
741.3880238510001	0.041829986804495144	1.4780982190040678e-05
742.5974659780001	0.041859843500472844	1.474475069581308e-05
743.806908105	0.04188967421422495	1.4708951743932797e-05
745.016350232	0.041919478500260114	1.4673545027650751e-05
746.225792359	0.041949255864965944	1.4638490477282844e-05
747.435234486	0.041979005769423754	1.4603748378393594e-05
748.644676613	0.04200872763228347	1.4569279487793918e-05
749.8541187400001	0.042038420832700214	1.4535045141579448e-05
751.0635608670001	0.04206808471331187	1.4501007360972767e-05
752.2730029940001	0.042097718583255735	1.446712894925655e-05
753.4824451210001	0.04212732172120874	1.4433373586040347e-05
754.6918872480001	0.042156893378444686	1.4399705913349333e-05
755.901329375	0.042186432781898604	1.4366091619562883e-05
757.110771502	0.042215939137230055	1.4332497513199076e-05
758.320213629	0.04224541163187258	1.4298891595535384e-05
759.529655756	0.042274849438065545	1.4265243124510736e-05
760.739097883	0.042304251715857714	1.4231522675381278e-05
761.9485400100001	0.042333617616071594	1.4197702194278941e-05
763.1579821370001	0.04236294628322707	1.4163755046918634e-05
764.3674242640001	0.04239223685841154	1.4129656062376435e-05
765.5768663910001	0.042421488482091874	1.4095381571896688e-05
766.786308518	0.042450700296857845	1.4060909440574217e-05
767.995750645	0.04247987145009835	1.4026219096818136e-05
769.205192772	0.04250900109659506	1.399129155480699e-05
770.414634899	0.04253808840103371	1.3956109433250208e-05
771.624077026	0.04256713254042573	1.3920656969039383e-05
772.833519153	0.04259613270643605	1.3884920026176389e-05
774.0429612800001	0.042625088107612105	1.3848886098933362e-05
775.2524034070001	0.04265399797150703	1.3812544313615288e-05
776.4618455340001	0.04268286154670111	1.3775885423985557e-05
777.6712876610001	0.04271167810470951	1.3738901801760989e-05
778.880729788	0.04274044694177717	1.3701587424868633e-05
780.090171915	0.04276916738055833	1.3663937860781799e-05
781.299614042	0.042797838771680044	1.362595024597166e-05
782.509056169	0.042826460495182544	1.3587623260911389e-05
783.718498296	0.04285503196184178	1.3548957103906478e-05
784.9279404230001	0.042883552614368305	1.3509953457700219e-05
786.1373825500001	0.04291202192848331	1.3470615456251778e-05
787.3468246770001	0.04294043941387321	1.3430947645846687e-05
788.5562668040001	0.042968804615018986	1.339095594462728e-05
789.7657089310001	0.04299711711190652	1.335064759734457e-05
790.975151058	0.04302537652061093	1.3310031128632805e-05
792.184593185	0.04305358249376417	1.3269116294084705e-05
793.394035312	0.04308173472090197	1.3227914026414706e-05
794.603477439	0.04310983292869342	1.3186436380124986e-05
795.812919566	0.04313787688105499	1.3144696476230946e-05
797.0223616930001	0.04316586637915343	1.3102708441450173e-05
798.2318038200001	0.043193801261295114	1.3060487348132987e-05
799.4412459470001	0.043221681402711175	1.3018049150456845e-05
800.6506880740001	0.04324950671523549	1.2975410619954654e-05
801.8601302010001	0.04327727714688456	1.293258927939888e-05
803.069572328	0.04330499268133697	1.2889603335474068e-05
804.279014455	0.043332653337320386	1.2846471611481803e-05
805.488456582	0.04336025916791046	1.2803213477305714e-05
806.697898709	0.04338781025974005	1.2759848780220671e-05
807.907340836	0.04341530673213089	1.2716397776031916e-05
809.1167829630001	0.04344274873614707	1.267288105572211e-05
810.3262250900001	0.04347013645357512	1.2629319479010057e-05
811.5356672170001	0.04349747009583693	1.2585734102583303e-05
812.7451093440001	0.04352474990284111	1.2542146110575947e-05
813.9545514710001	0.04355197614177365	1.2498576746215556e-05
815.163993598	0.04357914910583679	1.2455047244720797e-05
816.373435725	0.04360626911293912	1.241157876463495e-05
817.582877852	0.04363333650434292	1.2368192324707916e-05
818.792319979	0.0436603516432719	1.2324908738858903e-05
820.001762106	0.04368731491348765	1.2281748552095873e-05
821.2112042330001	0.0437142267178342	1.2238731984257846e-05
822.4206463600001	0.04374108747676299	1.2195878866862418e-05
823.6300884870001	0.04376789762683698	1.215320859094828e-05
824.8395306140001	0.04379465761922091	1.2110740051320246e-05
826.0489727410001	0.043821367918164426	1.2068491595042641e-05
827.258414868	0.043848028999480114	1.2026480973957807e-05
828.467856995	0.04387464134902197	1.1984725298527812e-05
829.677299122	0.04390120546116696	1.1943240994366458e-05
830.886741249	0.043927721837310585	1.1902043763196035e-05
832.0961833760001	0.04395419098437168	1.1861148546433638e-05
833.3056255030001	0.043980613413318374	1.1820569489243772e-05
834.5150676300001	0.04400698963771285	1.1780319913535029e-05
835.7245097570001	0.04403332017228292	1.1740412287995002e-05
836.9339518840001	0.044059605531525506	1.170085820554675e-05
838.143394011	0.04408584622833949	1.1661668363564413e-05
839.352836138	0.04411204277269467	1.1622852545003684e-05
840.562278265	0.04413819567034464	1.1584419606497964e-05
841.771720392	0.04416430542157676	1.1546377466537466e-05
842.981162519	0.04419037252000984	1.1508733099004674e-05
844.1906046460001	0.04421639745143959	1.1471492529244563e-05
845.4000467730001	0.04424238069273199	1.1434660833153616e-05
846.6094889000001	0.044268322710773716	1.1398242139671712e-05
847.8189310270001	0.04429422396147034	1.1362239636326694e-05
849.0283731540001	0.04432008488880446	1.132665557716592e-05
850.237815281	0.04434590592395135	1.1291491294416539e-05
851.447257408	0.044371687484452776	1.1256747212770782e-05
852.656699535	0.044397429973447554	1.1222422865398656e-05
853.866141662	0.04442313377896956	1.118851691340516e-05
855.075583789	0.044448799273301615	1.1155027168124354e-05
856.2850259160001	0.04447442681239412	1.1121950613504733e-05
857.4944680430001	0.0445000167353444	1.1089283433964326e-05
858.7039101700001	0.04452556936394033	1.1057021040154945e-05
859.9133522970001	0.04455108500226436	1.1025158101200933e-05
861.1227944240001	0.0445765639363627	1.0993688573935747e-05
862.332236551	0.04460200643397223	1.0962605738038422e-05
863.541678678	0.04462741274431102	1.0931902229509672e-05
864.751120805	0.0446527830979294	1.090157007653877e-05
865.960562932	0.04467811770661905	1.0871600736133259e-05
867.170005059	0.0447034167633794	1.0841985132526744e-05
868.3794471860001	0.04472868044244359	1.0812713695304884e-05
869.5888893130001	0.04475390889935852	1.0783776400938918e-05
870.7983314400001	0.044779102271119156	1.0755162808883289e-05
872.0077735670001	0.044804260676352466	1.072686210500241e-05
873.2172156940001	0.04482938421555735	1.069886314122012e-05
874.426657821	0.04485447297138753	1.0671154475513537e-05
875.636099948	0.04487952700898588	1.0643724413820088e-05
876.845542075	0.04490454637635862	1.0616561050083223e-05
878.054984202	0.04492953110479587	1.058965230627431e-05
879.2644263290001	0.04495448120932975	1.0562985972498638e-05
880.4738684560001	0.044979396689230226	1.0536549747804129e-05
881.6833105830001	0.04500427752854007	1.0510331277632775e-05
882.8927527100001	0.045029123696635115	1.0484318191917447e-05
884.1021948370001	0.04505393514882403	1.0458498144701035e-05
885.3116369640001	0.045078711826969174	1.0432858847608313e-05
886.521079091	0.045103453660135955	1.040738810847259e-05
887.730521218	0.04512816056526627	1.0382073864186989e-05
888.939963345	0.04515283244786627	1.0356904215533207e-05
890.149405472	0.045177469202721435	1.033186745700992e-05
891.3588475990001	0.04520207071461844	1.03069521113886e-05
892.5682897260001	0.045226636859084235	1.0282146956265991e-05
893.7777318530001	0.04525116750313228	1.0257441054706178e-05
894.9871739800001	0.04527566250602132	1.0232823781196113e-05
896.1966161070001	0.04530012172001351	1.0208284847111804e-05
897.406058234	0.045324544991140046	1.0183814323945895e-05
898.615500361	0.04534893215996597	1.0159402667358828e-05
899.824942488	0.04537328306235131	1.0135040736219787e-05
901.034384615	0.045397597530210915	1.0110719812268398e-05
902.243826742	0.045421875392267094	1.0086431617546504e-05
903.4532688690001	0.04544611647479348	1.0062168331257034e-05
904.6627109960001	0.04547032060234961	1.0037922601551762e-05
905.8721531230001	0.04549448759850208	1.0013687558993266e-05
907.0815952500001	0.04551861728653198	9.98945682817056e-06
908.2910373770001	0.045542709490128334	9.965224535484475e-06
909.500479504	0.04556676403406086	9.940985316651298e-06
910.709921631	0.04559078074483452	9.916734320754913e-06
911.919363758	0.04561475945132467	9.892467217420114e-06
913.128805885	0.045638699985388866	9.868180195672627e-06
914.338248012	0.04566260218245605	9.843869965567916e-06
915.5476901390001	0.04568646588209027	9.819533757283655e-06
916.7571322660001	0.04571029092852955	9.795169318737459e-06
917.9665743930001	0.045734077171196666	9.77077490954936e-06
919.1760165200001	0.04575782446518447	9.746349297039197e-06
920.3854586470001	0.04578153267171044	9.721891746907927e-06
921.594900774	0.045805201658543675	9.697402017001229e-06
922.804342901	0.04582883130040167	9.672880344369156e-06
924.013785028	0.045852421479317604	9.648327435352256e-06
925.223227155	0.04587597208497347	9.62374445278247e-06
926.432669282	0.045899483015009394	9.599133001339472e-06
927.6421114090001	0.045922954175294066	9.574495111710917e-06
928.8515535360001	0.04594638548016897	9.54983322616453e-06
930.0609956630001	0.045969776852661626	9.52515017991285e-06
931.2704377900001	0.04599312822466246	9.500449183371314e-06
932.4798799170001	0.046016439537079415	9.475733802997917e-06
933.689322044	0.04603971073995278	9.451007940574867e-06
934.898764171	0.04606294179254604	9.42627581307138e-06
936.108206298	0.0460861326634066	9.401541932786675e-06
937.317648425	0.0461092833303918	9.376811083703704e-06
938.5270905520001	0.04613239378067346	9.352088300118097e-06
939.7365326790001	0.04615546401071006	9.327378843691536e-06
940.9459748060001	0.04617849402619241	9.302688180153268e-06
942.1554169330001	0.046201483841964354	9.278021957194558e-06
943.3648590600001	0.046224433481913386	9.253385980519825e-06
944.5743011870001	0.04624734297884424	9.228786190246785e-06
945.783743314	0.04627021237432278	9.204228638876968e-06
946.993185441	0.04629304171849607	9.179719466037753e-06
948.202627568	0.046315831069899165	9.155264878443685e-06
949.412069695	0.04633858049522989	9.130871123628433e-06
950.6215118220001	0.04636129006911401	9.106544469555239e-06
951.8309539490001	0.04638395987384839	9.082291183108435e-06
953.0403960760001	0.04640658999912522	9.058117508402875e-06
954.2498382030001	0.04642918054174442	9.034029644382925e-06
955.4592803300001	0.046451731605307765	9.01003372508702e-06
956.6687224570001	0.04647424329990327	8.986135801031331e-06
957.878164584	0.04649671574177444	8.962341820089259e-06
959.087606711	0.0465191490529818	8.938657607988593e-06
960.297048838	0.04654154336105127	8.915088852594248e-06
961.506490965	0.04656389879861888	8.891641085259931e-06
962.7159330920001	0.04658621550306486	8.868319667645873e-06
963.9253752190001	0.0466084936161434	8.845129776903617e-06
965.1348173460001	0.046630733283608394	8.822076388643593e-06
966.3442594730001	0.04665293465483717	8.799164268801656e-06
967.5537016000001	0.04667509788244657	8.77639795925559e-06
968.763143727	0.04669722312191907	8.753781767447177e-06
969.972585854	0.04671931053121675	8.731319757575495e-06
971.182027981	0.04674136027040571	8.709015740936809e-06
972.391470108	0.04676337250127994	8.686873270146599e-06
973.600912235	0.046785347386989924	8.664895631105655e-06
974.8103543620001	0.046807285091673215	8.643085837610249e-06
976.0197964890001	0.046829185780094415	8.62144662943949e-06
977.2292386160001	0.046851049617290384	8.599980465643194e-06
978.4386807430001	0.04687287676822211	8.578689523684497e-06
979.6481228700001	0.046894667397435856	8.55757569977776e-06
980.857564997	0.046916421668734845	8.536640604967927e-06
982.067007124	0.04693813974485724	8.515885569908666e-06
983.276449251	0.04695982178716982	8.49531164390964e-06
984.485891378	0.046981467955369144	8.47491959757756e-06
985.6953335050001	0.04700307840719704	8.454709926966127e-06
986.9047756320001	0.04702465329816603	8.434682856759796e-06
988.1142177590001	0.047046192781302426	8.414838345970734e-06
989.3236598860001	0.047067697006898494	8.395176093701e-06
990.5331020130001	0.04708916612228059	8.375695545436632e-06
991.7425441400001	0.04711060027159316	8.356395899589007e-06
992.951986267	0.0471319995955933	8.337276116493329e-06
994.161428394	0.047153364231464295	8.318334924328332e-06
995.370870521	0.04717469431264327	8.299570830451915e-06
996.580312648	0.04719598996865949	8.280982129376742e-06
997.7897547750001	0.047217251324998426	8.262566913973165e-06
998.9991969020001	0.04723847850297068	8.24432308300667e-06
1000.2086390290001	0.047259671619602005	8.226248354003951e-06
1001.4180811560001	0.047280830787536324	8.208340273259681e-06
1002.6275232830001	0.047301956114956495	8.19059622675426e-06
1003.8369654100001	0.047323047705517485	8.173013451754826e-06
1005.046407537	0.047344105658296255	8.155589048870174e-06
1006.255849664	0.047365130067758374	8.13831999200943e-06
1007.465291791	0.0473861210237329	8.121203142113591e-06
1008.674733918	0.047407078611410206	8.104235257149996e-06
1009.8841760450001	0.0474280029113443	8.087413005690168e-06
1011.0936181720001	0.047448893999477416	8.07073297630873e-06
1012.3030602990001	0.04746975194717188	8.054191691917425e-06
1013.5125024260001	0.04749057682125805	8.037785619146502e-06
1014.7219445530001	0.047511368684092045	8.021511181014749e-06
1015.9313866800001	0.04753212759362767	8.00536476736308e-06
1017.140828807	0.04755285360349732	7.989342747457995e-06
1018.350270934	0.04757354676310644	7.97344147864995e-06
1019.559713061	0.04759420711773569	7.95765731699461e-06
1020.769155188	0.047614834708654484	7.941986630408592e-06
1021.9785973150001	0.047635429573243133	7.926425804723483e-06
1023.1880394420001	0.04765599174512322	7.91097125670198e-06
1024.397481569	0.04767652125429628	7.895619440774846e-06
1025.606923696	0.04769701812729002	7.880366859514146e-06
1026.816365823	0.0477174823873114	7.865210071337246e-06
1028.0258079500002	0.04773791405440407	7.850145697118486e-06
1029.235250077	0.04775831314561441	7.835170431418927e-06
1030.4446922040001	0.04777867967515924	7.820281045673824e-06
1031.654134331	0.047799013654599806	7.805474398658993e-06
1032.8635764580001	0.04781931509301963	7.790747439021988e-06
1034.073018585	0.047839583997202395	7.776097213864084e-06
1035.282460712	0.047859820371816124	7.76152087294777e-06
1036.491902839	0.047880024219597285	7.747015673683631e-06
1037.701344966	0.04790019554153509	7.732578985104668e-06
1038.9107870930002	0.04792033433705805	7.718208293207255e-06
1040.12022922	0.04794044060421941	7.703901202813034e-06
1041.3296713470002	0.0479605143398844	7.689655441281896e-06
1042.539113474	0.047980555539911554	7.675468860119927e-06
1043.7485556010001	0.04800056419933819	7.661339438140312e-06
1044.957997728	0.04802054031255782	7.647265283266069e-06
1046.167439855	0.048040483873502036	7.633244631687869e-06
1047.376881982	0.048060394875812505	7.619275851531363e-06
1048.586324109	0.048080273313013365	7.605357440219206e-06
1049.795766236	0.04810011917867849	7.591488026622252e-06
1051.005208363	0.04811993246659459	7.577666368422047e-06
1052.2146504900002	0.04813971317091936	7.5638913528231285e-06
1053.424092617	0.04815946128633504	7.550161995319143e-06
1054.6335347440001	0.0481791768081947	7.536477436857263e-06
1055.842976871	0.048198859732666924	7.5228369423762365e-06
1057.0524189980001	0.04821851005686772	7.509239899318611e-06
1058.261861125	0.04823812777899405	7.495685814406225e-06
1059.471303252	0.04825771289844476	7.4821743102500334e-06
1060.680745379	0.04827726541593776	7.468705122105703e-06
1061.890187506	0.04829678533361691	7.455278095765561e-06
1063.0996296330002	0.04831627265515753	7.441893184290802e-06
1064.30907176	0.04833572738586005	7.4285504414054234e-06
1065.5185138870002	0.048355149532735724	7.415250019177814e-06
1066.727956014	0.04837453910459009	7.401992164904945e-06
1067.9373981410001	0.04839389611209271	7.388777215481715e-06
1069.146840268	0.048413220567842655	7.375605592471813e-06
1070.356282395	0.048432512486427916	7.362477799124011e-06
1071.565724522	0.04845177188447362	7.349394413739411e-06
1072.775166649	0.04847099878068467	7.33635608593432e-06
1073.9846087760002	0.048490193195879674	7.323363532910405e-06
1075.194050903	0.048509355153021363	7.310417532593702e-06
1076.4034930300002	0.04852848467723424	7.2975189206917405e-06
1077.612935157	0.04854758179581807	7.2846685835046774e-06
1078.8223772840001	0.04856664653825341	7.271867455262689e-06
1080.031819411	0.04858567893620197	7.259116511772792e-06
1081.2412615380001	0.04860467902349784	7.24641676682278e-06
1082.450703665	0.048623646836133	7.2337692660744264e-06
1083.660145792	0.048642582412238414	7.221175084173378e-06
1084.869587919	0.04866148579205478	7.208635319010681e-06
1086.079030046	0.04868035701790111	7.196151087215904e-06
1087.2884721730002	0.048699196134135446	7.183723519771359e-06
1088.4979143	0.04871800318711196	7.171353758377311e-06
1089.7073564270001	0.048736778225131616	7.159042950189025e-06
1090.916798554	0.04875552129838872	7.146792245724468e-06
1092.1262406810001	0.04877423245891083	7.1346027932096454e-06
1093.335682808	0.04879291176049595	7.122475735024039e-06
1094.545124935	0.04881155925864762	7.1104122058077355e-06
1095.754567062	0.04883017501050137	7.098413327643805e-06
1096.964009189	0.04884875907475137	7.0864802067872276e-06
1098.1734513160002	0.04886731151157537	7.074613931696592e-06
1099.382893443	0.04888583238255101	7.062815569956453e-06
1100.5923355700002	0.04890432175057421	7.051086164379942e-06
1101.801777697	0.0489227796797753	7.039426732235817e-06
1103.0112198240001	0.0489412062354296	7.027838262296455e-06
1104.220661951	0.04895960148387102	7.016321712150893e-06
1105.430104078	0.04897796549240196	7.004878007577553e-06
1106.639546205	0.04899629832919917	6.993508039424341e-06
1107.848988332	0.04901460006322695	6.982212663679721e-06
1109.058430459	0.049032870764142186	6.970992699674657e-06
1110.267872586	0.04905111050220032	6.959848927384159e-06
1111.4773147130002	0.04906931934816722	6.948782088442118e-06
1112.68675684	0.04908749737322374	6.93779288425856e-06
1113.8961989670001	0.049105644648878045	6.926881977366887e-06
1115.105641094	0.04912376124687078	6.9160499869069624e-06
1116.3150832210001	0.04914184723909036	6.905297492536708e-06
1117.524525348	0.0491599026974829	6.894625032430866e-06
1118.733967475	0.04917792769396749	6.884033104032575e-06
1119.943409602	0.0491959223003495	6.873522162624466e-06
1121.152851729	0.04921388658824272	6.86309262375365e-06
1122.3622938560002	0.04923182062898494	6.852744862910962e-06
1123.571735983	0.04924972449356338	6.8424792150507955e-06
1124.7811781100002	0.04926759825253898	6.83229597774202e-06
1125.990620237	0.049285441975974356	6.822195409278053e-06
1127.2000623640001	0.04930325573336403	6.812177731617304e-06
1128.409504491	0.04932103959357061	6.802243130244366e-06
1129.618946618	0.04933879362475894	6.792391757279527e-06
1130.828388745	0.04935651789433887	6.78262372910546e-06
1132.037830872	0.04937421246890807	6.772939131901133e-06
1133.2472729990002	0.04939187741420057	6.763338019936944e-06
1134.456715126	0.04940951279503576	6.75382041792552e-06
1135.6661572530002	0.04942711867527526	6.744386323203613e-06
1136.87559938	0.04944469511777946	6.735035706570779e-06
1138.0850415070001	0.0494622421843713	6.7257685143346585e-06
1139.294483634	0.049479759935801344	6.716584669084759e-06
1140.5039257610001	0.04949724843171649	6.707484072186948e-06
1141.713367888	0.04951470773063577	6.6984666054380975e-06
1142.922810015	0.04953213788992717	6.689532132540647e-06
1144.132252142	0.04954953896578568	6.6806805004158214e-06
1145.341694269	0.04956691101322305	6.671911540483238e-06
1146.5511363960002	0.049584254086052514	6.663225072539682e-06
1147.760578523	0.04960156823688334	6.654620902607074e-06
1148.9700206500002	0.04961885351711609	6.646098828998203e-06
1150.179462777	0.049636109976942296	6.637658640362383e-06
1151.3889049040001	0.04965333766534644	6.629300117940448e-06
1152.598347031	0.049670536630114025	6.621023038888193e-06
1153.807789158	0.04968770691784005	6.612827175206682e-06
1155.017231285	0.0497048485739432	6.6047122957203e-06
1156.226673412	0.04972196164268122	6.596678168528522e-06
1157.4361155390002	0.049739046167168635	6.588724560498227e-06
1158.645557666	0.04975610218940177	6.580851240076985e-06
1159.8549997930002	0.049773129750280844	6.57305797591598e-06
1161.06444192	0.04979012888963883	6.565344540792274e-06
1162.2738840470001	0.04980709964626989	6.557710710200547e-06
1163.483326174	0.04982404205796345	6.5501562636976416e-06
1164.6927683010001	0.049840956161537164	6.542680984945964e-06
1165.902210428	0.0498578419928745	6.535284663366065e-06
1167.111652555	0.04987469958696173	6.527967093935876e-06
1168.321094682	0.049891528977929374	6.520728077017316e-06
1169.530536809	0.04990833019909431	6.513567418391815e-06
1170.7399789360002	0.04992510328300117	6.506484930531561e-06
1171.949421063	0.049941848261468004	6.499480431164632e-06
1173.1588631900001	0.049958565165633045	6.4925537441756105e-06
1174.368305317	0.04997525402599891	6.48570469718206e-06
1175.5777474440001	0.04999191487248406	6.478933124417583e-06
1176.787189571	0.050008547734465725	6.4722388633813864e-06
1177.996631698	0.050025152640833445	6.465621755326537e-06
1179.206073825	0.05004172962003384	6.45908164347903e-06
1180.415515952	0.05005827870012405	6.452618373657889e-06
1181.6249580790002	0.05007479990881774	6.4462317922829254e-06
1182.834400206	0.050091293273536674	6.43992174552508e-06
1184.0438423330002	0.05010775882145743	6.433688078222623e-06
1185.25328446	0.05012419657956401	6.427530632438348e-06
1186.4627265870001	0.05014060657469087	6.421449246725913e-06
1187.672168714	0.05015698883357391	6.415443753442363e-06
1188.881610841	0.0501733433828956	6.409513978248578e-06
1190.091052968	0.05018967024933326	6.403659739443012e-06
1191.300495095	0.05020596945960021	6.3978808448532635e-06
1192.5099372220002	0.05022224104049307	6.392177090579022e-06
1193.719379349	0.05023848501893159	6.386548259832866e-06
1194.9288214760002	0.050254701422002404	6.380994121444428e-06
1196.138263603	0.050270890276995724	6.375514427925495e-06
1197.3477057300001	0.050287051611448044	6.370108914999336e-06
1198.557147857	0.050303185453174054	6.364777297794385e-06
1199.7665899840001	0.05031929183030481	6.3595192726140086e-06
1200.976032111	0.05033537077132021	6.354334511035236e-06
1202.185474238	0.05035142230508042	6.3492226627520394e-06
1203.394916365	0.050367446460856044	6.3441833529169165e-06
1204.604358492	0.05038344326835498	6.339216178980821e-06
1205.8138006190002	0.050399412757749125	6.334320712253354e-06
1207.023242746	0.05041535495969774	6.329496495299468e-06
1208.2326848730002	0.05043126990536953	6.324743042146563e-06
1209.442127	0.050447157626462014	6.320059836560218e-06
