0.0	0.0	0.0
1.209442127	2.068642745920614e-07	-9.95367534259707e-10
2.418884254	8.200990566831445e-07	-1.257707539534173e-09
3.6283263810000004	1.818059100257659e-06	-1.473911725933529e-09
4.837768508	3.165576194889031e-06	-1.6742292453889089e-09
6.047210635000001	4.815517859296766e-06	-2.174598390572592e-09
7.256652762000001	6.710330444184256e-06	-2.505595383845771e-09
8.466094889	8.784753594806313e-06	-2.7073706562626635e-09
9.675537016	1.0967913923807185e-05	-2.6131967865635294e-09
10.884979143	1.3186390649088343e-05	-2.5328294994588027e-09
12.094421270000002	1.536706481923097e-05	-2.355660944865086e-09
13.303863397	1.744047438224652e-05	-2.05671556014876e-09
14.513305524000002	1.934381715304182e-05	-1.6286592232272932e-09
15.722747651	2.1024053632992057e-05	-1.058929103293716e-09
16.932189778	2.2440878309545264e-05	-3.08369821038566e-10
18.141631905	2.356949832563146e-05	6.906996132102275e-10
19.351074032	2.440311705067476e-05	2.0148514904347423e-09
20.560516159000002	2.495506951569406e-05	3.7400225726507625e-09
21.769958286	2.5260573792898993e-05	5.91762640130787e-09
22.979400413	2.5378056956425667e-05	8.517969471843325e-09
24.188842540000003	2.5390026067221877e-05	1.1353128321307764e-08
25.398284667000002	2.540350258696111e-05	1.4041325555042778e-08
26.607726794	2.5549984564930153e-05	1.624578780832302e-08
27.817168921	2.5984666712905052e-05	1.827046488533497e-08
29.026611048000003	2.6885191360224983e-05	2.0735588499716202e-08
30.236053175000002	2.845056614730746e-05	2.3678658700969193e-08
31.445495302	3.0899250437823715e-05	2.7029288443209473e-08
32.654937429	3.4466729649812804e-05	3.0887305307049144e-08
33.864379556	3.940288707804165e-05	3.543815933166537e-08
35.073821683000006	4.5969043969829154e-05	4.0864221597889226e-08
36.28326381	5.443463302381871e-05	4.7231696634368396e-08
37.492705937000004	6.507350709794512e-05	5.4360866381877125e-08
38.702148064	7.815996777673479e-05	6.175398098058244e-08
39.911590191	9.396480496762333e-05	6.862411324272945e-08
41.121032318000005	0.00011275186491293987	7.404493467884799e-08
42.330474445	0.0001347753813996531	7.727696155496485e-08
43.539916572	0.0001602774360481216	7.812462029951033e-08
44.749358699000005	0.0001894847865763514	7.706382336393986e-08
45.958800826	0.00022260529875868472	7.5232120635705e-08
47.168242953000004	0.0002598247999707543	7.438066861455817e-08
48.377685080000006	0.0003013049231474196	7.659295322692861e-08
49.587127207	0.0003471819696885357	8.382502623117877e-08
50.796569334000004	0.00039756644694965423	9.76014426315378e-08
52.00601146100001	0.00045254294218398714	1.189027369362385e-07
53.215453588	0.0005121700107172593	1.4800956154016809e-07
54.424895715000005	0.0005764796882603692	1.8436416059041412e-07
55.634337842	0.0006454767781821704	2.2679487421110648e-07
56.843779969	0.0007191389010574352	2.7400593374310573e-07
58.053222096000006	0.0007974178805211391	3.24855018963357e-07
59.262664223	0.0008802420121033454	3.7830152400532436e-07
60.472106350000004	0.0009675186043847255	4.332503504772223e-07
61.68154847700001	0.0010591365669747183	4.884626607325556e-07
62.890990604	0.0011549690523369538	5.425687033556985e-07
64.100432731	0.0012548761815605596	5.941635733282677e-07
65.309874858	0.0013587078425870596	6.419604141098224e-07
66.519316985	0.0014663065152939515	6.849732691768502e-07
67.728759112	0.00157751006744301	7.226907826009277e-07
68.93820123900001	0.0016921544805271727	7.551850866720906e-07
70.14764336600001	0.0018100765011274925	7.830902910726102e-07
71.357085493	0.0019311162524482933	8.074018978546245e-07
72.56652762	0.0020551198457045396	8.291011151677181e-07
73.775969747	0.0021819419786428514	8.486761342570998e-07
74.98541187400001	0.0023114484318342184	8.656656187605323e-07
76.19485400100001	0.002443518347936677	8.783738954567319e-07
77.404296128	0.0025780462103420793	8.83851920451614e-07
78.613738255	0.0027149434417836856	8.781051368219172e-07
79.823180382	0.002854139551758068	8.564461915683603e-07
81.032622509	0.0029955828144672555	8.13944710485217e-07
82.24206463600001	0.0031392404846089985	7.459145729309128e-07
83.45150676300001	0.0032850985675474576	6.483498136908324e-07
84.66094889	0.003433161176546176	5.182385532030652e-07
85.870391017	0.003583449492137982	3.5371089077722733e-07
87.079833144	0.003736000383228211	1.539357720460568e-07
88.28927527100001	0.0038908648451299837	-8.127603470534732e-08
89.49871739800001	0.004048106405275824	-3.52123100729393e-07
90.708159525	0.004207799565112075	-6.595947847797088e-07
91.917601652	0.004370028209348873	-1.0061480485451678e-06
93.127043779	0.004534883787610989	-1.3959933228529823e-06
94.33648590600001	0.004702463103155981	-1.8348037231221236e-06
95.54592803300001	0.004872865817510588	-2.3289154869621743e-06
96.75537016000001	0.005046192135585569	-2.8843347114693828e-06
97.964812287	0.005222541105457243	-3.505852256403406e-06
99.174254414	0.005402009250943178	-4.196263457294491e-06
100.383696541	0.0055846885061157665	-4.955529590459565e-06
101.59313866800001	0.005770662808669872	-5.780062397962867e-06
102.80258079500001	0.005960004031687197	-6.662663494611393e-06
104.01202292200001	0.0061527685230876586	-7.593384240003488e-06
105.221465049	0.006348994851612461	-8.560978280785003e-06
106.430907176	0.006548702507749015	-9.554342698397163e-06
107.64034930300001	0.006751891022755809	-1.0563497886652271e-05
108.84979143000001	0.00695853912500194	-1.1579963919109117e-05
110.05923355700001	0.007168603820979502	-1.259664014629692e-05
111.268675684	0.007382019481912314	-1.360741899221464e-05
112.478117811	0.0075986970728278	-1.4606763031986704e-05
113.687559938	0.007818523588289543	-1.5589380150285866e-05
114.89700206500001	0.008041361626175816	-1.65500001335632e-05
116.10644419200001	0.00826704896954554	-1.7483148085063446e-05
117.31588631900001	0.008495398199473904	-1.8382811331808362e-05
118.525328446	0.008726196660197598	-1.924207209719533e-05
119.734770573	0.00895920714807577	-2.0052975592860173e-05
120.94421270000001	0.00919416931918528	-2.080682341547711e-05
122.15365482700001	0.009430801461577874	-2.149477873680275e-05
123.36309695400001	0.009668802326322546	-2.2108511782666423e-05
124.572539081	0.00990785294035306	-2.2640698737828353e-05
125.781981208	0.010147618450765788	-2.3085326609423192e-05
126.99142333500001	0.010387750056705197	-2.343783125600166e-05
128.200865462	0.010627887053372675	-2.369511414049253e-05
129.410307589	0.010867658985836663	-2.3855478603471814e-05
130.619749716	0.011106687893382388	-2.3918514895176365e-05
131.82919184300002	0.01134459061449752	-2.388495124869312e-05
133.03863397	0.011580981117402689	-2.3756480130641277e-05
134.24807609700002	0.011815472822136058	-2.353556584892903e-05
135.457518224	0.012047680886406216	-2.322523963260671e-05
136.666960351	0.012277224434616605	-2.2828889046988574e-05
137.87640247800002	0.012503728712875459	-2.235005361990699e-05
139.085844605	0.012726827150730957	-2.179225426682733e-05
140.29528673200002	0.012946163308195103	-2.1158903884677727e-05
141.504728859	0.01316139269509209	-2.0453339333811564e-05
142.714170986	0.013372184470137676	-1.9678958391457545e-05
143.92361311300002	0.013578223041054577	-1.8839379051539475e-05
145.13305524	0.01377920957845399	-1.7938533971422546e-05
146.34249736700002	0.013974863435201185	-1.6980672177037738e-05
147.551939494	0.014164923450483811	-1.5970296751162517e-05
148.761381621	0.014349149119628849	-1.4912080019859746e-05
149.97082374800002	0.014527321618394262	-1.3810781535658169e-05
151.180265875	0.014699244676121596	-1.2671176660149997e-05
152.38970800200002	0.014864745294454187	-1.149799586741443e-05
153.599150129	0.015023674309443524	-1.0295874765690982e-05
154.808592256	0.015175906796612232	-9.06931700064181e-06
156.018034383	0.015321342321302603	-7.822673277296954e-06
157.22747651	0.01545990503973625	-6.560138698374968e-06
158.43691863700002	0.015591543658754639	-5.285768087150084e-06
159.646360764	0.015716231263655466	-4.003506295177966e-06
160.85580289100002	0.015833965023870276	-2.717228790839018e-06
162.065245018	0.01594476578578259	-1.4307873463239452e-06
163.274687145	0.016048677561039552	-1.4805567255474595e-07
164.48412927200002	0.016145766917302688	1.127030705999404e-06
165.693571399	0.016236122276184796	2.390447585193306e-06
166.90301352600002	0.01631985311983905	3.6380771807066493e-06
168.112455653	0.016397089103582178	4.865734196354865e-06
169.32189778	0.016467979068610143	6.069228420393852e-06
170.53133990700002	0.01653268994905201	7.244461962569212e-06
171.740782034	0.016591405573703488	8.387549753672655e-06
172.95022416100002	0.01664432537481155	9.494944494604332e-06
174.159666288	0.01669166303090614	1.0563545757664196e-05
175.369108415	0.016733645082594006	1.1590778166757276e-05
176.57855054200002	0.016770509564954343	1.2574632490614694e-05
177.787992669	0.01680250469602571	1.3513671559227145e-05
178.99743479600002	0.016829887648949757	1.4407007324637813e-05
180.206876923	0.01685292341821197	1.5254256200531862e-05
181.41631905	0.016871883771582153	1.6055479005033034e-05
182.62576117700002	0.01688704626337293	1.681111125008065e-05
183.835203304	0.016898693276552083	1.752188965164785e-05
185.04464543100002	0.016907111063991242	1.81887806705966e-05
186.254087558	0.016912588771066613	1.8812915209688324e-05
187.46352968500003	0.016915417438439155	1.9395529340469874e-05
188.67297181200001	0.016915889002569733	1.9937904328356156e-05
189.882413939	0.016914295329424407	2.0441294788672395e-05
191.09185606600002	0.016910927315462416	2.0906847565574124e-05
192.301298193	0.01690607404343308	2.133555959259255e-05
193.51074032000002	0.016900021915185623	2.17283491770728e-05
194.720182447	0.016893053696557345	2.2086229993186542e-05
195.929624574	0.016885447533766296	2.241045766615258e-05
197.13906670100002	0.016877476081175565	2.2702553759223715e-05
198.348508828	0.016869405798720226	2.2964243093417336e-05
199.55795095500002	0.016861496365252283	2.319738215818276e-05
200.767393082	0.01685400013935758	2.340391206212172e-05
201.976835209	0.01684716163961317	2.3585832112368852e-05
203.18627733600002	0.016841217044556725	2.3745182966951764e-05
204.395719463	0.016836393719716382	2.3884032091661956e-05
205.60516159000002	0.016832909777633704	2.400445817606146e-05
206.814603717	0.01683097367447221	2.4108533789982197e-05
208.02404584400003	0.016830783845433628	2.4198307020067956e-05
209.23348797100002	0.016832528380481382	2.4275783181704985e-05
210.442930098	0.01683638474122324	2.4342907389922357e-05
211.65237222500002	0.01684251951889212	2.4401548283013306e-05
212.861814352	0.01685108823229826	2.4453483020574683e-05
214.07125647900003	0.016862235163620388	2.4500383977699347e-05
215.28069860600002	0.016876093229284475	2.4543808134646e-05
216.490140733	0.016892783883022226	2.458519057808687e-05
217.69958286000002	0.016912417048535015	2.462584336585158e-05
218.909024987	0.0169350910798928	2.466696024497484e-05
220.11846711400003	0.016960892748739194	2.4709626536099552e-05
221.32790924100001	0.016989897258430118	2.4754832350825166e-05
222.537351368	0.017022168286202864	2.4803486572157456e-05
223.74679349500002	0.01705775805519125	2.4856428905683282e-05
224.956235622	0.017096707438397626	2.4914437838692554e-05
226.16567774900003	0.01713904609649607	2.4978233318958474e-05
227.375119876	0.017184792650528004	2.504847409707628e-05
228.584562003	0.01723395488928356	2.5125750680555793e-05
229.79400413000002	0.017286530009629562	2.5210575516180408e-05
231.003446257	0.017342504886563716	2.5303372298426545e-05
232.21288838400002	0.017401856368801774	2.5404466185461422e-05
233.422330511	0.0174645515955467	2.5514076270884953e-05
234.63177263800003	0.017530548330857296	2.5632311100134485e-05
235.84121476500002	0.017599795313215955	2.5759167570848248e-05
237.050656892	0.017672232618966256	2.5894533331385724e-05
238.26009901900002	0.017747792038987707	2.6038192625507928e-05
239.469541146	0.017826397468315033	2.6189835326157992e-05
240.67898327300003	0.01790796530842798	2.6349068647685624e-05
241.88842540000002	0.017992404881718486	2.6515430744729726e-05
243.097867527	0.018079618857332194	2.668840513502566e-05
244.30730965400002	0.018169503687253154	2.6867434722690648e-05
245.516751781	0.0182619500512701	2.705193418683553e-05
246.72619390800003	0.018356843309320237	2.72412997166641e-05
247.93563603500002	0.01845406395968383	2.743491546199819e-05
249.145078162	0.018553488101553044	2.763215659179518e-05
250.35452028900002	0.018654987900610556	2.7832389390315677e-05
251.563962416	0.01875843205635722	2.803496927622526e-05
252.77340454300003	0.018863686270024653	2.8239237871470278e-05
253.98284667000001	0.01897061371194571	2.844452027477156e-05
255.192288797	0.019079075487253395	2.8650123479792057e-05
256.401730924	0.019188931098757047	2.8855336527275082e-05
257.61117305100004	0.019300038905803743	2.9059432564511653e-05
258.820615178	0.019412256577909303	2.9261672584617964e-05
260.030057305	0.01952544154184049	2.9461310268811712e-05
261.239499432	0.01963945142059467	2.9657597100185943e-05
262.448941559	0.019754144462248036	2.98497868479318e-05
263.65838368600004	0.0198693799562141	3.0037138725396754e-05
264.867825813	0.01998501863452532	3.0218918900041444e-05
266.07726794	0.02010092305665551	3.039440039456665e-05
267.286710067	0.02021695797736024	3.056286157586529e-05
268.49615219400005	0.02033299069705516	3.0723583466559366e-05
269.70559432100004	0.020448891393458193	3.087584615286005e-05
270.915036448	0.02056453343273558	3.101892477399319e-05
272.124478575	0.02067979365871811	3.11520859725059e-05
273.333920702	0.020794552659756202	3.127458607468682e-05
274.54336282900005	0.020908695014023215	3.138567232646025e-05
275.75280495600003	0.02102210951526168	3.1484588009872895e-05
276.962247083	0.021134689381657405	3.15705811510456e-05
278.17168921	0.021246332450211458	3.16429151081488e-05
279.381131337	0.02135694135740563	3.1700878247143844e-05
280.59057346400004	0.021466423704653816	3.1743789823902506e-05
281.80001559100003	0.02157469220516757	3.1771000330132905e-05
283.009457718	0.02168166480854192	3.1781886430042764e-05
284.218899845	0.02178726480066267	3.177584238080189e-05
285.428341972	0.021891420878592745	3.1752270755757e-05
286.63778409900004	0.021994067201865367	3.17105751950827e-05
287.84722622600003	0.022095143422535952	3.165015710844824e-05
289.056668353	0.022194594696501906	3.157041723924919e-05
290.26611048	0.022292371678317744	3.14707621805102e-05
291.475552607	0.02238843050135953	3.1350615418854274e-05
292.68499473400004	0.022482732744860193	3.120943223289335e-05
293.89443686100003	0.02257524538909969	3.1046717678375584e-05
295.103878988	0.022665940759859615	3.0862046855025966e-05
296.313321115	0.022754796463096184	3.0655086634476134e-05
297.522763242	0.022841795310658105	3.04256180098131e-05
298.73220536900004	0.02292692523773026	3.0173558217642284e-05
299.94164749600003	0.02301017921255136	2.9898981782175283e-05
301.151089623	0.023091555138817055	2.9602139662429607e-05
302.36053175	0.0231710557510533	2.9283475737773717e-05
303.569973877	0.023248688503124598	2.8943639952830258e-05
304.77941600400004	0.02332446544994668	2.858349755315135e-05
305.98885813100003	0.023398403122382214	2.8204133974473957e-05
307.198300258	0.023470522395244327	2.780685508044481e-05
308.407742385	0.023540848348293196	2.7393182594925406e-05
309.617184512	0.02360941012009388	2.6964844714742864e-05
310.82662663900004	0.023676240754623653	2.6523762031924375e-05
312.036068766	0.02374137704054347	2.6072029023204064e-05
313.245510893	0.02380485934310179	2.5611891484940714e-05
314.45495302	0.02386673142870631	2.5145720399892044e-05
315.664395147	0.02392704028228828	2.4675982805505784e-05
316.87383727400004	0.023985835917660084	2.4205210306550396e-05
318.083279401	0.02404317118117448	2.3735965922872037e-05
319.292721528	0.02409910154908449	2.3270809993322665e-05
320.502163655	0.024153684919100107	2.2812265867934623e-05
321.71160578200005	0.02420698139673194	2.2362786110427682e-05
322.92104790900004	0.0242590530771014	2.19247199171011e-05
324.130490036	0.024309963822977603	2.1500282405325322e-05
325.339932163	0.0243597790398845	2.109152638963284e-05
326.54937429	0.024408565449185817	2.0700317180829966e-05
327.75881641700005	0.024456390860127353	2.032831087729063e-05
328.96825854400004	0.02450332394186226	1.9976936519117617e-05
330.177700671	0.024549433996534125	1.9647382378586704e-05
331.387142798	0.024594790734493523	1.9340586548373342e-05
332.596584925	0.0246394640527207	1.905723189742232e-05
333.80602705200005	0.024683523817473234	1.879774537612361e-05
335.01546917900004	0.02472703965212552	1.856230158129862e-05
336.224911306	0.02477008073111453	1.8350830404766213e-05
337.434353433	0.02481271558085489	1.8163028493691763e-05
338.64379556	0.024855011888406404	1.7998374161074715e-05
339.85323768700005	0.024897036318581953	1.785614531869745e-05
341.06267981400003	0.024938854340064442	1.7735439966557126e-05
342.272121941	0.02498053006098462	1.763519872616531e-05
343.481564068	0.02502212607433273	1.755422889096845e-05
344.691006195	0.025063703313476737	1.7491229457906027e-05
345.90044832200005	0.025105320917971612	1.744481663184455e-05
347.10989044900003	0.025147036109756153	1.741354932011466e-05
348.319332576	0.025188904079740955	1.7395954176662496e-05
349.528774703	0.025230977884718876	1.7390549774713264e-05
350.73821683	0.025273308354460417	1.7395869513604366e-05
351.94765895700004	0.025315944008802653	1.7410482887329238e-05
353.15710108400003	0.025358930984494953	1.743301480410591e-05
354.366543211	0.025402312971513633	1.746216269320262e-05
355.575985338	0.025446131158529464	1.7496711213665238e-05
356.785427465	0.025490424187180945	1.7535544437570596e-05
357.99486959200004	0.025535228114792786	1.7577655444922727e-05
359.20431171900003	0.025580576385167787	1.7622153324402692e-05
360.413753846	0.025626499807082162	1.7668267630341592e-05
361.623195973	0.025673026540118327	1.7715350388681915e-05
362.8326381	0.02572018208749537	1.776287578504569e-05
364.04208022700004	0.02576798929556606	1.7810437687477076e-05
365.25152235400003	0.025816468359673363	1.7857745186798913e-05
366.460964481	0.02586563683607891	1.7904616353278437e-05
367.670406608	0.025915509659679866	1.7950970438156218e-05
368.87984873500005	0.025966099167257985	1.7996818773062017e-05
370.08929086200004	0.02601741512602984	1.804225463556178e-05
371.29873298900003	0.026069464767282655	1.808744234293761e-05
372.508175116	0.02612225282491694	1.813260584070946e-05
373.717617243	0.026175781578727502	1.8178017029566503e-05
374.92705937000005	0.02623005090227919	1.822398406956936e-05
376.13650149700004	0.026285058315240504	1.8270839871797044e-05
377.34594362400003	0.02634079904005366	1.8318930977020874e-05
378.555385751	0.026397266062821324	1.836860699510879e-05
379.764827878	0.02645445019829783	1.8420210751212966e-05
380.97427000500005	0.026512340158869142	1.8474069265546745e-05
382.18371213200004	0.026570922627403754	1.8530485668441655e-05
383.393154259	0.026630182333851747	1.8589732116532672e-05
384.602596386	0.02669010213545753	1.865204376379131e-05
385.812038513	0.02675066310043865	1.871761380783271e-05
387.02148064000005	0.02681184459497671	1.8786589611857875e-05
388.23092276700004	0.026873624373337554	1.8859069881399712e-05
389.440364894	0.026935978670934325	1.893510285782284e-05
390.649807021	0.026998882300115983	1.9014685474568903e-05
391.859249148	0.0270623087484513	1.909776340954312e-05
393.06869127500005	0.027126230279255596	1.9184231962128424e-05
394.27813340200004	0.027190618034081005	1.9273937675969412e-05
395.487575529	0.027255442136870287	1.9366680626852043e-05
396.697017656	0.027320671799459822	1.946221728880964e-05
397.906459783	0.027386275428093985	1.9560263888945288e-05
399.11590191000005	0.027452220730616674	1.966050014656371e-05
400.32534403700004	0.02751847482401148	1.9762573285248596e-05
401.534786164	0.027585004341972974	1.986610219110359e-05
402.744228291	0.027651775542199972	1.997068160970469e-05
403.953670418	0.0277187544130818	2.0075886283982348e-05
405.16311254500005	0.027785906779436067	2.0181274974419315e-05
406.37255467200004	0.027853198406927918	2.0286394323597814e-05
407.581996799	0.027920595104809393	2.039078254577151e-05
408.791438926	0.02798806282662892	2.0493972925631812e-05
410.000881053	0.028055567768583495	2.059549711553305e-05
411.21032318000005	0.028123076465213556	2.069488821165207e-05
412.41976530700003	0.028190555882161027	2.0791683603261523e-05
413.629207434	0.02825797350572157	2.0885427588285926e-05
414.838649561	0.028325297428950406	2.0975673760235962e-05
416.04809168800006	0.028392496434090458	2.1061987174691865e-05
417.25753381500004	0.028459540071119564	2.114394630964927e-05
418.46697594200003	0.028526398732223738	2.1221144839282937e-05
419.676418069	0.02859304372203875	2.1293193241113745e-05
420.885860196	0.02865944732351522	2.1359720255904862e-05
422.09530232300006	0.028725582859284133	2.1420374221661476e-05
423.30474445000004	0.028791424748429363	2.14748243022672e-05
424.51418657700003	0.02885694855858819	2.1522761623832983e-05
425.723628704	0.028922131053321573	2.1563900336355274e-05
426.933070831	0.02898695023471822	2.159797860920476e-05
428.14251295800005	0.029051385381217362	2.162475956750909e-05
429.35195508500004	0.029115417080646248	2.1644032174010297e-05
430.56139721200003	0.029179027258494167	2.1655612058082614e-05
431.770839339	0.02924219920145411	2.1659342286606973e-05
432.980281466	0.029304917576282723	2.165509407273235e-05
434.18972359300005	0.029367168444040612	2.164276742145829e-05
435.39916572000004	0.029428939269787555	2.1622291695130677e-05
436.60860784700003	0.02949021892782583	2.159362609651538e-05
437.818049974	0.029550997702583265	2.155676005250462e-05
439.027492101	0.02961126728525461	2.1511713493412448e-05
440.23693422800005	0.029671020766315805	2.1458537013331773e-05
441.44637635500004	0.029730252624041515	2.1397311899232575e-05
442.65581848200003	0.02978895870916401	2.132815002325371e-05
443.865260609	0.029847136225817236	2.1251193585674506e-05
445.074702736	0.029904783708915885	2.116661470195368e-05
446.28414486300005	0.029961900998130734	2.1074614830034827e-05
447.49358699000004	0.03001848920861964	2.097542403233641e-05
448.703029117	0.030074550698683436	2.086930007079418e-05
449.912471244	0.030130089034516343	2.0756527337815314e-05
451.121913371	0.03018510895223147	2.0637415623073053e-05
452.33135549800005	0.030239616317331044	2.0512298722527582e-05
453.54079762500004	0.03029361808181212	2.038153289614234e-05
454.750239752	0.030347122239080544	2.0245495183165377e-05
455.959681879	0.030400137776867175	2.0104581586471378e-05
457.169124006	0.030452674628321706	1.995920513460995e-05
458.37856613300005	0.030504743621478286	1.9809793842124414e-05
459.58800826000004	0.030556356427269466	1.9656788575434376e-05
460.797450387	0.030607525506280632	1.9500640844038585e-05
462.006892514	0.030658264054426135	1.9341810533458944e-05
463.216334641	0.03070858594772531	1.9180763594754965e-05
464.42577676800005	0.030758505686366292	1.901796971268563e-05
465.63521889500004	0.030808038338228653	1.8853899963748395e-05
466.844661022	0.03085719948204388	1.86890244857933e-05
468.054103149	0.030906005150367316	1.8523810176378905e-05
469.26354527600006	0.03095447177252403	1.8358718432431695e-05
470.47298740300005	0.03100261611770151	1.8194202953766025e-05
471.68242953000004	0.031050455238341965	1.8030707619698035e-05
472.891871657	0.031098006413999037	1.7868664455131482e-05
474.101313784	0.031145287095803338	1.7708491701036133e-05
475.31075591100006	0.031192314851684992	1.755059199866765e-05
476.52019803800005	0.03123910731249916	1.739535069823513e-05
477.72964016500003	0.03128568211918295	1.7243134301501632e-05
478.939082292	0.03133205687108116	1.7094289045401867e-05
480.148524419	0.03137824907555686	1.694913963191611e-05
481.35796654600006	0.03142427609901362	1.6807988108680605e-05
482.56740867300005	0.031470155119431166	1.667111290386348e-05
483.77685080000003	0.031515903080526875	1.6538768017032895e-05
484.986292927	0.03156153664763599	1.6411182368801463e-05
486.195735054	0.03160707216540334	1.6288559306418773e-05
487.40517718100006	0.03165252561737006	1.61710762688338e-05
488.61461930800004	0.03169791258753391	1.6058884603869666e-05
489.82406143500003	0.03174324822394766	1.5952109542112532e-05
491.033503562	0.03178854720442631	1.585085031311693e-05
492.242945689	0.031833823704410846	1.575518040818517e-05
493.45238781600005	0.03187909136704288	1.566514797759492e-05
494.66182994300004	0.031924363275484056	1.5580776356906327e-05
495.87127207000003	0.03196965192752221	1.5502064714230097e-05
497.080714197	0.032014969212482695	1.5428988809188235e-05
498.290156324	0.03206032639047051	1.536150185651329e-05
499.49959845100005	0.03210573407394949	1.5299535481362716e-05
500.70904057800004	0.032151202211667354	1.5243000760616941e-05
501.91848270500003	0.03219674007492311	1.5191789335605642e-05
503.127924832	0.032242356246167045	1.5145774591444728e-05
504.337366959	0.03228805860991899	1.5104812887383743e-05
505.54680908600005	0.03233385434598166	1.5068744831342608e-05
506.75625121300004	0.032379749924918884	1.5037396588454517e-05
507.96569334000003	0.03242575110576626	1.5010581210530318e-05
509.175135467	0.03247186293593008	1.498809998167158e-05
510.384577594	0.03251808975322745	1.4969743766911265e-05
511.59401972100005	0.0325644351900164	1.4955294355066173e-05
512.803461848	0.03261090217935813	1.4944525789759562e-05
514.0129039750001	0.0326574929631432	1.4937205678403196e-05
515.2223461020001	0.032704209102117354	1.4933096471405724e-05
516.4317882290001	0.032751051487735695	1.4931956707318424e-05
517.641230356	0.03279802035575956	1.4933542214455004e-05
518.850672483	0.03284511530152631	1.4937607264779513e-05
520.06011461	0.03289233529679713	1.494390567552287e-05
521.269556737	0.032939678708101	1.4952191854159997e-05
522.478998864	0.03298714331648254	1.496222178108985e-05
523.688440991	0.033034726338555476	1.4973753929921745e-05
524.897883118	0.033082424448774427	1.4986550122006849e-05
526.1073252450001	0.033130233802822574	1.500037631205126e-05
527.3167673720001	0.033178150062012496	1.5015003307609977e-05
528.5262094990001	0.03322616841860897	1.5030207417976178e-05
529.735651626	0.03327428362196656	1.5045771035187714e-05
530.945093753	0.03332249000538347	1.506148314741481e-05
532.15453588	0.033370781513567344	1.5077139788358961e-05
533.363978007	0.033419151730620086	1.5092544418845182e-05
534.573420134	0.03346759390843188	1.5107508249072248e-05
535.782862261	0.03351610099539352	1.5121850501477222e-05
536.9923043880001	0.03356466566532492	1.5135398617607635e-05
538.2017465150001	0.033613280346528024	1.5147988412673058e-05
539.4111886420001	0.03366193725086596	1.5159464181534091e-05
540.6206307690001	0.033710628402781724	1.5169678759937951e-05
541.830072896	0.03375934566816492	1.5178493544778294e-05
543.039515023	0.03380808078297978	1.5185778478329706e-05
544.24895715	0.03385682538157611	1.5191412001010427e-05
545.458399277	0.03390557102459841	1.5195280973883867e-05
546.667841404	0.03395430922642135	1.5197280578158555e-05
547.877283531	0.03400303148203696	1.5197314194340078e-05
549.0867256580001	0.0340517292933244	1.5195293264501919e-05
550.2961677850001	0.034100394194640164	1.519113714172128e-05
551.5056099120001	0.034149017777667365	1.5184772929168371e-05
552.715052039	0.034197591715465776	1.5176135311441017e-05
553.924494166	0.03424610778567256	1.5165166383734737e-05
555.133936293	0.03429455789280482	1.5151815477040383e-05
556.34337842	0.03434293408961924	1.5136038983815322e-05
557.552820547	0.034391228597490935	1.5117800184137137e-05
558.762262674	0.034439433825776626	1.5097069077933355e-05
559.971704801	0.03448754239012695	1.50738222168987e-05
561.1811469280001	0.03453554712972614	1.5048042544675637e-05
562.3905890550001	0.0345834411234341	1.5019719239136825e-05
563.6000311820001	0.03463121770481018	1.4988847562148157e-05
564.809473309	0.03467887047600836	1.4955428713842585e-05
566.018915436	0.03472639332052747	1.4919469689197313e-05
567.228357563	0.03477378041481444	1.4880983142069242e-05
568.43779969	0.03482102623871335	1.4839987250683388e-05
569.647241817	0.034868125584762495	1.4796505584118433e-05
570.856683944	0.03491507356634277	1.4750566973104367e-05
572.066126071	0.034961865624680434	1.4702205376985388e-05
573.2755681980001	0.0350084975347205	1.4651459753138743e-05
574.4850103250001	0.03505496540987693	1.4598373920546803e-05
575.6944524520001	0.03510126570568047	1.4542996422004517e-05
576.903894579	0.0351473952223362	1.4485380378714244e-05
578.113336706	0.03519335110621968	1.4425583340734502e-05
579.322778833	0.035239130850326116	1.4363667128436643e-05
580.53222096	0.03528473229370529	1.4299697666304392e-05
581.741663087	0.03533015361990452	1.4233744806948642e-05
582.951105214	0.03537539335444998	1.4165882144292945e-05
584.160547341	0.035420450361405204	1.4096186817875812e-05
585.3699894680001	0.03546532383902375	1.402473930388012e-05
586.5794315950001	0.0355100133145484	1.3951623196338752e-05
587.7888737220001	0.03555451863817971	1.3876924974419721e-05
588.998315849	0.03559883997625818	1.3800733761416817e-05
590.207757976	0.0356429778036966	1.3723141070545383e-05
591.417200103	0.035686932895700886	1.3644240540508917e-05
592.62664223	0.03573070631882246	1.3564127661754451e-05
593.836084357	0.035774299421379475	1.3482899492552945e-05
595.045526484	0.03581771382329303	1.340065436776019e-05
596.2549686110001	0.035860951405379364	1.3317491601279873e-05
597.4644107380001	0.035904014298137985	1.3233511179139814e-05
598.6738528650001	0.03594690487008563	1.3148813454249732e-05
599.8832949920001	0.03598962571567291	1.3063498834080137e-05
601.092737119	0.03603217964282984	1.2977667467367494e-05
602.302179246	0.03607456966018777	1.2891418933357913e-05
603.511621373	0.0361167989640129	1.2804851930996792e-05
604.7210635	0.03615887092490487	1.2718063973681598e-05
605.930505627	0.03620078907429443	1.2631151088718139e-05
607.139947754	0.03624255709079041	1.2544207523694943e-05
608.3493898810001	0.03628417878641191	1.2457325462163392e-05
609.5588320080001	0.03632565809275325	1.2370594750119786e-05
610.7682741350001	0.03636699904711917	1.2284102633955933e-05
611.9777162620001	0.036408205778670474	1.2197933511680626e-05
613.187158389	0.03644928249462285	1.2112168701740525e-05
614.396600516	0.03649023346653178	1.2026886221150225e-05
615.606042643	0.03653106301670776	1.194216059016458e-05
616.81548477	0.03657177550479189	1.1858062646093375e-05
618.024926897	0.036612375314532375	1.1774659382045058e-05
619.234369024	0.03665286684079163	1.1692013802628563e-05
620.4438111510001	0.03669325447681671	1.1610184799603304e-05
621.6532532780001	0.03673354260181032	1.1529227049976628e-05
622.8626954050001	0.03677373556882206	1.1449190932120725e-05
624.072137532	0.03681383769299706	1.1370122464981733e-05
625.281579659	0.03685385324020262	1.129206326549603e-05
626.491021786	0.036893786416061766	1.1215050527323355e-05
627.700463913	0.036933641355411835	1.1139117021212505e-05
628.90990604	0.0369734221122157	1.1064291110336975e-05
630.119348167	0.037013132649941105	1.099059678933423e-05
631.328790294	0.03705277683242694	1.0918053737612587e-05
632.5382324210001	0.03709235841525251	1.0846677390435572e-05
633.7476745480001	0.03713188103762505	1.0776479026536426e-05
634.9571166750001	0.03717134821479559	1.0707465870150583e-05
636.166558802	0.037210763331016326	1.0639641207444579e-05
637.376000929	0.037250129633046254	1.0573004513447955e-05
638.585443056	0.03728945022421323	1.0507551593224244e-05
639.794885183	0.03732872805903484	1.044327473075074e-05
641.00432731	0.03736796593840675	1.0380162846958573e-05
642.213769437	0.03740716650535245	1.0318201666821507e-05
643.4232115640001	0.037446332241341126	1.0257373889741975e-05
644.6326536910001	0.03748546546316651	1.0197659367317257e-05
645.8420958180001	0.03752456832038743	1.0139035283452669e-05
647.0515379450001	0.03756364279331943	1.008147633738542e-05
648.260980072	0.037602690691576575	1.0024954928802783e-05
649.470422199	0.03764171365314961	9.969441340580115e-06
650.679864326	0.03768071314401416	9.914903924214536e-06
651.889306453	0.03771969045825663	9.861309280669796e-06
653.09874858	0.03775864671870522	9.8086224404926e-06
654.308190707	0.03779758287805157	9.756807038554052e-06
655.5176328340001	0.03783649972045045	9.705825487078142e-06
656.7270749610001	0.037875397863577534	9.655639143256356e-06
657.9365170880001	0.037914277761131474	9.606208469162052e-06
659.1459592150001	0.037953139705762785	9.557493188999768e-06
660.355401342	0.037991983832404645	9.509452438955746e-06
661.564843469	0.03803081012199455	9.462044910972975e-06
662.774285596	0.03806961840556117	9.415228989075345e-06
663.983727723	0.038108408368654215	9.368962879052098e-06
665.19316985	0.038147179556100766	9.323204732942454e-06
666.402611977	0.0381859313770612	9.277912764413233e-06
667.6120541040001	0.03822466311036599	9.233045360185876e-06
668.8214962310001	0.03826337391010794	9.188561180791487e-06
670.0309383580001	0.03830206281146975	9.144419259083315e-06
671.2403804850001	0.03834072873676007	9.100579089417971e-06
672.449822612	0.03837937050164055	9.057000712661594e-06
673.659264739	0.03841798682151463	9.013644794287597e-06
674.868706866	0.038456576318059536	8.970472697584661e-06
676.078148993	0.03849513752587828	8.927446552999078e-06
677.28759112	0.03853366889924475	8.884529319183358e-06
678.497033247	0.03857216881892762	8.841684843707764e-06
679.7064753740001	0.038610635599062006	8.798877918200584e-06
680.9159175010001	0.038649067494053814	8.756074327620133e-06
682.1253596280001	0.03868746270549429	8.713240898833521e-06
683.3348017550001	0.038725819389059814	8.670345545757845e-06
684.544243882	0.03876413566138596	8.627357310765428e-06
685.753686009	0.038802409606885996	8.584246402802084e-06
686.963128136	0.03884063928450255	8.54098423611262e-06
688.172570263	0.038878822734368566	8.49754346363322e-06
689.38201239	0.03891695798436844	8.453898010857936e-06
690.5914545170001	0.03895504305657239	8.410023105524229e-06
691.8008966440001	0.03899307597353538	8.365895308259552e-06
693.0103387710001	0.039031054764441624	8.321492540830392e-06
694.2197808980001	0.03906897747108475	8.276794110682002e-06
695.429223025	0.039106842153664514	8.231780737337734e-06
696.638665152	0.03914464689639077	8.186434575539358e-06
697.848107279	0.039182389812883786	8.1407392360083e-06
699.057549406	0.039220069051358386	8.094679807064239e-06
700.266991533	0.03925768279958082	8.048242872102305e-06
701.47643366	0.039295229289593246	8.001416525961598e-06
702.6858757870001	0.03933270680219203	7.954190389625862e-06
703.8953179140001	0.03937011367115823	7.90655562261045e-06
705.1047600410001	0.039407448287232166	7.858504933733853e-06
706.3142021680001	0.03944470910182161	7.810032587912337e-06
707.523644295	0.03948189463044919	7.761134410528007e-06
708.733086422	0.03951900345592302	7.711807790207284e-06
709.942528549	0.039556034231239226	7.662051677783576e-06
711.151970676	0.03959298568220646	7.611866581369837e-06
712.361412803	0.03962985660979378	7.561254558682183e-06
713.57085493	0.039666645892203346	7.51021920590601e-06
714.7802970570001	0.039703352486666135	7.458765643226408e-06
715.9897391840001	0.03973997543095993	7.40690049377065e-06
717.1991813110001	0.03977651384465856	7.354631863607034e-06
718.4086234380001	0.039812966930108114	7.301969312109769e-06
719.618065565	0.03984933397313556	7.2489238226206485e-06
720.827507692	0.039885614343496946	7.195507766182527e-06
722.036949819	0.03992180749506414	7.141734862577702e-06
723.246391946	0.03995791296576355	7.087620137463563e-06
724.455834073	0.03999393037726341	7.033179873211224e-06
725.6652762	0.040029859434424914	6.978431559038501e-06
726.8747183270001	0.04006569992451842	6.923393834696859e-06
728.0841604540001	0.0401014517162158	6.868086432033357e-06
729.2936025810001	0.0401371147583634	6.812530110931578e-06
730.5030447080001	0.04017268907855105	6.756746594043723e-06
731.712486835	0.040208174781476806	6.700758497864743e-06
732.921928962	0.04024357204712605	6.644589260587483e-06
734.131371089	0.04027888112876588	6.58826306690196e-06
735.340813216	0.04031410235077315	6.531804771700574e-06
736.550255343	0.04034923610630077	6.475239820529162e-06
737.7596974700001	0.04038428285479469	6.418594168639981e-06
738.9691395970001	0.04041924311937293	6.361894200096359e-06
740.1785817240001	0.04045411748407637	6.305166643303045e-06
741.3880238510001	0.04048890659100305	6.24843848842274e-06
742.5974659780001	0.04052361113733716	6.191736902901099e-06
743.806908105	0.04055823187228334	6.135089147563443e-06
745.016350232	0.040592769593919144	6.078522493458417e-06
746.225792359	0.04062722514597458	6.0220641390347385e-06
747.435234486	0.040661599414551206	5.965741127526501e-06
748.644676613	0.040695893324792065	5.9095802687226726e-06
749.8541187400001	0.04073010783751391	5.8536080595305635e-06
751.0635608670001	0.04076424394581088	5.7978506081949145e-06
752.2730029940001	0.040798302671641855	5.742333559219826e-06
753.4824451210001	0.04083228506241286	5.687082024678059e-06
754.6918872480001	0.04086619218756083	5.632120513917319e-06
755.901329375	0.04090002513515408	5.577472869248622e-06
757.110771502	0.040933785008516806	5.523162204298417e-06
758.320213629	0.04096747292288551	5.469210845598785e-06
759.529655756	0.04100109000210858	5.415640279090466e-06
760.739097883	0.04103463737540078	5.3624710986719435e-06
761.9485400100001	0.04106811617415039	5.309722960642319e-06
763.1579821370001	0.041101527528805644	5.257414540908091e-06
764.3674242640001	0.04113487256582654	5.205563497340801e-06
765.5768663910001	0.04116815240472594	5.154186435555345e-06
766.786308518	0.04120136815519978	5.1032988792122315e-06
767.995750645	0.041234520914353895	5.052915244597174e-06
769.205192772	0.0412676117640329	5.003048820641866e-06
770.414634899	0.041300641768259025	4.953711750983327e-06
771.624077026	0.04133361197078293	4.9049150220979914e-06
772.833519153	0.04136652339275386	4.8566684540036504e-06
774.0429612800001	0.04139937703051079	4.8089806968870505e-06
775.2524034070001	0.04143217385350071	4.761859229873053e-06
776.4618455340001	0.04146491480232675	4.715310364070666e-06
777.6712876610001	0.041497600786926644	4.669339249959361e-06
778.880729788	0.041530232684886786	4.6239498880133395e-06
780.090171915	0.04156281133989395	4.579145142512681e-06
781.299614042	0.04159533756032022	4.534926757961139e-06
782.509056169	0.04162781211795252	4.491295380382856e-06
783.718498296	0.04166023574685584	4.448250580714468e-06
784.9279404230001	0.04169260914237856	4.405790879421671e-06
786.1373825500001	0.04172493296029782	4.3639137758329344e-06
787.3468246770001	0.04175720781609933	4.3226157793786064e-06
788.5562668040001	0.04178943428439679	4.281892441516844e-06
789.7657089310001	0.04182161289848551	4.2417383929038e-06
790.975151058	0.041853744150031416	4.202147378636547e-06
792.184593185	0.0418858284888885	4.163112298064904e-06
793.394035312	0.04191786632304548	4.124625245023981e-06
794.603477439	0.04194985801870034	4.086677548830856e-06
795.812919566	0.04198180390045554	4.049259818369154e-06
797.0223616930001	0.042013704251631076	4.01236198520351e-06
798.2318038200001	0.04204555931469457	3.975973348731643e-06
799.4412459470001	0.04207736929180249	3.940082622159444e-06
800.6506880740001	0.04210913434544564	3.904677978246649e-06
801.8601302010001	0.04214085459920029	3.869747095555989e-06
803.069572328	0.04217253013857226	3.835277205791851e-06
804.279014455	0.04220416101194077	3.8012551423319565e-06
805.488456582	0.04223574723158129	3.7676673843638644e-06
806.697898709	0.042267288774777485	3.734500106855433e-06
807.907340836	0.042298785585007895	3.701739225277661e-06
809.1167829630001	0.042330237573204005	3.6693704439124637e-06
810.3262250900001	0.04236164461907629	3.6373793011118383e-06
811.5356672170001	0.042393006572498095	3.6057512144083763e-06
812.7451093440001	0.04242432325494676	3.5744715256526467e-06
813.9545514710001	0.04245559446099595	3.543525545812291e-06
815.163993598	0.042486819959848154	3.512898597705135e-06
816.373435725	0.04251799949690781	3.4825760581852157e-06
817.582877852	0.042549132795387704	3.4525433997410356e-06
818.792319979	0.04258021955793968	3.4227862300511014e-06
820.001762106	0.0426112594683119	3.3932903317324446e-06
821.2112042330001	0.04264225219301593	3.3640416996959075e-06
822.4206463600001	0.04267319738301136	3.335026576848005e-06
823.6300884870001	0.04270409467539183	3.3062314891603035e-06
824.8395306140001	0.04273494369507237	3.2776432793510585e-06
826.0489727410001	0.042765744056473286	3.2492491373137334e-06
827.258414868	0.04279649536519314	3.221036632095713e-06
828.467856995	0.04282719721966974	3.1929937384653947e-06
829.677299122	0.042857849212820875	3.1651088643303072e-06
830.886741249	0.04288845093366046	3.137370873941904e-06
832.0961833760001	0.04291900196889201	3.109769112255879e-06
833.3056255030001	0.04294950190446509	3.082293426341668e-06
834.5150676300001	0.04297995032710078	3.054934182341012e-06
835.7245097570001	0.04301034682577549	3.027682284069201e-06
836.9339518840001	0.04304069099316454	3.000529186417443e-06
838.143394011	0.043070982427036573	2.9734669100296343e-06
839.352836138	0.043101220731603176	2.9464880521339976e-06
840.562278265	0.04313140551881474	2.919585793312012e-06
841.771720392	0.04316153640960181	2.892753907035469e-06
842.981162519	0.04319161303506046	2.865986762920001e-06
844.1906046460001	0.043221635037578615	2.8392793303893644e-06
845.4000467730001	0.043251602071901894	2.8126271795137873e-06
846.6094889000001	0.04328151380613676	2.786026478700018e-06
847.8189310270001	0.04331136992268982	2.7594739928298167e-06
849.0283731540001	0.04334117011914059	2.7329670778224743e-06
850.237815281	0.04337091410905031	2.7065036746136227e-06
851.447257408	0.043400601622701734	2.6800822997076573e-06
852.656699535	0.043430232407770955	2.6537020356466453e-06
853.866141662	0.0434598062299325	2.6273625187314708e-06
855.075583789	0.04348932287339584	2.6010639242969155e-06
856.2850259160001	0.04351878214137235	2.5748069538672233e-06
857.4944680430001	0.04354818385647542	2.548592817290817e-06
858.7039101700001	0.04357752786105162	2.522423214976833e-06
859.9133522970001	0.043606814017445955	2.4963003191834175e-06
861.1227944240001	0.043636042208200186	2.470226753492559e-06
862.332236551	0.04366521233618743	2.444205571033858e-06
863.541678678	0.0436943243246796	2.4182402332667422e-06
864.751120805	0.04372337811735419	2.3923345856081107e-06
865.960562932	0.04375237367824005	2.366492834313857e-06
867.170005059	0.04378131099160157	2.340719521730747e-06
868.3794471860001	0.0438101900617665	2.315019500817821e-06
869.5888893130001	0.04383901091289617	2.2893979089484297e-06
870.7983314400001	0.04386777358870479	2.263860144153402e-06
872.0077735670001	0.043896478152121256	2.238411836251486e-06
873.2172156940001	0.04392512468490804	2.213058821430008e-06
874.426657821	0.04395371328722699	2.1878071163541115e-06
875.636099948	0.04398224407716263	2.1626628920099807e-06
876.845542075	0.04401071719020429	2.1376324466612204e-06
878.054984202	0.044039132778685326	2.112722180434802e-06
879.2644263290001	0.04406749101118647	2.087938569414139e-06
880.4738684560001	0.044095792071906594	2.0632881412219047e-06
881.6833105830001	0.04412403615999723	2.0387774496566366e-06
882.8927527100001	0.04415222348887217	2.0144130501290724e-06
884.1021948370001	0.04418035428548869	1.9902014789854674e-06
885.3116369640001	0.044208428789605105	1.966149226527439e-06
886.521079091	0.04423644725301634	1.9422627188714903e-06
887.730521218	0.044264409938777144	1.9185482959623674e-06
888.939963345	0.04429231712040192	1.8950121898719488e-06
890.149405472	0.044320169081057875	1.8716605075420107e-06
891.3588475990001	0.044347966112745836	1.8484992111436214e-06
892.5682897260001	0.044375708515475676	1.8255341024681701e-06
893.7777318530001	0.04440339659643533	1.8027708057904355e-06
894.9871739800001	0.04443103066915946	1.7802147531256027e-06
896.1966161070001	0.04445861105269802	1.7578711696279814e-06
897.406058234	0.044486138070788245	1.735745061853265e-06
898.615500361	0.044513612051033234	1.7138412051540987e-06
899.824942488	0.04454103332408482	1.6921641339395915e-06
901.034384615	0.04456840222284244	1.6707181306229634e-06
902.243826742	0.044595719081658394	1.6495072208266156e-06
903.4532688690001	0.04462298423556095	1.6285351616827286e-06
904.6627109960001	0.044650198019492916	1.607805438667159e-06
905.8721531230001	0.04467736076756943	1.5873212603935007e-06
907.0815952500001	0.04470447281235239	1.5670855533262405e-06
908.2910373770001	0.04473153448415135	1.5471009600149358e-06
909.500479504	0.04475854611034398	1.5273698374885215e-06
910.709921631	0.044785508014723995	1.5078942553551122e-06
911.919363758	0.04481242051687219	1.4886759967244023e-06
913.128805885	0.04483928393155767	1.4697165585557339e-06
914.338248012	0.0448660985681654	1.4510171536547264e-06
915.5476901390001	0.044892864730154934	1.432578714800681e-06
916.7571322660001	0.044919582714548614	1.414401896182426e-06
917.9665743930001	0.04494625281145159	1.3964870798023294e-06
919.1760165200001	0.04497287530360212	1.3788343792057345e-06
920.3854586470001	0.04499945046595719	1.3614436464747047e-06
921.594900774	0.04502597856530762	1.3443144774949992e-06
922.804342901	0.04505245985992965	1.327446219844131e-06
924.013785028	0.04507889459926804	1.3108379807829663e-06
925.223227155	0.04510528302365257	1.2944886338077433e-06
926.432669282	0.04513162536404997	1.2783968298722931e-06
927.6421114090001	0.04515792184184812	1.2625610041126715e-06
928.8515535360001	0.045184172668674055	1.2469793866357637e-06
930.0609956630001	0.04521037804624504	1.231650012852852e-06
931.2704377900001	0.045236538166252026	1.2165707328398984e-06
932.4798799170001	0.04526265321027624	1.2017392219019206e-06
933.689322044	0.04528872334973726	1.1871529917333635e-06
934.898764171	0.0453147487458721	1.1728094015271803e-06
936.108206298	0.04534072954974642	1.158705667652599e-06
937.317648425	0.0453666659022912	1.144838876885669e-06
938.5270905520001	0.045392557934373565	1.1312059967140583e-06
939.7365326790001	0.04541840576689238	1.1178038869125387e-06
940.9459748060001	0.045444209510901716	1.1046293097709028e-06
942.1554169330001	0.04546996926776098	1.0916789425539923e-06
943.3648590600001	0.04549568512930773	1.0789493900979737e-06
944.5743011870001	0.0455213571780593	1.06643719354869e-06
945.783743314	0.045546985487429616	1.054138842330026e-06
946.993185441	0.045572570121975124	1.0420507858065287e-06
948.202627568	0.04559811113765503	1.0301694432561372e-06
949.412069695	0.045623608582114984	1.0184912150090216e-06
950.6215118220001	0.04564906249498419	1.0070124921891853e-06
951.8309539490001	0.045674472908192223	9.95729667373906e-07
953.0403960760001	0.04569983984629983	9.846391439275196e-07
954.2498382030001	0.04572516332684331	9.737373460449802e-07
955.4592803300001	0.04575044336068927	9.63020728010245e-07
956.6687224570001	0.04577567995240475	9.524857824633448e-07
957.878164584	0.04580087310063175	9.421290492516045e-07
959.087606711	0.045826022798474655	9.319471247806189e-07
960.297048838	0.045851129033891595	9.21936667060921e-07
961.506490965	0.04587619179009116	9.120944063863371e-07
962.7159330920001	0.0459012110459361	9.02417149641472e-07
963.9253752190001	0.04592618677634713	8.929017884890979e-07
965.1348173460001	0.04595111895271047	8.835453054864847e-07
966.3442594730001	0.04597600754328362	8.74344778229119e-07
967.5537016000001	0.04600085251360221	8.652973870386419e-07
968.763143727	0.04602565382688408	8.564004173500157e-07
969.972585854	0.046050411444430714	8.476512673794536e-07
971.182027981	0.04607512532602284	8.390474483254288e-07
972.391470108	0.046099795430312174	8.305865897799996e-07
973.600912235	0.046124421715207406	8.222664438152588e-07
974.8103543620001	0.04614900413825149	8.14084886295478e-07
976.0197964890001	0.04617354265698848	8.060399183830113e-07
977.2292386160001	0.046198037229327076	7.981296692070928e-07
978.4386807430001	0.04622248781388764	7.903523986173076e-07
979.6481228700001	0.04624689437034379	7.827064961328913e-07
980.857564997	0.04627125685974737	7.751904822241432e-07
982.067007124	0.046295575244844206	7.678030077035268e-07
983.276449251	0.046319849490377166	7.605428545094078e-07
984.485891378	0.046344079563373955	7.534089346974376e-07
985.6953335050001	0.04636826543342128	7.464002895909743e-07
986.9047756320001	0.046392407072924476	7.39516087270046e-07
988.1142177590001	0.04641650445735378	7.327556226908372e-07
989.3236598860001	0.04644055756547147	7.261183143827184e-07
990.5331020130001	0.046464566379548274	7.196037031589702e-07
991.7425441400001	0.04648853088555878	7.132114479298518e-07
992.951986267	0.046512451073364235	7.069413248149331e-07
994.161428394	0.04653632693687893	7.007932223640735e-07
995.370870521	0.0465601584742171	6.947671391337122e-07
996.580312648	0.046583945687826915	6.88863179602413e-07
997.7897547750001	0.046607688584606614	6.830815519609035e-07
998.9991969020001	0.04663138717600293	6.77422560714324e-07
1000.2086390290001	0.04665504147809623	6.718866068078205e-07
1001.4180811560001	0.04667865151166533	6.664741799509505e-07
1002.6275232830001	0.04670221730224213	6.611858560799585e-07
1003.8369654100001	0.046725738880144224	6.56022292380903e-07
1005.046407537	0.04674921628049588	6.509842228339578e-07
1006.255849664	0.04677264954323463	6.460724525531626e-07
1007.465291791	0.04679603871309893	6.412878551830657e-07
1008.674733918	0.046819383839605204	6.36631366856795e-07
1009.8841760450001	0.04684268497700971	6.321039809581812e-07
1011.0936181720001	0.04686594218425644	6.277067442786208e-07
1012.3030602990001	0.046889155524913	6.234407523803726e-07
1013.5125024260001	0.04691232506709233	6.193071435856427e-07
1014.7219445530001	0.04693545088336442	6.15307095516868e-07
1015.9313866800001	0.04695853305065432	6.114418213231297e-07
1017.140828807	0.046981571650132545	6.077125623947411e-07
1018.350270934	0.04700456676709079	6.041205863111559e-07
1019.559713061	0.04702751849081264	6.006671815070436e-07
1020.769155188	0.04705042691443157	5.973536528034725e-07
1021.9785973150001	0.047073292134782375	5.941813176797342e-07
1023.1880394420001	0.04709611425224489	5.911515022080202e-07
1024.397481569	0.04711889337058053	5.882655371316379e-07
1025.606923696	0.04714162959676189	5.855247534582573e-07
1026.816365823	0.047164323040795625	5.829304796804996e-07
1028.0258079500002	0.04718697381554409	5.804840384367408e-07
1029.235250077	0.04720958203653823	5.781867419595847e-07
1030.4446922040001	0.04723214782178883	5.76039889761141e-07
1031.654134331	0.04725467129159401	5.74044765928239e-07
1032.8635764580001	0.04727715256834557	5.722026355861502e-07
1034.073018585	0.04729959177633239	5.705147430368977e-07
1035.282460712	0.047321989041541515	5.68982308403658e-07
1036.491902839	0.04734434449146199	5.676065256670926e-07
1037.701344966	0.04736665825488643	5.66388560848895e-07
1038.9107870930002	0.047388930461711665	5.65329549189297e-07
1040.12022922	0.04741116124274561	5.644305948782776e-07
1041.3296713470002	0.04743335072951105	5.636927679913773e-07
1042.539113474	0.04745549905405313	5.631171037649106e-07
1043.7485556010001	0.04747760634875287	5.627046009145481e-07
1044.957997728	0.047499672746138914	5.624562206056793e-07
1046.167439855	0.04752169837870642	5.623728858348124e-07
1047.376881982	0.047543683378740015	5.624554806176365e-07
1048.586324109	0.047565627878140504	5.627048484095445e-07
1049.795766236	0.04758753200825681	5.631217934612042e-07
1051.005208363	0.04760939589972424	5.637070785864773e-07
1052.2146504900002	0.04763121968230749	5.644614258655686e-07
1053.424092617	0.04765300348475222	5.653855165308722e-07
1054.6335347440001	0.04767474743463895	5.664799905597433e-07
1055.842976871	0.04769645165824824	5.677454475780662e-07
1057.0524189980001	0.047718116280429955	5.691824459497558e-07
1058.261861125	0.047739741424481306	5.707915048846845e-07
1059.471303252	0.047761327212031614	5.725731021854402e-07
1060.680745379	0.04778287376293385	5.745276776249552e-07
1061.890187506	0.047804381195167264	5.76655631646382e-07
1063.0996296330002	0.04782584962474413	5.789573272559356e-07
1064.30907176	0.047847279165625624	5.814330895696251e-07
1065.5185138870002	0.047868669929646744	5.840832072983976e-07
1066.727956014	0.04789002202644937	5.869079328196948e-07
1067.9373981410001	0.04791133556342224	5.899074836992948e-07
1069.146840268	0.04793261064564953	5.930820428244926e-07
1070.356282395	0.04795384737586712	5.964317597367636e-07
1071.565724522	0.04797504585442745	5.999567512910072e-07
1072.775166649	0.04799620617927312	6.036571016608058e-07
1073.9846087760002	0.048017328445916545	6.075328646018914e-07
1075.194050903	0.04803841274742739	6.115840621036952e-07
1076.4034930300002	0.0480594591744301	6.158106851116099e-07
1077.612935157	0.0480804678151059	6.202126963649404e-07
1078.8223772840001	0.048101438755202716	6.247900280871202e-07
1080.031819411	0.04812237207805374	6.29542583388863e-07
1081.2412615380001	0.04814326786460071	6.344702359191525e-07
1082.450703665	0.04816412619342489	6.395728302503643e-07
1083.660145792	0.04818494714078487	6.448501806126212e-07
1084.869587919	0.04820573078065791	6.503020721481501e-07
1086.079030046	0.048226477184790596	6.559282586266865e-07
1087.2884721730002	0.048247186422753344	6.617284622166933e-07
1088.4979143	0.04826785856199857	6.677023730389502e-07
1089.7073564270001	0.04828849366792678	6.738496463972046e-07
1090.916798554	0.0483090918039549	6.801699022110285e-07
1092.1262406810001	0.048329653031589356	6.866627224820934e-07
1093.335682808	0.048350177410504624	6.933276497587851e-07
1094.545124935	0.04837066499862367	7.001641834676669e-07
1095.754567062	0.0483911158522006	7.071717776445453e-07
1096.964009189	0.04841153002591088	7.143498363359286e-07
1098.1734513160002	0.04843190757293891	7.216977123572867e-07
1099.382893443	0.04845224854507032	7.292147004106114e-07
1100.5923355700002	0.04847255299278568	7.369000330534477e-07
1101.801777697	0.048492820965354906	7.447528769023479e-07
1103.0112198240001	0.04851305251093478	7.527723260172716e-07
1104.220661951	0.048533247676665635	7.609573951429747e-07
1105.430104078	0.048553406508768555	7.693070133518869e-07
1106.639546205	0.04857352905264402	7.778200185641327e-07
1107.848988332	0.048593615352967134	7.864951464559299e-07
1109.058430459	0.04861366545378547	7.953310250454529e-07
1110.267872586	0.048633679398615494	8.04326164254027e-07
1111.4773147130002	0.04865365723053464	8.134789471390811e-07
1112.68675684	0.04867359899227559	8.227876193972837e-07
1113.8961989670001	0.048693504726316436	8.322502779858704e-07
1115.105641094	0.04871337447496859	8.418648608965881e-07
1116.3150832210001	0.04873320828046406	8.516291348825664e-07
1117.524525348	0.04875300618503536	8.61540682852139e-07
1118.733967475	0.04877276823099663	8.715968905992876e-07
1119.943409602	0.048792494460820124	8.817949342560531e-07
1121.152851729	0.048812184917208117	8.921317656181505e-07
1122.3622938560002	0.048831839643160325	9.02604096883893e-07
1123.571735983	0.048851458682037836	9.132083885972369e-07
1124.7811781100002	0.048871042077625396	9.239408305294264e-07
1125.990620237	0.04889058987418112	9.347973302785153e-07
1127.2000623640001	0.04891010211649076	9.457734955570407e-07
1128.409504491	0.048929578849910955	9.568646185422623e-07
1129.618946618	0.048949020120408374	9.680656617716836e-07
1130.828388745	0.04896842597459552	9.793712412611899e-07
1132.037830872	0.04898779645975716	9.907756128398676e-07
1133.2472729990002	0.04900713162387619	1.002272657503293e-06
1134.456715126	0.04902643151565093	1.013855867111012e-06
1135.6661572530002	0.04904569618450761	1.0255183310117992e-06
1136.87559938	0.04906492568060629	1.0372527249432328e-06
1138.0850415070001	0.049084120054843854	1.0490512990077752e-06
1139.294483634	0.04910327935884969	1.0609058687283496e-06
1140.5039257610001	0.04912240364497503	1.0728078083827658e-06
1141.713367888	0.04914149296628043	1.0847480420489468e-06
1142.922810015	0.04916054737651851	1.0967170420686889e-06
1144.132252142	0.04917956693010448	1.1087048258772078e-06
1145.341694269	0.04919855168209409	1.1207009567760198e-06
1146.5511363960002	0.04921750168814598	1.132694546203868e-06
1147.760578523	0.049236417004490544	1.1446742615097622e-06
1148.9700206500002	0.049255297687886945	1.156628333769119e-06
1150.179462777	0.04927414379558046	1.1685445701034458e-06
1151.3889049040001	0.04929295538525891	1.180410368504733e-06
1152.598347031	0.04931173251500354	1.1922127383035385e-06
1153.807789158	0.04933047524323996	1.2039383202215204e-06
1155.017231285	0.04934918362868647	1.2155734141867513e-06
1156.226673412	0.04936785773030347	1.2271040084793192e-06
1157.4361155390002	0.04938649760723889	1.2385158125742041e-06
1158.645557666	0.04940510331877785	1.249794293536809e-06
1159.8549997930002	0.04942367492428887	1.2609247167268078e-06
1161.06444192	0.04944221248317311	1.2718921895833334e-06
1162.2738840470001	0.04946071605481518	1.282681708820499e-06
1163.483326174	0.04947918569853315	1.2932782082585895e-06
1164.6927683010001	0.04949762147353297	1.3036666152208368e-06
1165.902210428	0.049516023438864396	1.3138319020422215e-06
1167.111652555	0.04953439165337891	1.3237591466938658e-06
1168.321094682	0.04955272617569197	1.3334335909449191e-06
1169.530536809	0.049571027064147434	1.3428407017506762e-06
1170.7399789360002	0.04958929437678508	1.3519662351431564e-06
1171.949421063	0.04960752817131317	1.3607962984536796e-06
1173.1588631900001	0.049625728505083705	1.3693174140039408e-06
1174.368305317	0.049643895435069835	1.3775165846056012e-06
1175.5777474440001	0.049662029017850384	1.385381357594863e-06
1176.787189571	0.04968012930959537	1.392899886220241e-06
1177.996631698	0.04969819636605598	1.4000609947528032e-06
1179.206073825	0.04971623024255971	1.4068542360170072e-06
1180.415515952	0.04973423099400471	1.4132699529392652e-06
1181.6249580790002	0.049752198674864245	1.4192993325269087e-06
1182.834400206	0.04977013333918619	1.4249344614968025e-06
1184.0438423330002	0.0497880350406027	1.4301683769098556e-06
1185.25328446	0.049805903832336934	1.4349951123173043e-06
1186.4627265870001	0.04982373976721798	1.4394097429726277e-06
1187.672168714	0.049841542897691535	1.4434084244711554e-06
1188.881610841	0.049859313275836356	1.4469884317757288e-06
1190.091052968	0.049877050953382504	1.450148187024981e-06
1191.300495095	0.04989475598172906	1.4528872860344174e-06
1192.5099372220002	0.049912428411962605	1.4552065235833312e-06
1193.719379349	0.04993006829487894	1.4571079074772817e-06
1194.9288214760002	0.049947675681004326	1.4585946730476229e-06
1196.138263603	0.04996525062061417	1.4596712881263437e-06
1197.3477057300001	0.04998279316375432	1.4603434554390343e-06
1198.557147857	0.05000030336026392	1.4606181091951593e-06
1199.7665899840001	0.05001778125979078	1.460503407098098e-06
1200.976032111	0.050035226911814154	1.4600087152674303e-06
1202.185474238	0.05005264036566228	1.4591445912049053e-06
1203.394916365	0.05007002167052768	1.4579227599224288e-06
1204.604358492	0.05008737087548557	1.4563560835368255e-06
1205.8138006190002	0.05010468802950735	1.4544585296804114e-06
1207.023242746	0.05012197318147467	1.4522451332958262e-06
1208.2326848730002	0.0501392263801906	1.4497319541205857e-06
1209.442127	0.05015644767439177	1.4469360308911791e-06
