0.0	0.0	0.0
1.209442127	1.2711754996518025e-07	1.3422075650191472e-09
2.418884254	5.670536931771148e-07	9.247340237121585e-10
3.6283263810000004	1.5333860441181365e-06	4.5414029308009143e-10
4.837768508	3.372783804556585e-06	-1.0473236033845442e-10
6.047210635000001	6.560602298896708e-06	-6.866147446800612e-10
7.256652762000001	1.1692371387313829e-05	-1.2508799493350743e-09
8.466094889	1.9471666576055912e-05	-1.7996160768716943e-09
9.675537016	3.0696311239032646e-05	-2.2890678964367284e-09
10.884979143	4.624274510664572e-05	-2.687228872405586e-09
12.094421270000002	6.704883763320183e-05	-2.9829323943457045e-09
13.303863397	9.409553539844834e-05	-3.1755721753925657e-09
14.513305524000002	0.00012838766819264408	-3.2471913216510384e-09
15.722747651	0.00017093427495774304	-3.1584250483737343e-09
16.932189778	0.0002227289203918128	-2.874943891231881e-09
18.141631905	0.00028473031014994644	-2.365493585653869e-09
19.351074032	0.0003578435559449222	-1.5646493131899244e-09
20.560516159000002	0.00044290246918901393	-3.291857972702073e-10
21.769958286	0.0005406531192971532	1.618918679364324e-09
22.979400413	0.000651739067398284	4.860752588316339e-09
24.188842540000003	0.0007766887184286424	1.0473819992398581e-08
25.398284667000002	0.0009159050672555004	1.957923344176404e-08
26.607726794	0.0010696573590389525	3.248376886737887e-08
27.817168921	0.0012380745040178158	4.8968311886489034e-08
29.026611048000003	0.0014211414639142452	6.883403794534708e-08
30.236053175000002	0.0016186984603494652	9.184163454782766e-08
31.445495302	0.0018304425118674918	1.175703766774178e-07
32.654937429	0.002055931095726788	1.4569346910105335e-07
33.864379556	0.0022945879235428623	1.7659487497839203e-07
35.073821683000006	0.0025457111482716822	2.114345215647446e-07
36.28326381	0.0028084838078486474	2.516061595423394e-07
37.492705937000004	0.003081985851957757	2.9839674122722083e-07
38.702148064	0.0033652074768294907	3.5295622814681255e-07
39.911590191	0.003657063636916631	4.163364872309196e-07
41.121032318000005	0.003956409493711896	4.895019270650169e-07
42.330474445	0.00426205650849671	5.73307847353441e-07
43.539916572	0.004572788881720112	6.684586352446079e-07
44.749358699000005	0.004887380046617254	7.754544770929133e-07
45.958800826	0.005204608931621625	8.945323826451149e-07
47.168242953000004	0.005523275721892262	1.0256106938916001e-06
48.377685080000006	0.005842216875832643	1.1682504123706705e-06
49.587127207	0.006160319179251581	1.321643693016558e-06
50.796569334000004	0.006476532643593351	1.4846324920451929e-06
52.00601146100001	0.006789882078561897	1.6557544113703086e-06
53.215453588	0.007099477195539046	1.8333089572786299e-06
54.424895715000005	0.007404521125957403	2.0154351031626525e-06
55.634337842	0.00770431726765064	2.2001904338646165e-06
56.843779969	0.00799827440213723	2.385623372646263e-06
58.053222096000006	0.008285910056683898	2.569832622277962e-06
59.262664223	0.008566852116205044	2.751011098628623e-06
60.472106350000004	0.00884083872065665	2.9274745303907304e-06
61.68154847700001	0.009107716512597104	3.097677033252158e-06
62.890990604	0.00936743732621136	3.2602172829815248e-06
64.100432731	0.00962005343281536	3.413839528081222e-06
65.309874858	0.009865711478290556	3.5574337816610788e-06
66.519316985	0.01010464526488019	3.690039219815445e-06
67.728759112	0.01033716754305942	3.8108539531472312e-06
68.93820123900001	0.01056366098842399	3.919252721631084e-06
70.14764336600001	0.010784568543286983	4.0148114901588645e-06
71.357085493	0.011000383302561118	4.0973345642115305e-06
72.56652762	0.01121163811880767	4.166876534062877e-06
73.775969747	0.011418895093388962	4.223749551927975e-06
74.98541187400001	0.011622735111884148	4.2685075637912765e-06
76.19485400100001	0.011823747574731688	4.301903366184216e-06
77.404296128	0.012022520469048802	4.324820135359803e-06
78.613738255	0.012219630922584363	4.338183699588942e-06
79.823180382	0.012415636371869262	4.342863575150142e-06
81.032622509	0.012611066460783785	4.339570199134316e-06
82.24206463600001	0.012806415762891873	4.328755165134812e-06
83.45150676300001	0.013002137393886655	4.310522778889053e-06
84.66094889	0.013198637553792986	4.284565068682546e-06
85.870391017	0.013396271017168799	4.250135923657809e-06
87.079833144	0.013595337577632611	4.206078430771393e-06
88.28927527100001	0.013796079450968562	4.150908728327967e-06
89.49871739800001	0.01399867964141291	4.082941848893053e-06
90.708159525	0.014203261266373566	4.000430588408135e-06
91.917601652	0.014409887810573847	3.901688983866653e-06
93.127043779	0.01461856425045743	3.785187888576983e-06
94.33648590600001	0.014829238968492196	3.6496286469103856e-06
95.54592803300001	0.015041806371353545	3.494008667471945e-06
96.75537016000001	0.015256110131772537	3.3176870697609943e-06
97.964812287	0.015471946983828862	3.1204466113493892e-06
99.174254414	0.015689071009924522	2.9025390127337866e-06
100.383696541	0.015907198360262068	2.664700220528169e-06
101.59313866800001	0.01612601233935793	2.408130145491113e-06
102.80258079500001	0.01634516877983338	2.1344430741286648e-06
104.01202292200001	0.016564301607374026	1.8456036819135257e-06
105.221465049	0.01678302849031766	1.5438652183436974e-06
106.430907176	0.017000956467563826	1.2317215098052696e-06
107.64034930300001	0.01721768745848342	9.118767794998174e-07
108.84979143000001	0.01743282357349698	5.872307749446204e-07
110.05923355700001	0.017645972159150362	2.608732295638187e-07
111.268675684	0.017856750524237255	-6.391896076850868e-08
112.478117811	0.018064790303405263	-3.836874119232326e-07
113.687559938	0.018269741422646403	-6.948047367076089e-07
114.89700206500001	0.018471275638136643	-9.93496253986409e-07
116.10644419200001	0.018669089626836537	-1.2758720422952979e-06
117.31588631900001	0.018862907614466812	-1.5379693155255968e-06
118.525328446	0.01905248353393234	-1.775803940005819e-06
119.734770573	0.019237602714808316	-1.9854285805712903e-06
120.94421270000001	0.019418083111764274	-2.1629934573039927e-06
122.15365482700001	0.019593776086233784	-2.3048042759785135e-06
123.36309695400001	0.01976456676066072	-2.4073710090976055e-06
124.572539081	0.01993037396771574	-2.467441645449751e-06
125.781981208	0.020091149817888135	-2.4820173767687976e-06
126.99142333500001	0.02024687890848851	-2.4483500964780967e-06
128.200865462	0.02039757719677582	-2.3639285561404556e-06
129.410307589	0.020543290561430602	-2.2264641002482683e-06
130.619749716	0.020684093080889174	-2.0338883658511387e-06
131.82919184300002	0.0208200850636895	-1.7843725422465566e-06
133.03863397	0.020951390872876903	-1.4763716125140303e-06
134.24807609700002	0.02107815659134335	-1.1086898799000063e-06
135.457518224	0.021200547576226886	-6.805587552192323e-07
136.666960351	0.02131874594828653	-1.917157507214613e-07
137.87640247800002	0.021432948057677485	3.5752520102167733e-07
139.085844605	0.021543361962259196	9.662188656677265e-07
140.29528673200002	0.021650204949526707	1.632752407231957e-06
141.504728859	0.02175370112892238	2.3548277946347687e-06
142.714170986	0.021854079117667898	3.1294610843137373e-06
143.92361311300002	0.02195156984018353	3.952995906215084e-06
145.13305524	0.02204640445841547	4.821128495273319e-06
146.34249736700002	0.022138812447790663	5.728942154962669e-06
147.551939494	0.02222901983096802	6.67094978657411e-06
148.761381621	0.022317247578940557	7.64114377590639e-06
149.97082374800002	0.022403710186351445	8.633052923908644e-06
151.180265875	0.02248861442510178	9.63980615689754e-06
152.38970800200002	0.022572158277545742	1.0654202525516026e-05
153.599150129	0.02265453004786978	1.166878663374249e-05
154.808592256	0.02273590764778548	1.2675928311234337e-05
156.018034383	0.022816458050516852	1.3667905164195572e-05
157.22747651	0.022896336905263312	1.463698663922358e-05
158.43691863700002	0.022975688302862125	1.5575518345326614e-05
159.646360764	0.023054644682202072	1.6476005498070284e-05
160.85580289100002	0.023133326866001284	1.7331194405350837e-05
162.065245018	0.023211844213840777	1.8134150899390673e-05
163.274687145	0.023290294879835395	1.887833454227236e-05
164.48412927200002	0.02336876616205075	1.955766737007659e-05
165.693571399	0.02344733493073989	2.0166595913705988e-05
166.90301352600002	0.02352606812266261	2.070014527897998e-05
168.112455653	0.023605023289142615	2.115396417500501e-05
169.32189778	0.02368424918603284	2.152435996502703e-05
170.53133990700002	0.023763786394341378	2.1808323031243107e-05
171.740782034	0.023843667960837974	2.20035400610201e-05
172.95022416100002	0.02392392004846433	2.2108396207263388e-05
174.159666288	0.02400456258679545	2.212196650537961e-05
175.369108415	0.024085609913205516	2.204399738006738e-05
176.57855054200002	0.024167071395872947	2.1874879532300467e-05
177.787992669	0.024248952030486555	2.1615613865446125e-05
178.99743479600002	0.024331253003570915	2.1267772340459225e-05
180.206876923	0.024413972216809382	2.083345568208638e-05
181.41631905	0.02449710476845446	2.031524968668753e-05
182.62576117700002	0.024580643389747366	1.971618155553099e-05
183.835203304	0.024664578835927764	1.903967725060272e-05
185.04464543100002	0.02474890023272766	1.8289520441966264e-05
186.254087558	0.024833595380132842	1.746981322365139e-05
187.46352968500003	0.024918651015665094	1.6584938481268747e-05
188.67297181200001	0.025004053039628656	1.5639523609988135e-05
189.882413939	0.02508978670480431	1.4638405197814337e-05
191.09185606600002	0.02517583677306969	1.3586594329784556e-05
192.301298193	0.025262187641484656	1.248924226414584e-05
193.51074032000002	0.02534882344048755	1.135160637469492e-05
194.720182447	0.025435728107023933	1.0179016403107985e-05
195.929624574	0.025522885435613214	8.976841167116259e-06
197.13906670100002	0.02561027911051672	7.750455936086463e-06
198.348508828	0.025697892722254766	6.505210684305495e-06
199.55795095500002	0.02578570977173315	5.2463994067254965e-06
200.767393082	0.025873713665150226	3.97923063386892e-06
201.976835209	0.0259618877026997	2.7087992489690608e-06
203.18627733600002	0.026050215063856894	1.440059699208909e-06
204.395719463	0.02613867879176968	1.778007006522053e-07
205.60516159000002	0.02622726177898114	-1.073378429623931e-06
206.814603717	0.026315946756396476	-2.3090896449819257e-06
208.02404584400003	0.026404716287088594	-3.5251760513656533e-06
209.23348797100002	0.02649355276621383	-4.717729590409287e-06
210.442930098	0.026582438427986105	-5.883106329404201e-06
211.65237222500002	0.026671355360340043	-7.0179391869231234e-06
212.861814352	0.02676028552760829	-8.119147962643936e-06
214.07125647900003	0.02684921080124773	-9.183946589162016e-06
215.28069860600002	0.026938112998393157	-1.0209847565277116e-05
216.490140733	0.027026973927784678	-1.1194663581920629e-05
217.69958286000002	0.027115775442430462	-1.2136506401313237e-05
218.909024987	0.027204499498204086	-1.303378310071683e-05
220.11846711400003	0.02729312821745447	-1.3885189852419239e-05
221.32790924100001	0.027381643956617373	-1.4689703464655896e-05
222.537351368	0.027470029376733613	-1.5446570963860556e-05
223.74679349500002	0.027558267515735257	-1.6155297532466093e-05
224.956235622	0.02764634186134345	-1.6815633145206183e-05
226.16567774900003	0.02773423642340806	-1.742755823466486e-05
227.375119876	0.02782193580456343	-1.799126870632997e-05
228.584562003	0.027909425268120375	-1.8507160574031042e-05
229.79400413000002	0.027996690802196078	-1.897581443772269e-05
231.003446257	0.028083719179177652	-1.939797996793278e-05
232.21288838400002	0.02817049800972475	-1.9774560504536228e-05
233.422330511	0.02825701579061918	-2.010659782650787e-05
234.63177263800003	0.028343261945887255	-2.03952571285427e-05
235.84121476500002	0.02842922686072231	-2.0641812211598868e-05
237.050656892	0.028514901907858457	-2.084763090291796e-05
238.26009901900002	0.028600279466149337	-2.101416072901429e-05
239.469541146	0.02868535293123066	-2.1142914880952123e-05
240.67898327300003	0.02877011671825467	-2.1235458525385418e-05
241.88842540000002	0.02885456625680319	-2.129339552616097e-05
243.097867527	0.028938697978181046	-2.1318355642361475e-05
244.30730965400002	0.029022509295381787	-2.131198226606342e-05
245.516751781	0.029105998576084265	-2.1275920761790755e-05
246.72619390800003	0.02918916510908089	-2.1211807465232055e-05
247.93563603500002	0.029272009064588694	-2.1121259410850677e-05
249.145078162	0.029354531448919075	-2.1005864864842113e-05
250.35452028900002	0.029436734054035633	-2.0867174765497127e-05
251.563962416	0.029518619402597885	-2.0706695178505837e-05
252.77340454300003	0.029600190689173852	-2.052588088910984e-05
253.98284667000001	0.029681451718410655	-2.032613023458821e-05
255.192288797	0.029762406841033245	-2.010878124857912e-05
256.401730924	0.029843060888612195	-1.987510912832769e-05
257.61117305100004	0.029923419108033724	-1.9626324978434003e-05
258.820615178	0.03000348709656594	-1.9363575720579504e-05
260.030057305	0.03008327073829273	-1.9087945014062326e-05
261.239499432	0.030162776142573188	-1.8800455009953475e-05
262.448941559	0.030242009585030195	-1.8502068774886566e-05
263.65838368600004	0.03032097745145807	-1.8193693224255028e-05
264.867825813	0.030399686184943375	-1.7876182450847575e-05
266.07726794	0.03047814223642223	-1.7550341352895165e-05
267.286710067	0.03055635201885593	-1.7216929499717266e-05
268.49615219400005	0.03063432186517934	-1.6876665176234923e-05
269.70559432100004	0.03071205799013936	-1.6530229567524346e-05
270.915036448	0.03078956645612714	-1.6178271034302186e-05
272.124478575	0.03086685314306423	-1.5821409433824097e-05
273.333920702	0.030943923722372924	-1.5460240435243412e-05
274.54336282900005	0.031020783635018378	-1.5095339771201997e-05
275.75280495600003	0.031097438073567064	-1.4727267372634971e-05
276.962247083	0.03117389196816509	-1.435657132242271e-05
278.17168921	0.031250149976301905	-1.3983791576808412e-05
279.381131337	0.031326216476178476	-1.3609463405753652e-05
280.59057346400004	0.03140209556348394	-1.323412049595175e-05
281.80001559100003	0.03147779105133899	-1.2858297685933439e-05
283.009457718	0.03155330647315134	-1.2482533298462631e-05
284.218899845	0.031628645088114034	-1.2107371040730639e-05
285.428341972	0.03170380988905488	-1.1733361465132395e-05
286.63778409900004	0.03177880361235069	-1.1361062972526438e-05
287.84722622600003	0.031853628749607565	-1.0991042363964772e-05
289.056668353	0.03192828756081508	-1.0623874942648062e-05
290.26611048	0.03200278208868806	-1.0260144181569168e-05
291.475552607	0.032077114173916975	-9.900440975336452e-06
292.68499473400004	0.03215128547106061	-9.545362499370965e-06
293.89443686100003	0.032225297464828724	-9.195510706429277e-06
295.103878988	0.03229915148652114	-8.851490494517255e-06
296.313321115	0.03237284873040639	-8.51390758007753e-06
297.522763242	0.03244639026984197	-8.183366113263264e-06
298.73220536900004	0.03251977707296554	-7.860466082409942e-06
299.94164749600003	0.03259301001779366	-7.545800539530534e-06
301.151089623	0.03266608990660271	-7.239952694392182e-06
302.36053175	0.03273901747947868	-6.943492913542625e-06
303.569973877	0.032811793426942945	-6.6569756698144125e-06
304.77941600400004	0.03288441840158543	-6.380936474205239e-06
305.98885813100003	0.0329568930286531	-6.115888831708925e-06
307.198300258	0.03302921791556412	-5.8623212546932965e-06
308.407742385	0.03310139366032792	-5.620694364318544e-06
309.617184512	0.03317342085887344	-5.39143811281368e-06
310.82662663900004	0.03324530011130055	-5.174949148936881e-06
312.036068766	0.033317032027081854	-4.971588356703628e-06
313.245510893	0.03338861722924769	-4.78167858370755e-06
314.45495302	0.03346005635761121	-4.6055025773989175e-06
315.664395147	0.033531350071077534	-4.443301147785686e-06
316.87383727400004	0.03360249904910766	-4.295271567139374e-06
318.083279401	0.03367350399239479	-4.161566215698431e-06
319.292721528	0.03374436562283027	-4.042291481767231e-06
320.502163655	0.033815084682822766	-3.937506920788241e-06
321.71160578200005	0.033885661934045484	-3.847224675867223e-06
322.92104790900004	0.03395609815568378	-3.77140916205986e-06
324.130490036	0.03402639414224934	-3.709977009107025e-06
325.339932163	0.034096550701030605	-3.662797262492479e-06
326.54937429	0.034166568649240406	-3.6296918384123013e-06
327.75881641700005	0.03423644881092571	-3.610436224320107e-06
328.96825854400004	0.034306192013689715	-3.6047604196125614e-06
330.177700671	0.034375799085283626	-3.6123501056235226e-06
331.387142798	0.0344452708501083	-3.632848038638743e-06
332.596584925	0.034514608125673654	-3.665855651594704e-06
333.80602705200005	0.03458381171905019	-3.710934854854963e-06
335.01546917900004	0.03465288242334234	-3.7676100266010735e-06
336.224911306	0.034721821014215185	-3.835370171674027e-06
337.434353433	0.03479062824649592	-3.913671246655375e-06
338.64379556	0.034859304850868314	-4.001938628215091e-06
339.85323768700005	0.034927851530677956	-4.0995697125518825e-06
341.06267981400003	0.03499626895885552	-4.205936636450687e-06
342.272121941	0.03506455777497614	-4.32038909348379e-06
343.481564068	0.03513271858244967	-4.442257241574031e-06
344.691006195	0.03520075194585687	-4.570854676267939e-06
345.90044832200005	0.03526865838842941	-4.705481461316615e-06
347.10989044900003	0.03533643838967771	-4.845427193504901e-06
348.319332576	0.03540409238316361	-4.989974090829646e-06
349.528774703	0.0354716207544247	-5.138400082193329e-06
350.73821683	0.035539023839045294	-5.289981887502791e-06
351.94765895700004	0.03560630192087601	-5.443998067510147e-06
353.15710108400003	0.03567345523040512	-5.599732028626087e-06
354.366543211	0.035740483943276995	-5.756474969490181e-06
355.575985338	0.03580738817896707	-5.9135287491017475e-06
356.785427465	0.03587416799960854	-6.070208663737722e-06
357.99486959200004	0.035940823408978397	-6.225846122333992e-06
359.20431171900003	0.03600735435164543	-6.379791198034032e-06
360.413753846	0.03607376071228366	-6.53141505206815e-06
361.623195973	0.03614004231515734	-6.6801122110878205e-06
362.8326381	0.03620619892378584	-6.825302691988027e-06
364.04208022700004	0.0362722302407854	-6.966433960164747e-06
365.25152235400003	0.036338135907906285	-7.102982717002133e-06
366.460964481	0.03640391550626104	-7.234456504690705e-06
367.670406608	0.03646956855675577	-7.360395124171342e-06
368.87984873500005	0.03653509452072666	-7.480371860881817e-06
370.08929086200004	0.036600492800788385	-7.5939945156190246e-06
371.29873298900003	0.03666576274190006	-7.700906236195214e-06
372.508175116	0.03673090363264615	-7.800786150615878e-06
373.717617243	0.03679591470674203	-7.893349802046054e-06
374.92705937000005	0.03686079514475909	-7.978349387269127e-06
376.13650149700004	0.03692554407607322	-8.055573798762475e-06
377.34594362400003	0.036990160581031835	-8.124848481953561e-06
378.555385751	0.03705464369333345	-8.186035106005967e-06
379.764827878	0.03711899240262364	-8.23903105851142e-06
380.97427000500005	0.03718320565728961	-8.283768770549761e-06
382.18371213200004	0.03724728236744985	-8.32021488292399e-06
383.393154259	0.03731122140813077	-8.348369260190154e-06
384.602596386	0.037375021622613296	-8.368263867870696e-06
385.812038513	0.03743868182593784	-8.379961516849836e-06
387.02148064000005	0.03750220080855593	-8.383554494511842e-06
388.23092276700004	0.03756557734010578	-8.379163090261869e-06
389.440364894	0.03762881017330049	-8.366934029319789e-06
390.649807021	0.037691898047905695	-8.347038825246493e-06
391.859249148	0.03775483969478976	-8.319672070895163e-06
393.06869127500005	0.0378176338400271	-8.285049673911771e-06
394.27813340200004	0.03788027920902801	-8.243407051462993e-06
395.487575529	0.03794277453068416	-8.19499729876664e-06
396.697017656	0.038005118541497615	-8.140089343352446e-06
397.906459783	0.0380673099896805	-8.078966095964419e-06
399.11590191000005	0.038129347639201276	-8.011922608193238e-06
400.32534403700004	0.038191230273753964	-7.93926425421149e-06
401.534786164	0.03825295670063819	-7.861304936221152e-06
402.744228291	0.0383145257545234	-7.778365335911345e-06
403.953670418	0.03837593630108472	-7.690771209948888e-06
405.16311254500005	0.03843718724048816	-7.598851745251784e-06
406.37255467200004	0.03849827751071722	-7.502937974046653e-06
407.581996799	0.03855920609071385	-7.403361264429497e-06
408.791438926	0.03861997200333651	-7.3004518822017094e-06
410.000881053	0.03868057431811038	-7.194537637660036e-06
411.21032318000005	0.03874101215376731	-7.085942613150479e-06
412.41976530700003	0.038801284680562285	-6.974985980165004e-06
413.629207434	0.03886139112236581	-6.861980907513373e-06
414.838649561	0.03892133075851836	-6.747233560104961e-06
416.04809168800006	0.03898110292545509	-6.631042186227438e-06
417.25753381500004	0.039040707018081856	-6.51369630171599e-06
418.46697594200003	0.03910014249092244	-6.395475961641105e-06
419.676418069	0.03915940885902192	-6.276651125421242e-06
420.885860196	0.03921850569861539	-6.157481106522787e-06
422.09530232300006	0.03927743264756513	-6.0382141082360494e-06
423.30474445000004	0.039336189405571556	-5.919086842331335e-06
424.51418657700003	0.03939477573416324	-5.800324227013493e-06
425.723628704	0.03945319145647398	-5.682139159986591e-06
426.933070831	0.03951143645681446	-5.5647323612219474e-06
428.14251295800005	0.0395695106800479	-5.448292286452907e-06
429.35195508500004	0.03962741413078061	-5.3329950995085845e-06
430.56139721200003	0.039685146872375864	-5.219004704074498e-06
431.770839339	0.03974270902580395	-5.1064728304745985e-06
432.980281466	0.039800100768337676	-4.995539169595498e-06
434.18972359300005	0.039857322332109785	-4.886331550451141e-06
435.39916572000004	0.03991437400253486	-4.7789661601030555e-06
436.60860784700003	0.03997125611661896	-4.673547796094057e-06
437.818049974	0.0400279690611601	-4.570170150007446e-06
439.027492101	0.04008451327085653	-4.4689161209634014e-06
440.23693422800005	0.04014088922633136	-4.369858147006943e-06
441.44637635500004	0.040197097452088486	-4.273058557813086e-06
442.65581848200003	0.04025313851440603	-4.178569944632622e-06
443.865260609	0.04030901301918456	-4.086435539571079e-06
445.074702736	0.04036472160975521	-3.996689603249187e-06
446.28414486300005	0.04042026496465847	-3.909357822091338e-06
447.49358699000004	0.04047564379540669	-3.824457707496309e-06
448.703029117	0.040530858844236815	-3.7419989949104993e-06
449.912471244	0.04058591088185965	-3.6619840452168073e-06
451.121913371	0.04064080070521803	-3.584408240871534e-06
452.33135549800005	0.04069552913525696	-3.5092603794460526e-06
453.54079762500004	0.04075009701472054	-3.436523061960127e-06
454.750239752	0.04080450520596905	-3.3661730737511396e-06
455.959681879	0.04085875458883225	-3.298181757873287e-06
457.169124006	0.04091284605850352	-3.2325153813143273e-06
458.37856613300005	0.040966780523474966	-3.169135490797262e-06
459.58800826000004	0.04102055890351897	-3.1079992604700076e-06
460.797450387	0.04107418212772324	-3.0490598280794014e-06
462.006892514	0.041127651132581634	-2.99226662290909e-06
463.216334641	0.041180966860137364	-2.9375656836714606e-06
464.42577676800005	0.04123413025619211	-2.8848999655820907e-06
465.63521889500004	0.04128714226857466	-2.8342096349120143e-06
466.844661022	0.04134000384547424	-2.785432358257831e-06
468.054103149	0.041392715933837296	-2.7385035781979175e-06
469.26354527600006	0.041445279477835106	-2.6933567812901708e-06
470.47298740300005	0.041497695417397076	-2.6499237543903236e-06
471.68242953000004	0.04154996468680914	-2.608134831616237e-06
472.891871657	0.04160208821338678	-2.5679191358156432e-06
474.101313784	0.041654066916211985	-2.5292048049134885e-06
475.31075591100006	0.041705901704941345	-2.4919192141758714e-06
476.52019803800005	0.04175759347868261	-2.455989185937549e-06
477.72964016500003	0.04180914312493973	-2.4213411941514056e-06
478.939082292	0.041860551518626096	-2.3879015582030126e-06
480.148524419	0.04191181952114264	-2.3555966278377186e-06
481.35796654600006	0.04196294797952808	-2.324352962620939e-06
482.56740867300005	0.04201393772566708	-2.294097499528883e-06
483.77685080000003	0.04206478957557178	-2.2647577150115166e-06
484.986292927	0.042115504328721416	-2.2362617765551246e-06
486.195735054	0.042166082767467014	-2.2085386901136338e-06
487.40517718100006	0.04221652565649679	-2.181518433562707e-06
488.61461930800004	0.04226683374236228	-2.1551320887855467e-06
489.82406143500003	0.04231700775306469	-2.1293119608025017e-06
491.033503562	0.04236704839769817	-2.1039916896774924e-06
492.242945689	0.04241695636614794	-2.079106358595753e-06
493.45238781600005	0.04246673232884551	-2.0545925878446486e-06
494.66182994300004	0.04251637693657575	-2.0303886261066483e-06
495.87127207000003	0.04256589082033704	-2.006434432512268e-06
497.080714197	0.042615274591248996	-1.9826717493506335e-06
498.290156324	0.04266452884051158	-1.9590441694019474e-06
499.49959845100005	0.042713654139407156	-1.935497196416524e-06
500.70904057800004	0.04276265103935191	-1.9119782946648937e-06
501.91848270500003	0.042811520071986534	-1.8884369374783077e-06
503.127924832	0.04286026174931071	-1.8648246421212324e-06
504.337366959	0.042908876563853886	-1.8410950040787985e-06
505.54680908600005	0.04295736498888702	-1.8172037198794887e-06
506.75625121300004	0.043005727478668716	-1.7931086086309984e-06
507.96569334000003	0.04305396446872336	-1.7687696231720664e-06
509.175135467	0.043102076376152806	-1.7441488580352185e-06
510.384577594	0.043150063599978014	-1.7192105506840593e-06
511.59401972100005	0.043197926521507835	-1.6939210794494686e-06
512.803461848	0.04324566550473378	-1.6682489545349105e-06
514.0129039750001	0.04329328089674963	-1.642164806553825e-06
515.2223461020001	0.04334077302819329	-1.6156413673746002e-06
516.4317882290001	0.04338814221370644	-1.5886534514898317e-06
517.641230356	0.04343538875241755	-1.5611779308232817e-06
518.850672483	0.04348251292843664	-1.5331937062019716e-06
520.06011461	0.043529515011368376	-1.5046816757028822e-06
521.269556737	0.04357639525683673	-1.4756247018759731e-06
522.478998864	0.04362315390702099	-1.446007574289704e-06
523.688440991	0.04366979119120239	-1.4158169697770018e-06
524.897883118	0.043716307326319516	-1.3850414124314339e-06
526.1073252450001	0.04376270251752824	-1.3536712292302811e-06
527.3167673720001	0.043808976958767044	-1.3216985045555721e-06
528.5262094990001	0.04385513083332917	-1.2891170333154776e-06
529.735651626	0.04390116431443347	-1.2559222740880173e-06
530.945093753	0.04394707756579674	-1.2221112982135544e-06
532.15453588	0.04399287074220873	-1.1876827407090298e-06
533.363978007	0.044038543990101146	-1.152636746593737e-06
534.573420134	0.04408409744811841	-1.116974918625641e-06
535.782862261	0.04412953124768053	-1.080700267186372e-06
536.9923043880001	0.044174845513545356	-1.04381715312898e-06
538.2017465150001	0.04422004036436101	-1.0063312339313518e-06
539.4111886420001	0.04426511591321639	-9.682494097781265e-07
540.6206307690001	0.04431007226817926	-9.295797677281951e-07
541.830072896	0.04435490953282957	-8.903315268436372e-07
543.039515023	0.044399627806783144	-8.505149806569345e-07
544.24895715	0.04444422718620545	-8.101414431755462e-07
545.458399277	0.044488707764314246	-7.692231911866806e-07
546.667841404	0.044533069631872306	-7.277734073730811e-07
547.877283531	0.04457731287767109	-6.858061261151035e-07
549.0867256580001	0.044621437588995075	-6.433361740899423e-07
550.2961677850001	0.044665443852083826	-6.003791170688578e-07
551.5056099120001	0.044709331752572766	-5.569512007082407e-07
552.715052039	0.04475310137592626	-5.13069294646829e-07
553.924494166	0.04479675280785439	-4.687508384505641e-07
555.133936293	0.04484028613471536	-4.2401378336700006e-07
556.34337842	0.044883701443907444	-3.7887653767466815e-07
557.552820547	0.04492699882424192	-3.3335791068221585e-07
558.762262674	0.044970178366302696	-2.8747705959610055e-07
559.971704801	0.045013240162795176	-2.4125343317058183e-07
561.1811469280001	0.04505618430887268	-1.9470671869274932e-07
562.3905890550001	0.045099010902453975	-1.4785678842187865e-07
563.6000311820001	0.04514172004452139	-1.007236486792861e-07
564.809473309	0.04518431183940649	-5.3327385838826884e-08
566.018915436	0.04522678639505657	-5.68811760262231e-09
567.228357563	0.045269143823289455	4.21740579870017e-08
568.43779969	0.04531138424002982	9.02391099265017e-08
569.647241817	0.04535350776552861	1.3848712294884973e-07
570.856683944	0.045395514524570434	1.8689834139562125e-07
572.066126071	0.045437404646663807	2.354532163946676e-07
573.2755681980001	0.04547917826621191	2.841324472359292e-07
574.4850103250001	0.045520835522673435	3.329170237835681e-07
575.6944524520001	0.04556237656070458	3.817882646894914e-07
576.903894579	0.04560380153028447	4.307278581011144e-07
578.113336706	0.04564511058682867	4.79717894886547e-07
579.322778833	0.045686303891283954	5.287409047043189e-07
580.53222096	0.04572738161021018	5.777798878129601e-07
581.741663087	0.045768343915847234	6.268183446952675e-07
582.951105214	0.04580919098616514	6.758403049549395e-07
584.160547341	0.045849923004903904	7.248303519320671e-07
585.3699894680001	0.045890540161594086	7.737736469529879e-07
586.5794315950001	0.04593104265156712	8.226559504311122e-07
587.7888737220001	0.045971430675952024	8.714636419655825e-07
588.998315849	0.04601170444165819	9.201837342560811e-07
590.207757976	0.0460518641613423	9.688038910186116e-07
591.417200103	0.046091910053368296	1.0173124361090762e-06
592.62664223	0.04613184234175278	1.0656983639941686e-06
593.836084357	0.04617166125609781	1.1139513491375997e-06
595.045526484	0.04621136703151322	1.1620617484956788e-06
596.2549686110001	0.04625095990852947	1.2100206058112148e-06
597.4644107380001	0.04629044013299804	1.257819651017943e-06
598.6738528650001	0.04632980795598401	1.305451300458121e-06
599.8832949920001	0.046369063633647	1.3529086520163025e-06
601.092737119	0.04640820742711632	1.4001854793386884e-06
602.302179246	0.04644723960235556	1.4472762241304412e-06
603.511621373	0.04648616043001804	1.4941759860563793e-06
604.7210635	0.04652497018530135	1.5408805123276774e-06
605.930505627	0.0465636691477869	1.5873861824592904e-06
607.139947754	0.04660225760127856	1.633689993019364e-06
608.3493898810001	0.046640735833633824	1.6797895413332334e-06
609.5588320080001	0.04667910413658957	1.7256830077417967e-06
610.7682741350001	0.04671736280558523	1.7713691323101264e-06
611.9777162620001	0.04675551213957855	1.8168471956107325e-06
613.187158389	0.046793552440860635	1.8621169949151117e-06
614.396600516	0.04683148401486522	1.9071788204621039e-06
615.606042643	0.04686930716997986	1.9520334286297587e-06
616.81548477	0.046907022217347875	1.9966820148410275e-06
618.024926897	0.04694462947067532	2.041126188828729e-06
619.234369024	0.046982129246034086	2.0853679423460934e-06
620.4438111510001	0.04701952186166345	2.1294096219366867e-06
621.6532532780001	0.047056807637771175	2.1732538975164563e-06
622.8626954050001	0.047093986896338494	2.2169037330132313e-06
624.072137532	0.04713105996092248	2.2603623537044105e-06
625.281579659	0.04716802715645777	2.303633214742233e-06
626.491021786	0.04720488880906215	2.346719968301429e-06
627.700463913	0.04724164524584566	2.389626432831995e-06
628.90990604	0.047278296794717053	2.432356559749336e-06
630.119348167	0.047314843784196946	2.4749143998128273e-06
631.328790294	0.047351286543230384	2.517304072916189e-06
632.5382324210001	0.04738762540100472	2.559529735198259e-06
633.7476745480001	0.04742386068677032	2.601595546752283e-06
634.9571166750001	0.04745999272966485	2.643505640418005e-06
636.166558802	0.04749602185853928	2.6852640918891705e-06
637.376000929	0.04753194840179208	2.7268748888180683e-06
638.585443056	0.047567772687205474	2.7683419021849954e-06
639.794885183	0.047603495041784315	2.8096688569511584e-06
641.00432731	0.04763911579160452	2.8508593066229886e-06
642.213769437	0.047674635261662025	2.8919166059880938e-06
643.4232115640001	0.04771005377572891	2.9328438871033704e-06
644.6326536910001	0.047745371656213696	2.9736440343605003e-06
645.8420958180001	0.04778058922403085	3.014319663895947e-06
647.0515379450001	0.047815706798469276	3.054873103482793e-06
648.260980072	0.047850724697072064	3.0953063729139075e-06
649.470422199	0.04788564323551993	3.135621168015956e-06
650.679864326	0.047920462727519875	3.175818845315711e-06
651.889306453	0.04795518348470211	3.215900408462178e-06
653.09874858	0.04798980581652044	3.255866498231765e-06
654.308190707	0.048024330030158706	3.2957173830854386e-06
655.5176328340001	0.04805875643044806	3.3354529526000454e-06
656.7270749610001	0.0480930853197831	3.3750727124591204e-06
657.9365170880001	0.04812731699805099	3.4145757820627185e-06
659.1459592150001	0.048161451762562806	3.453960894724659e-06
660.355401342	0.04819548990799022	3.493226399195465e-06
661.564843469	0.04822943172631328	3.532370265015492e-06
662.774285596	0.04826327750676911	3.5713900878185324e-06
663.983727723	0.04829702753581032	3.6102830997424165e-06
665.19316985	0.04833068209706654	3.6490461784770233e-06
666.402611977	0.04836424147131632	3.687675860986048e-06
667.6120541040001	0.04839770593645993	3.7261683600514433e-06
668.8214962310001	0.04843107576749891	3.7645195800978522e-06
670.0309383580001	0.04846435123652639	3.8027251364571265e-06
671.2403804850001	0.048497532612716845	3.840780376814335e-06
672.449822612	0.048530620162324005	3.878680404157323e-06
673.659264739	0.048563614148685416	3.916420099765542e-06
674.868706866	0.048596514832229154	3.9539941511823995e-06
676.078148993	0.048629322470487714	3.991397078398442e-06
677.28759112	0.04866203731811853	4.028623262950333e-06
678.497033247	0.0486946596269233	4.0656669763051635e-06
679.7064753740001	0.04872718964588038	4.1025224125805976e-06
680.9159175010001	0.04875962762117499	4.139183718403587e-06
682.1253596280001	0.048791973796234844	4.175645027029859e-06
683.3348017550001	0.048824228411772405	4.21190048821346e-06
684.544243882	0.048856391705830844	4.2479443043246485e-06
685.753686009	0.048888463913830164	4.2837707618847374e-06
686.963128136	0.04892044526861978	4.319374265979363e-06
688.172570263	0.0489523360005354	4.354749372267299e-06
689.38201239	0.0489841363374559	4.389890821749558e-06
690.5914545170001	0.04901584650486624	4.424793571259408e-06
691.8008966440001	0.049047466725921605	4.459452826793093e-06
693.0103387710001	0.049078997221513564	4.493864074033991e-06
694.2197808980001	0.04911043821033998	4.528023109866766e-06
695.429223025	0.049141789908977586	4.561926071146015e-06
696.638665152	0.0491730525319542	4.59556946039231e-06
697.848107279	0.04920422629182472	4.628950176615393e-06
699.057549406	0.049235311399248194	4.662065537870127e-06
700.266991533	0.04926630806306805	4.694913305919665e-06
701.47643366	0.049297216490390094	4.727491707857488e-06
702.6858757870001	0.04932803688666445	4.759799457785076e-06
703.8953179140001	0.04935876945576692	4.791835773606343e-06
705.1047600410001	0.0493894144000826	4.823600394544572e-06
706.3142021680001	0.04941997192058935	4.855093594465959e-06
707.523644295	0.04945044221694191	4.886316196365565e-06
708.733086422	0.04948082548755406	4.917269578918414e-06
709.942528549	0.049511121929684966	4.947955687793649e-06
711.151970676	0.049541331739521674	4.97837703909692e-06
712.361412803	0.04957145511226331	5.008536722690018e-06
713.57085493	0.04960149224220471	5.0384384046800276e-06
714.7802970570001	0.049631443322819005	5.068086323813702e-06
715.9897391840001	0.049661308546839554	5.097485289210433e-06
717.1991813110001	0.04969108810634105	5.126640672980677e-06
718.4086234380001	0.04972078219281853	5.155558402551962e-06
719.618065565	0.04975039099726737	5.184244949458514e-06
720.827507692	0.049779914710259714	5.212707316198711e-06
722.036949819	0.04980935352202009	5.240953020905521e-06
723.246391946	0.049838707622499964	5.268990080271279e-06
724.455834073	0.04986797720144959	5.296826990183663e-06
725.6652762	0.04989716244848734	5.3244727041569235e-06
726.8747183270001	0.049926263553169606	5.351936609355244e-06
728.0841604540001	0.049955280705052764	5.379228502106598e-06
729.2936025810001	0.0499842140937606	5.406358560753996e-06
730.5030447080001	0.05001306390904218	5.433337318265091e-06
731.712486835	0.05004183034083032	5.46017563072606e-06
732.921928962	0.050070513579297815	5.486884648595152e-06
734.131371089	0.05009911381490988	5.51347578231722e-06
735.340813216	0.05012763123847157	5.53996067126111e-06
736.550255343	0.05015606604117552	5.566351147563914e-06
737.7596974700001	0.050184418414645875	5.592659204321009e-06
738.9691395970001	0.05021268855097602	5.618896956847328e-06
740.1785817240001	0.05024087664276825	5.645076610044381e-06
741.3880238510001	0.0502689828831645	5.671210419953631e-06
742.5974659780001	0.05029700746587832	5.697310661434667e-06
743.806908105	0.05032495058522096	5.723389588147226e-06
745.016350232	0.05035281243612495	5.749459400673106e-06
746.225792359	0.050380593214163404	5.775532208334837e-06
747.435234486	0.05040829311556825	5.801619997089251e-06
748.644676613	0.050435912337242754	5.827734594139562e-06
749.8541187400001	0.050463451076770444	5.853887635914936e-06
751.0635608670001	0.05049090953242367	5.880090533800812e-06
752.2730029940001	0.050518287903167126	5.906354446079687e-06
753.4824451210001	0.050545586388657415	5.932690246221783e-06
754.6918872480001	0.05057280518924024	5.959108494403236e-06
755.901329375	0.05059994450594602	5.985619409067863e-06
757.110771502	0.05062700454048125	6.012232844882977e-06
758.320213629	0.05065398549521661	6.038958265355008e-06
759.529655756	0.05068088757317312	6.06580472096559e-06
760.739097883	0.050707710978006665	6.092780829508003e-06
761.9485400100001	0.050734455913988445	6.119894755436191e-06
763.1579821370001	0.05076112258598315	6.147154193174848e-06
764.3674242640001	0.050787711199428306	6.174566352268116e-06
765.5768663910001	0.05081422196030565	6.202137942524604e-06
766.786308518	0.05084065507511569	6.229875162372801e-06
767.995750645	0.05086701075084961	6.257783689298489e-06
769.205192772	0.050893289194957496	6.285868670598052e-06
770.414634899	0.05091949061531675	6.314134717988285e-06
771.624077026	0.050945615220199754	6.3425859017027075e-06
772.833519153	0.05097166321823827	6.371225748682621e-06
774.0429612800001	0.05099763481839047	6.400057239013733e-06
775.2524034070001	0.05102353022990188	6.429082809116073e-06
776.4618455340001	0.05104934966227194	6.458304351905117e-06
777.6712876610001	0.05107509332521467	6.487723218893591e-06
778.880729788	0.0511007614286211	6.517340227656306e-06
780.090171915	0.05112635418252476	6.547155664998626e-06
781.299614042	0.05115187179705881	6.5771692961608676e-06
782.509056169	0.0511773144824222	6.607380373253809e-06
783.718498296	0.05120268244884116	6.637787644330308e-06
784.9279404230001	0.051227975906530235	6.668389364009381e-06
786.1373825500001	0.0512531950656575	6.69918330584975e-06
787.3468246770001	0.051278340136307665	6.7301667729209075e-06
788.5562668040001	0.0513034113284461	6.7613366128122066e-06
789.7657089310001	0.05132840885188341	6.792689232659321e-06
790.975151058	0.051353332916242125	6.824220610998674e-06
792.184593185	0.05137818373092283	6.855926313980155e-06
793.394035312	0.05140296150507151	6.8878015104316125e-06
794.603477439	0.0514276664475503	6.919840990492051e-06
795.812919566	0.051452298766905956	6.952039177142517e-06
797.0223616930001	0.05147685867134032	6.98439014666982e-06
798.2318038200001	0.051501346368684975	7.016887643783066e-06
799.4412459470001	0.0515257620663731	7.049525097562011e-06
800.6506880740001	0.051550105971414364	7.0822956392362e-06
801.8601302010001	0.05157437829037364	7.11519211829796e-06
803.069572328	0.051598579229346554	7.1482071192451454e-06
804.279014455	0.05162270899393993	7.181332978805822e-06
805.488456582	0.05164676778925164	7.214561801056924e-06
806.697898709	0.051670755819855	7.247885473507525e-06
807.907340836	0.05169467328977963	7.2812956848622305e-06
809.1167829630001	0.05171852040249832	7.314783937011379e-06
810.3262250900001	0.05174229736091369	7.34834156310861e-06
811.5356672170001	0.05176600436734613	7.381959742306425e-06
812.7451093440001	0.0517896416235235	7.415629512046475e-06
813.9545514710001	0.05181320933057174	7.449341784065026e-06
815.163993598	0.05183670768900835	7.483087357603156e-06
816.373435725	0.051860136898734394	7.516856931303944e-06
817.582877852	0.05188349715903189	7.5506411172632826e-06
818.792319979	0.05190678866855892	7.5844304528924175e-06
820.001762106	0.05193001162534877	7.6182154109998165e-06
821.2112042330001	0.051953166226807936	7.651986414775225e-06
822.4206463600001	0.051976252669716	7.685733844158231e-06
823.6300884870001	0.05199927115022841	7.719448049226955e-06
824.8395306140001	0.05202222186387817	7.75311935791935e-06
826.0489727410001	0.05204510500557997	7.78673808503739e-06
827.258414868	0.052067920769633486	7.820294543374679e-06
828.467856995	0.0520906693497323	7.85377904838006e-06
829.677299122	0.05211335093896493	7.887181929141446e-06
830.886741249	0.052135965729826754	7.920493532443793e-06
832.0961833760001	0.05215851391422712	7.953704230484982e-06
833.3056255030001	0.05218099568349592	7.986804427168167e-06
834.5150676300001	0.05220341122839452	8.019784564070131e-06
835.7245097570001	0.052225760739126346	8.05263512372362e-06
836.9339518840001	0.052248044405345265	8.085346635298559e-06
838.143394011	0.05227026241616699	8.117909679741074e-06
839.352836138	0.05229241496018171	8.15031489082544e-06
840.562278265	0.05231450222546286	8.182552959901415e-06
841.771720392	0.05233652439958033	8.214614637010124e-06
842.981162519	0.052358481669612975	8.246490734479518e-06
844.1906046460001	0.05238037422215762	8.27817212802379e-06
845.4000467730001	0.05240220224334438	8.309649756643686e-06
846.6094889000001	0.052423965918845135	8.340914624674506e-06
847.8189310270001	0.05244566543388696	8.371957802091505e-06
849.0283731540001	0.05246730097326304	8.402770422351454e-06
850.237815281	0.05248887272134342	8.433343684129669e-06
851.447257408	0.05251038086208578	8.463668848155368e-06
852.656699535	0.0525318255790461	8.493737237034096e-06
853.866141662	0.05255320705538849	8.523540232040551e-06
855.075583789	0.05257452547389492	8.553069271223376e-06
856.2850259160001	0.05259578101697382	8.582315846410122e-06
857.4944680430001	0.05261697386666792	8.611271499664599e-06
858.7039101700001	0.05263810420466197	8.639927819878959e-06
859.9133522970001	0.05265917221229005	8.668276437848594e-06
861.1227944240001	0.05268017807054123	8.696309021617754e-06
862.332236551	0.0527011219600647	8.724017272521006e-06
863.541678678	0.05272200406117555	8.751392918071277e-06
864.751120805	0.052742824553856225	8.778427707053728e-06
865.960562932	0.052763583617762545	8.805113401169637e-06
867.170005059	0.05278428143222222	8.831441770528937e-06
868.3794471860001	0.05280491817623796	8.857404583457365e-06
869.5888893130001	0.05282549402848657	8.882993599968326e-06
870.7983314400001	0.05284600916731812	8.908200562112222e-06
872.0077735670001	0.05286646377075463	8.933017185385438e-06
873.2172156940001	0.052886858016487376	8.957435147395031e-06
874.426657821	0.05290719208187103	8.981446077980551e-06
875.636099948	0.05292746614392092	9.005041548543976e-06
876.845542075	0.05294768037930749	9.028213055848037e-06
878.054984202	0.052967834964347725	9.050952014007764e-06
879.2644263290001	0.05298793007499713	9.073249736755509e-06
880.4738684560001	0.05300796588684327	9.095097420646232e-06
881.6833105830001	0.053027942575093974	9.11648613313411e-06
882.8927527100001	0.053047860314565765	9.137406791153143e-06
884.1021948370001	0.05306771927967253	9.157850142120916e-06
885.3116369640001	0.05308751964441232	9.177806745575e-06
886.521079091	0.053107261582351635	9.197266947150639e-06
887.730521218	0.05312694526660896	9.21622085709687e-06
888.939963345	0.053146570869838504	9.234658324020104e-06
890.149405472	0.05316613856420924	9.252568905843535e-06
891.3588475990001	0.053185648521383154	9.269941840802283e-06
892.5682897260001	0.05320510091249253	9.286766013794144e-06
893.7777318530001	0.05322449590811367	9.303029922902134e-06
894.9871739800001	0.05324383367823727	9.318721643637677e-06
896.1966161070001	0.053263114392238436	9.33382878607411e-06
897.406058234	0.05328233821884076	9.34833845863337e-06
898.615500361	0.053301505326079295	9.362237222317739e-06
899.824942488	0.05332061588125863	9.375511046615264e-06
901.034384615	0.05333967005090615	9.388145263492594e-06
902.243826742	0.05335866800072761	9.400124522994258e-06
903.4532688690001	0.053377609895550474	9.411432746739176e-06
904.6627109960001	0.05339649589927275	9.4220530843845e-06
905.8721531230001	0.05341532617480189	9.431967873644498e-06
907.0815952500001	0.053434100883997866	9.44115860189798e-06
908.2910373770001	0.05345282018760819	9.449605880091482e-06
909.500479504	0.05347148424520965	9.457289420058338e-06
910.709921631	0.05349009321514668	9.464188025344153e-06
911.919363758	0.05350864725447233	9.470279596272764e-06
913.128805885	0.05352714651889672	9.475541147899637e-06
914.338248012	0.053545591162737716	9.479948848054044e-06
915.5476901390001	0.053563981338881565	9.483478073625145e-06
916.7571322660001	0.05358231719875506	9.486103484980825e-06
917.9665743930001	0.0536005988923038	9.487799123513833e-06
919.1760165200001	0.05361882656798686	9.488538523207936e-06
920.3854586470001	0.05363700037277996	9.488294841920836e-06
921.594900774	0.05365512045219219	9.487041007781886e-06
922.804342901	0.05367318695028717	9.48474987519152e-06
924.013785028	0.05369120000972062	9.481394395759462e-06
925.223227155	0.05370915977176895	9.476947797635542e-06
926.432669282	0.05372706637636974	9.471383776430682e-06
927.6421114090001	0.053744919962154476	9.464676692089444e-06
928.8515535360001	0.0537627206664834	9.456801787522513e-06
930.0609956630001	0.05378046862546429	9.44773540967575e-06
931.2704377900001	0.053798163973975494	9.437455254934712e-06
932.4798799170001	0.05381580684567478	9.425940626098135e-06
933.689322044	0.05383339737300497	9.413172701621609e-06
934.898764171	0.053850935687191015	9.399134822637022e-06
936.108206298	0.0538684219182324	9.3838127841437e-06
937.317648425	0.05388585619489108	9.367195133143625e-06
938.5270905520001	0.053903238644676894	9.349273465528103e-06
939.7365326790001	0.05392056939383132	9.330042716424758e-06
940.9459748060001	0.05393784856730849	9.309501438996711e-06
942.1554169330001	0.053955076288758556	9.287652061507597e-06
943.3648590600001	0.053972252680513776	9.264501127279216e-06
944.5743011870001	0.05398937786357786	9.240059496477609e-06
945.783743314	0.054006451957618315	9.214342521623706e-06
946.993185441	0.054023475080967734	9.187370181460996e-06
948.202627568	0.05404044735063056	9.159167176640746e-06
949.412069695	0.05405736888229972	9.129762978926709e-06
950.6215118220001	0.05407423979038396	9.099191839685295e-06
951.8309539490001	0.054091060188044424	9.067492748129373e-06
953.0403960760001	0.0541078301872408	9.034709348365135e-06
954.2498382030001	0.054124549898792444	9.00088980518682e-06
955.4592803300001	0.05414121943244613	8.966086628570652e-06
956.6687224570001	0.05415783889695901	8.930356455678103e-06
957.878164584	0.054174408400188154	8.893759788289583e-06
959.087606711	0.054190928049189284	8.856360696595455e-06
960.297048838	0.05420739795032453	8.818226485285129e-06
961.506490965	0.05422381820937535	8.779427329264263e-06
962.7159330920001	0.054240188931660605	8.740035882822456e-06
963.9253752190001	0.05425651022215625	8.700126863717424e-06
965.1348173460001	0.054272782185617846	8.659776622879109e-06
966.3442594730001	0.054289004926700614	8.619062698290328e-06
967.5537016000001	0.05430517855007735	8.578063361359238e-06
968.763143727	0.0543213031605555	8.536857160079771e-06
969.972585854	0.054337378863184016	8.495522463777939e-06
971.182027981	0.054353405763358835	8.454137015792713e-06
972.391470108	0.054369383966919246	8.412777495778442e-06
973.600912235	0.054385313580237585	8.371519100574322e-06
974.8103543620001	0.05440119471029926	8.330435146210663e-06
976.0197964890001	0.05441702746478035	8.289596691495354e-06
977.2292386160001	0.05443281195211212	8.249072192940596e-06
978.4386807430001	0.054448548281544044	8.208927189383457e-06
979.6481228700001	0.05446423656319626	8.16922402348762e-06
980.857564997	0.05447987690811396	8.130021597416398e-06
982.067007124	0.05449546942831162	8.091375167446962e-06
983.276449251	0.05451101423681739	8.053336179089931e-06
984.485891378	0.054526511447720936	8.01595214035706e-06
985.6953335050001	0.05454196117621646	7.979266535755348e-06
986.9047756320001	0.05455736353864587	7.94331878107206e-06
988.1142177590001	0.05457271865255159	7.908144214740442e-06
989.3236598860001	0.05458802663672606	7.87377412625129e-06
990.5331020130001	0.05460328761127029	7.840235820388668e-06
991.7425441400001	0.05461850169765372	7.807552711525797e-06
992.951986267	0.054633669018780744	7.775744450670674e-06
994.161428394	0.05464878969906158	7.744827075060593e-06
995.370870521	0.054663863864489105	7.714813184672452e-06
996.580312648	0.05467889164271381	7.685712134914005e-06
997.7897547750001	0.05469387316313037	7.657530245498068e-06
998.9991969020001	0.054708808556956465	7.63027102360324e-06
1000.2086390290001	0.054723697957319746	7.603935392080805e-06
1001.4180811560001	0.05473854149933719	7.5785219249346e-06
1002.6275232830001	0.054753339320195354	7.5540270794928255e-06
1003.8369654100001	0.054768091559220786	7.530445433011942e-06
1005.046407537	0.05478279835794544	7.507769905658004e-06
1006.255849664	0.05479745986016641	7.4859919806280784e-06
1007.465291791	0.054812076211986055	7.46510191061399e-06
1008.674733918	0.05482664756184366	7.445088912694905e-06
1009.8841760450001	0.054841174060532946	7.425941345423761e-06
1011.0936181720001	0.054855655861197936	7.407646870229782e-06
1012.3030602990001	0.054870093119314976	7.390192595679584e-06
1013.5125024260001	0.05488448599265107	7.373565202633774e-06
1014.7219445530001	0.05489883464120478	7.357751047910154e-06
1015.9313866800001	0.05491313922712293	7.342736252850077e-06
1017.140828807	0.05492739991459735	7.328506770727503e-06
1018.350270934	0.05494161686973981	7.315048434056641e-06
1019.559713061	0.05495579026043311	7.302346987727385e-06
1020.769155188	0.054969920256165726	7.2903881042131835e-06
1021.9785973150001	0.054984007027843236	7.27915738579925e-06
1023.1880394420001	0.05499805074758128	7.268640351301317e-06
1024.397481569	0.05501205158848367	7.258822411678494e-06
1025.606923696	0.055026009724402906	7.249688837625737e-06
1026.816365823	0.05503992532968968	7.2412247182243505e-06
1028.0258079500002	0.05505379857893065	7.233414914475196e-06
1029.235250077	0.05506762964667951	7.226244008538127e-06
1030.4446922040001	0.055081418707179176	7.219696250905599e-06
1031.654134331	0.05509516593408192	7.213755509027784e-06
1032.8635764580001	0.05510887150017228	7.208405213799833e-06
1034.073018585	0.05512253557708998	7.203628315737151e-06
1035.282460712	0.05513615833505686	7.199407238717149e-06
1036.491902839	0.05514973994261306	7.1957238462991e-06
1037.701344966	0.05516328056636241	7.192559410229338e-06
1038.9107870930002	0.05517678037073175	7.189894590428488e-06
1040.12022922	0.05519023951774382	7.187709421011854e-06
1041.3296713470002	0.05520365816680645	7.185983309657439e-06
1042.539113474	0.05521703647452232	7.184695042320763e-06
1043.7485556010001	0.05523037459451461	7.183822802233701e-06
1044.957997728	0.055243672677279324	7.1833441947887955e-06
1046.167439855	0.055256930870053574	7.18323628524853e-06
1047.376881982	0.055270149316711877	7.18347564420591e-06
1048.586324109	0.055283328157684636	7.184038404131593e-06
1049.795766236	0.055296467529897315	7.184900321130082e-06
1051.005208363	0.05530956756673711	7.186036844233128e-06
1052.2146504900002	0.05532262839804154	7.187423195470107e-06
1053.424092617	0.05533565015010511	7.189034450942851e-06
1054.6335347440001	0.05534863294571553	7.190845628532115e-06
1055.842976871	0.055361576904206324	7.192831779285956e-06
1057.0524189980001	0.05537448214152941	7.194968081481609e-06
1058.261861125	0.05538734877034519	7.197229934480367e-06
1059.471303252	0.055400176900131035	7.199593053687372e-06
1060.680745379	0.05541296663730632	7.202033567051215e-06
1061.890187506	0.05542571808536862	7.204528105173226e-06
1063.0996296330002	0.055438431345041755	7.2070538925886625e-06
1064.30907176	0.055451106514435994	7.2095888351286506e-06
1065.5185138870002	0.05546374368921603	7.21211159737319e-06
1066.727956014	0.05547634296277329	7.214601684037902e-06
1067.9373981410001	0.055488904426406575	7.217039505883138e-06
1069.146840268	0.05550142816950359	7.219406446249305e-06
1070.356282395	0.05551391427972512	7.221684914745487e-06
1071.565724522	0.05552636284318546	7.223858399645453e-06
1072.775166649	0.055538773944639755	7.225911506294805e-06
1073.9846087760002	0.05555114766765813	7.227829990223178e-06
1075.194050903	0.05556348409480107	7.2296007845840306e-06
1076.4034930300002	0.055575783307790436	7.231212013714909e-06
1077.612935157	0.05558804538767061	7.232653003628823e-06
1078.8223772840001	0.05560027041496524	7.2339142831683e-06
1080.031819411	0.05561245846982331	7.234987575909815e-06
1081.2412615380001	0.0556246096321588	7.2358657880467575e-06
1082.450703665	0.05563672398177798	7.236542983947293e-06
1083.660145792	0.055648801598503765	7.237014361696068e-06
1084.869587919	0.05566084256227992	7.237276216960795e-06
1086.079030046	0.05567284695327539	7.23732590417809e-06
1087.2884721730002	0.05568481485197285	7.237161792829787e-06
1088.4979143	0.0556967463392468	7.23678321861759e-06
1089.7073564270001	0.05570864149643724	7.236190429026684e-06
1090.916798554	0.055720500405405375	7.235384530343704e-06
1092.1262406810001	0.05573232314859093	7.234367427524403e-06
1093.335682808	0.055744109809049265	7.233141762726148e-06
1094.545124935	0.05575586047048745	7.231710855641961e-06
1095.754567062	0.0557675752172914	7.2300786412770776e-06
1096.964009189	0.055779254134542294	7.22824960351491e-06
1098.1734513160002	0.055790897308030094	7.22622871712971e-06
1099.382893443	0.055802504824258414	7.224021382120363e-06
1100.5923355700002	0.05581407677044381	7.2216333660097025e-06
1101.801777697	0.05582561323451205	7.219070743697721e-06
1103.0112198240001	0.055837114305085346	7.216339840469007e-06
1104.220661951	0.05584858007147208	7.213447177034422e-06
1105.430104078	0.05586001062364708	7.210399419214028e-06
1106.639546205	0.055871406052231086	7.207203327859438e-06
1107.848988332	0.05588276644847073	7.203865713915786e-06
1109.058430459	0.05589409190421097	7.2003933942608464e-06
1110.267872586	0.05590538251187143	7.196793155644458e-06
1111.4773147130002	0.05591663836441593	7.193071715383862e-06
1112.68675684	0.05592785955532809	7.189235691498953e-06
1113.8961989670001	0.05593904617858214	7.18529157363088e-06
1115.105641094	0.05595019832861262	7.181245697115724e-06
1116.3150832210001	0.055961316100287074	7.177104223931251e-06
1117.524525348	0.055972399588878785	7.172873119647889e-06
1118.733967475	0.05598344889003712	7.16855814139397e-06
1119.943409602	0.05599446409976161	7.164164825371372e-06
1121.152851729	0.05600544531437548	7.1596984765271825e-06
1122.3622938560002	0.05601639263050082	7.155164160391301e-06
1123.571735983	0.05602730614503355	7.150566702485956e-06
1124.7811781100002	0.05603818595511979	7.145910683431289e-06
1125.990620237	0.05604903215813072	7.141200439799761e-06
1127.2000623640001	0.056059844851643316	7.1364400655458585e-06
1128.409504491	0.056070624133420094	7.131633416745768e-06
1129.618946618	0.05608137010138424	7.126784115049597e-06
1130.828388745	0.05609208285360212	7.1218955559947636e-06
1132.037830872	0.056102762488267115	7.116970914238909e-06
1133.2472729990002	0.05611340910367701	7.112013151983449e-06
1134.456715126	0.056124022798217515	7.1070250290250094e-06
1135.6661572530002	0.05613460367034559	7.10200911142978e-06
1136.87559938	0.05614515181857128	7.096967780447151e-06
1138.0850415070001	0.05615566734144095	7.0919032433710265e-06
1139.294483634	0.056166150337522175	7.086817543453151e-06
1140.5039257610001	0.056176600905383386	7.081712568386437e-06
1141.713367888	0.05618701914358307	7.076590061910574e-06
1142.922810015	0.056197405150648826	7.0714516314061e-06
1144.132252142	0.05620775902506358	7.066298757987709e-06
1145.341694269	0.056218080865250694	7.061132806484115e-06
1146.5511363960002	0.05622837076955262	7.055955031763586e-06
1147.760578523	0.05623862883622177	7.0507665882222325e-06
1148.9700206500002	0.05624885516339947	7.04556853652162e-06
1150.179462777	0.05625904984910028	7.040361851086285e-06
1151.3889049040001	0.05626921299119816	7.035147425097988e-06
1152.598347031	0.056279344687408896	7.029926078364303e-06
1153.807789158	0.05628944503527361	7.024698561966876e-06
1155.017231285	0.05629951413214289	7.019465563133668e-06
1156.226673412	0.056309552075161716	7.014227709932974e-06
1157.4361155390002	0.05631955896125244	7.008985575509573e-06
1158.645557666	0.05632953488710228	7.003739681145118e-06
1159.8549997930002	0.05633947994914418	6.9984905002811995e-06
1161.06444192	0.05634939424354408	6.993238461061112e-06
1162.2738840470001	0.05635927786618644	6.987983948667132e-06
1163.483326174	0.05636913091265862	6.98272730817124e-06
1164.6927683010001	0.05637895347823959	6.977468846124137e-06
1165.902210428	0.05638874565788301	6.9722088323025125e-06
1167.111652555	0.056398507546207434	6.966947501195189e-06
1168.321094682	0.05640823923748388	6.96168505514715e-06
1169.530536809	0.0564179408256219	6.956421661640705e-06
1170.7399789360002	0.05642761240416156	6.951157458409152e-06
1171.949421063	0.0564372540662603	6.945892551627279e-06
1173.1588631900001	0.05644686590468456	6.940627018859147e-06
1174.368305317	0.05645644801180182	6.935360907528523e-06
1175.5777474440001	0.05646600047957101	6.930094237593929e-06
1176.787189571	0.056475523399532955	6.924827000974746e-06
1177.996631698	0.056485016862807644	6.919559162618842e-06
1179.206073825	0.05649448096008514	6.91429066095138e-06
1180.415515952	0.056503915781620916	6.909021408251817e-06
1181.6249580790002	0.05651332141723111	6.903751291695322e-06
1182.834400206	0.05652269795628843	6.8984801731667055e-06
1184.0438423330002	0.056532045487717814	6.893207890307291e-06
1185.25328446	0.056541364099995994	6.887934255714795e-06
1186.4627265870001	0.05655065388114762	6.882659058773011e-06
1187.672168714	0.05655991491874383	6.877382066431252e-06
1188.881610841	0.05656914729990484	6.8721030220619e-06
1190.091052968	0.05657835111129325	6.866821648783694e-06
1191.300495095	0.0565875264391206	6.861537645542419e-06
1192.5099372220002	0.056596673369146214	6.8562506925841065e-06
1193.719379349	0.05660579198667874	6.8509604483467234e-06
1194.9288214760002	0.05661488237657666	6.845666552919327e-06
1196.138263603	0.05662394462325462	6.840368626291416e-06
1197.3477057300001	0.056632978810683375	6.835066270381642e-06
1198.557147857	0.05664198502239492	6.829759068644442e-06
1199.7665899840001	0.05665096334148501	6.824446590370284e-06
1200.976032111	0.05665991385062053	6.819128386354389e-06
1202.185474238	0.056668836632039685	6.813803994636225e-06
1203.394916365	0.05667773176756091	6.808472937851215e-06
1204.604358492	0.05668659933858801	6.803134727251062e-06
1205.8138006190002	0.05669543942611502	6.797788860435647e-06
1207.023242746	0.05670425211073124	6.792434826705155e-06
1208.2326848730002	0.05671303747263052	6.78707210627386e-06
1209.442127	0.056721795591615505	6.781700170398645e-06
