0.0	0.0	0.0
1.209442127	0.00021829766900184852	-6.446511770694285e-08
2.418884254	0.0008714347968963343	-6.409448010817793e-08
3.6283263810000004	0.0019531820657564024	-6.389083433473271e-08
4.837768508	0.0034535754323015214	-6.390141769311716e-08
6.047210635000001	0.005358951927723267	-6.41829902865046e-08
7.256652762000001	0.007652138836712084	-6.479624982944625e-08
8.466094889	0.010312679210459155	-6.574465019063211e-08
9.675537016	0.013317091174593832	-6.700525681101816e-08
10.884979143	0.01663915774432291	-6.851667653580367e-08
12.094421270000002	0.020250243047153414	-7.035629398539004e-08
13.303863397	0.024119629951921448	-7.266400572818636e-08
14.513305524000002	0.028214874278567243	-7.541499759964851e-08
15.722747651	0.03250217089632239	-7.858637695693138e-08
16.932189778	0.036946726418009945	-8.219324093884926e-08
18.141631905	0.04151313338751659	-8.618889260299222e-08
19.351074032	0.046165740744668365	-9.054232451652177e-08
20.560516159000002	0.050869016082466696	-9.524624086947034e-08
21.769958286	0.055587895289923014	-1.0029642515351966e-07
22.979400413	0.06028811553693154	-1.056509393585907e-07
24.188842540000003	0.06493652791091283	-1.1126430456054793e-07
25.398284667000002	0.06950138651656544	-1.1713419362382866e-07
26.607726794	0.07395261134188748	-1.2330582196558613e-07
27.817168921	0.07826202265849902	-1.2986442365643185e-07
29.026611048000003	0.08240354523273306	-1.369276878278252e-07
30.236053175000002	0.08635338117464189	-1.4463583305541464e-07
31.445495302	0.09009015075992798	-1.531419776893371e-07
32.654937429	0.09359500101891008	-1.6260570653929565e-07
33.864379556	0.09685168233018485	-1.7318652694249782e-07
35.073821683000006	0.09984659367914732	-1.850234678696725e-07
36.28326381	0.10256879764809429	-1.981962799346727e-07
37.492705937000004	0.10501000657451466	-2.1267838973712084e-07
38.702148064	0.10716454161179634	-2.2828770620358009e-07
39.911590191	0.10902926669138038	-2.4468385448981527e-07
41.121032318000005	0.11060349958002162	-2.614343014173082e-07
42.330474445	0.11188890241427821	-2.7804818481229984e-07
43.539916572	0.11288935416536526	-2.938985335094461e-07
44.749358699000005	0.11361080755038244	-3.081272999994245e-07
45.958800826	0.11406113299097334	-3.197039167272353e-07
47.168242953000004	0.11424995230174835	-3.2754357050818966e-07
48.377685080000006	0.11418846469967342	-3.3055392484415843e-07
49.587127207	0.11388926754441193	-3.2767096184936077e-07
50.796569334000004	0.11336617414067907	-3.179821990427424e-07
52.00601146100001	0.11263403089695127	-3.00994752719752e-07
53.215453588	0.11170853616635916	-2.770263001162023e-07
54.424895715000005	0.11060606303266363	-2.474693318508529e-07
55.634337842	0.1093434875021963	-2.145065647334917e-07
56.843779969	0.1079380226610945	-1.8029724008297184e-07
58.053222096000006	0.10640706000924939	-1.4627046718003677e-07
59.262664223	0.10476801983745992	-1.12953119404647e-07
60.472106350000004	0.10303821181700278	-8.017202217759671e-08
61.68154847700001	0.10123470633242677	-4.7306343347516456e-08
62.890990604	0.09937421697199127	-1.3463377101436453e-08
64.100432731	0.09747299451531878	2.239324528871654e-08
65.309874858	0.09554673259996313	6.131488872092987e-08
66.519316985	0.09361048507749667	1.0422130099220624e-07
67.728759112	0.09167859491689387	1.517468946479861e-07
68.93820123900001	0.08976463438160798	2.0410814003352278e-07
70.14764336600001	0.08788135609585565	2.6102725349529367e-07
71.357085493	0.08604065452235757	3.217441205748834e-07
72.56652762	0.08425353729410531	3.8513596074247237e-07
73.775969747	0.08253010577338575	4.499453933696476e-07
74.98541187400001	0.08087954415296068	5.150964529383871e-07
76.19485400100001	0.07931011637245022	5.800576412697054e-07
77.404296128	0.07782917010521816	6.451931493383414e-07
78.613738255	0.07644314708162021	7.120321356148755e-07
79.823180382	0.07515759904839496	7.833896415608072e-07
81.032622509	0.07397720870626893	8.632996407172952e-07
82.24206463600001	0.07290581500083369	9.567683162382443e-07
83.45150676300001	0.07194644215756177	1.0694060530913272e-06
84.66094889	0.07110133185737692	1.207025685722304e-06
85.870391017	0.07037197795891832	1.3752896569216019e-06
87.079833144	0.06975916319879079	1.5794568337468305e-06
88.28927527100001	0.06926299734450515	1.8242401305093414e-06
89.49871739800001	0.06888295633198024	2.113756840219045e-06
90.708159525	0.06861792198147344	2.451542035247555e-06
91.917601652	0.06846622194485075	2.840597628430698e-06
93.127043779	0.0684256695893837	3.2834574774921293e-06
94.33648590600001	0.06849360356921202	3.782255330231068e-06
95.54592803300001	0.0686669268771503	4.338784761128019e-06
96.75537016000001	0.06894214520823076	4.954539234498014e-06
97.964812287	0.0693154045025188	5.6307183281344645e-06
99.174254414	0.06978252756739646	6.368186357783254e-06
100.383696541	0.07033904970668453	7.167374387549517e-06
101.59313866800001	0.07098025330392684	8.028126765503012e-06
102.80258079500001	0.071701201320402	8.949507694229092e-06
104.01202292200001	0.07249676967822276	9.929600122256782e-06
105.221465049	0.07336167851003011	1.0965343915556075e-05
106.430907176	0.07429052227363932	1.2052464501753654e-05
107.64034930300001	0.07527779875367815	1.3185527415323993e-05
108.84979143000001	0.07631793699617576	1.4358115074058206e-05
110.05923355700001	0.0774053242323487	1.5563072032524985e-05
111.268675684	0.07853433183204231	1.6792733133417748e-05
112.478117811	0.0796993402871751	1.8039067066659756e-05
113.687559938	0.08089476318500359	1.9293749544785986e-05
114.89700206500001	0.08211507013344177	2.0548298717480656e-05
116.10644419200001	0.08335480867387039	2.179444818345745e-05
117.31588631900001	0.08460862527451607	2.3024719074168643e-05
118.525328446	0.08587128534638347	2.4232767503064942e-05
119.734770573	0.0871376919672601	2.5413124197035874e-05
120.94421270000001	0.0884029031099313	2.6560566043924836e-05
122.15365482700001	0.08966214756035902	2.766966987696294e-05
123.36309695400001	0.09091083978226709	2.873474761730389e-05
124.572539081	0.092144593759336	2.9750015936498514e-05
125.781981208	0.09335923570650348	3.070982666570141e-05
126.99142333500001	0.09455081554921559	3.160887506267386e-05
128.200865462	0.09571561711333162	3.244236278658267e-05
129.410307589	0.09685016699544874	3.320611421084804e-05
130.619749716	0.09795124209395129	3.3896650936352545e-05
131.82919184300002	0.0990158757849359	3.4511230529826235e-05
133.03863397	0.10004136273004863	3.504785444303263e-05
134.24807609700002	0.1010252623080441	3.550524791990233e-05
135.457518224	0.10196540067028662	3.588281317063257e-05
136.666960351	0.10285987143303471	3.618055811136217e-05
137.87640247800002	0.10370703503432958	3.6399007602885174e-05
139.085844605	0.10450551679608452	3.6539110898527805e-05
140.29528673200002	0.10525420373779158	3.6602163998322226e-05
141.504728859	0.10595224018602951	3.6589764474499924e-05
142.714170986	0.10659902221811526	3.650380720123999e-05
143.92361311300002	0.10719419097593363	3.6346514712140545e-05
145.13305524	0.10773762489212135	3.612048171944396e-05
146.34249736700002	0.10822943088471397	3.5828706768608695e-05
147.551939494	0.10866993459309808	3.547458894558785e-05
148.761381621	0.10905966974162795	3.506188110417848e-05
149.97082374800002	0.10939936672491428	3.459460533062081e-05
151.180265875	0.10968994051183062	3.4076944711830164e-05
152.38970800200002	0.10993247796652322	3.3513126683757664e-05
153.599150129	0.11012822468618721	3.2907310502480385e-05
154.808592256	0.11027857145714325	3.226348802553615e-05
156.018034383	0.1103850404321886	3.158540486669042e-05
157.22747651	0.1104492711328934	3.087650772280452e-05
158.43691863700002	0.11047300638006127	3.0139922206963234e-05
159.646360764	0.11045807825380155	2.9378462994689614e-05
160.85580289100002	0.11040639418107549	2.859467426483797e-05
162.065245018	0.11031992324291172	2.7790894113498968e-05
163.274687145	0.11020068278586184	2.6969333018234217e-05
164.48412927200002	0.11005072541359406	2.6132154822435193e-05
165.693571399	0.10987212642596465	2.5281549337121325e-05
166.90301352600002	0.10966697176561058	2.4419788318281836e-05
168.112455653	0.10943734652633708	2.3549260190277938e-05
169.32189778	0.1091853240731042	2.2672482601886743e-05
170.53133990700002	0.10891295581938207	2.1792095001259762e-05
171.740782034	0.1086222617032201	2.0910835584276323e-05
172.95022416100002	0.108315221397844	2.00315080555053e-05
174.159666288	0.10799376628575723	1.9156943711229338e-05
175.369108415	0.10765977221703181	1.8289963484923928e-05
176.57855054200002	0.10731505306287775	1.7433343037599405e-05
177.787992669	0.1069613550648357	1.6589782016965127e-05
178.99743479600002	0.10660035196795058	1.576187677273676e-05
180.206876923	0.10623364091344886	1.4952094993087202e-05
181.41631905	0.10586273905363235	1.416275189788279e-05
182.62576117700002	0.1054890808416994	1.3395991255116028e-05
183.835203304	0.1051140159466674	1.2653779041494008e-05
185.04464543100002	0.1047388077545654	1.1937919474203076e-05
186.254087558	0.10436463244358055	1.125009901567948e-05
187.46352968500003	0.1039925786546304	1.0591954296213748e-05
188.67297181200001	0.10362364779836732	9.965150344887742e-06
189.882413939	0.10325875502207287	9.371452519308653e-06
191.09185606600002	0.10289873080454132	8.8127797145431e-06
192.301298193	0.10254432308558568	8.2912327549015e-06
193.51074032000002	0.10219619980912965	7.809095616150618e-06
194.720182447	0.10185495177518841	7.368808487455335e-06
195.929624574	0.10152109573225304	6.972912766556397e-06
197.13906670100002	0.10119507766644288	6.62397101985408e-06
198.348508828	0.10087727624401348	6.3244733747418945e-06
199.55795095500002	0.10056800634809653	6.0767606963435275e-06
200.767393082	0.100267522649097	5.883016542288223e-06
201.976835209	0.09997602319944392	5.745358929466767e-06
203.18627733600002	0.09969365312431504	5.6659534333857765e-06
204.395719463	0.09942050846162341	5.646979384873924e-06
205.60516159000002	0.0991566400642282	5.690406158963841e-06
206.814603717	0.09890205742464322	5.797741245377046e-06
208.02404584400003	0.09865673237513997	5.969899730623954e-06
209.23348797100002	0.09842060268167824	6.2071984935801345e-06
210.442930098	0.09819357553852903	6.509410327247203e-06
211.65237222500002	0.09797553094757125	6.87582952492536e-06
212.861814352	0.09776632496055299	7.3053301422794764e-06
214.07125647900003	0.09756579276625937	7.796413983813087e-06
215.28069860600002	0.09737375160956817	8.347250405355822e-06
216.490140733	0.09719000353338128	8.955710633179046e-06
217.69958286000002	0.0970143379375388	9.619398723209435e-06
218.909024987	0.09684653395125126	1.0335680566994331e-05
220.11846711400003	0.0966863626177036	1.1101711816230504e-05
221.32790924100001	0.09653358889132152	1.1914465195793904e-05
222.537351368	0.09638797344984591	1.2770757380701363e-05
223.74679349500002	0.0962492743248378	1.3667275410749377e-05
224.956235622	0.09611724835559629	1.4600602463557303e-05
226.16567774900003	0.09599165247258705	1.556724273416015e-05
227.375119876	0.0958722448175584	1.6563645095738916e-05
228.584562003	0.09575878570832289	1.758622526310432e-05
229.79400413000002	0.09565103845692222	1.86313861914102e-05
231.003446257	0.09554877005045252	1.9695536537706113e-05
232.21288838400002	0.09545175170422669	2.0775107079592463e-05
233.422330511	0.09535975929725596	2.186656508607323e-05
234.63177263800003	0.0952725737001857	2.2966426705293648e-05
235.84121476500002	0.09518998100586465	2.407126751116409e-05
237.050656892	0.09511177267268477	2.5177731400628633e-05
238.26009901900002	0.09503774559068523	2.6282538082752305e-05
239.469541146	0.094967702080173	2.7382489436895248e-05
240.67898327300003	0.09490144983235005	2.8474475050870856e-05
241.88842540000002	0.09483880180105982	2.95554772677112e-05
243.097867527	0.09477957605434054	3.062257606897703e-05
244.30730965400002	0.09472359559398424	3.167295408648184e-05
245.516751781	0.09467068815075005	3.270390196724621e-05
246.72619390800003	0.0946206859622953	3.3712824180808045e-05
247.93563603500002	0.09457342554026614	3.469724524233877e-05
249.145078162	0.09452874743234639	3.5654816159690715e-05
250.35452028900002	0.094486495984481	3.65833208299847e-05
251.563962416	0.09444651910787986	3.748068205844458e-05
252.77340454300003	0.09440866805482968	3.834496688480496e-05
253.98284667000001	0.09437279720679706	3.9174390964314554e-05
255.192288797	0.09433876387774923	3.996732181403371e-05
256.401730924	0.09430642813505899	4.07222808059797e-05
257.61117305100004	0.09427565263986541	4.1437943826242005e-05
258.820615178	0.09424630250828307	4.2113140591907814e-05
260.030057305	0.09421824519439259	4.274685263815026e-05
261.239499432	0.09419135039560599	4.3338210089366345e-05
262.448941559	0.09416548998062745	4.3886487397326207e-05
263.65838368600004	0.09414053793994778	4.4391098350604715e-05
264.867825813	0.0941163703584964	4.4851590742716485e-05
266.07726794	0.09409286540982334	4.526764116910328e-05
267.286710067	0.0940699033708686	4.5639050443768237e-05
268.49615219400005	0.09404736665614677	4.596574007041717e-05
269.70559432100004	0.0940251398698951	4.6247750063876284e-05
270.915036448	0.09400310987457405	4.648523820895391e-05
272.124478575	0.09398116587401832	4.6678480589840875e-05
273.333920702	0.09395919950949243	4.6827872999899114e-05
274.54336282900005	0.0939371049670541	4.6933932668887264e-05
275.75280495600003	0.09391477909472036	4.699729969197325e-05
276.962247083	0.09389212152810808	4.701873761511499e-05
278.17168921	0.09386903482328901	4.699913278093008e-05
279.381131337	0.09384542459562076	4.6939492266712554e-05
280.59057346400004	0.09382119966322915	4.684094038278724e-05
281.80001559100003	0.09379627219370443	4.6704713866136816e-05
283.009457718	0.09377055785246567	4.6532155904246186e-05
284.218899845	0.09374397595118945	4.632470914416858e-05
285.428341972	0.09371644959467693	4.6083907814960865e-05
286.63778409900004	0.09368790582457724	4.581136905568273e-05
287.84722622600003	0.09365827575849296	4.550878353423453e-05
289.056668353	0.09362749472304385	4.517790543974945e-05
290.26611048	0.09359550237963736	4.482054192593326e-05
291.475552607	0.0935622428417263	4.443854212002225e-05
292.68499473400004	0.09352766478251236	4.4033785799394545e-05
293.89443686100003	0.09349172153209058	4.3608171860896384e-05
295.103878988	0.09345437116315342	4.316360673281885e-05
296.313321115	0.09341557656446225	4.2701992864762624e-05
297.522763242	0.09337530550138792	4.222521745239082e-05
298.73220536900004	0.09333353066289128	4.173514155203499e-05
299.94164749600003	0.09329022969444917	4.123358972331068e-05
301.151089623	0.09324538521647377	4.072234033998826e-05
302.36053175	0.09319898482789553	4.020311669417186e-05
303.569973877	0.09315102109464779	3.967757899857836e-05
304.77941600400004	0.09310149152287563	3.914731736990474e-05
305.98885813100003	0.0930503985167893	3.861384585897283e-05
307.198300258	0.0929977493211288	3.8078597572494475e-05
308.407742385	0.09294355594831588	3.754292090405488e-05
309.617184512	0.09288783509042917	3.7008076876493746e-05
310.82662663900004	0.09283060801620541	3.647523757319096e-05
312.036068766	0.09277190045336134	3.594548561926283e-05
313.245510893	0.09271174245657601	3.5419814659581724e-05
314.45495302	0.09265016826156486	3.4899130759333265e-05
315.664395147	0.09258721612572868	3.4384254648923606e-05
316.87383727400004	0.09252292815592651	3.387592471289537e-05
318.083279401	0.09245735012399461	3.337480062245205e-05
319.292721528	0.09239053127068496	3.288146750616677e-05
320.502163655	0.09232252409875301	3.239644055065583e-05
321.71160578200005	0.09225338415597992	3.1920169916493025e-05
322.92104790900004	0.09218316980896388	3.145304587738139e-05
324.130490036	0.09211194200855813	3.099540406720979e-05
325.339932163	0.09203976404787256	3.054753074661954e-05
326.54937429	0.09196670131381095	3.0109667996172637e-05
327.75881641700005	0.09189282103312374	2.9682018760952727e-05
328.96825854400004	0.09181819201399812	2.9264751671299232e-05
330.177700671	0.09174288438423935	2.885800558875447e-05
331.387142798	0.09166696932710207	2.846189381676465e-05
332.596584925	0.091590518815852	2.8076507947916208e-05
333.80602705200005	0.09151360534813849	2.7701921313240713e-05
335.01546917900004	0.09143630168128834	2.7338192025561693e-05
336.224911306	0.09135868056959143	2.698536559277862e-05
337.434353433	0.09128081450467301	2.664347711716955e-05
338.64379556	0.09120277546001958	2.6312553074952025e-05
339.85323768700005	0.09112463464070301	2.5992612701855426e-05
341.06267981400003	0.09104646223933202	2.5683668996537327e-05
342.272121941	0.09096832719922196	2.5385729372256505e-05
343.481564068	0.09089029698573345	2.5098795975831456e-05
344.691006195	0.09081243736669369	2.4822865722745096e-05
345.90044832200005	0.09073481220275632	2.4557930059343968e-05
347.10989044900003	0.09065748324850821	2.4303974504061093e-05
348.319332576	0.09058050996507404	2.4060977995287334e-05
349.528774703	0.09050394934489316	2.3828912075082126e-05
350.73821683	0.09042785574928461	2.360773995239583e-05
351.94765895700004	0.09035228075935288	2.339741546943203e-05
353.15710108400003	0.09027727304069622	2.319788200810808e-05
354.366543211	0.09020287822231253	2.3009071357349313e-05
355.575985338	0.09012913879002546	2.2830902581600093e-05
356.785427465	0.09005609399466886	2.2663280902285302e-05
357.99486959200004	0.08998377977518061	2.2506096625345414e-05
359.20431171900003	0.0899122286966974	2.2359224126372572e-05
360.413753846	0.0898414699036452	2.222252093028221e-05
361.623195973	0.08977152908775632	2.2095826880670246e-05
362.8326381	0.0897024284708546	2.1978963428946073e-05
364.04208022700004	0.0896341868021953	2.1871733058926083e-05
365.25152235400003	0.08956681937005215	2.177391884385377e-05
366.460964481	0.08950033802720238	2.1685284165449045e-05
367.670406608	0.08943475122986484	2.1605572584617802e-05
368.87984873500005	0.08937006408962395	2.1534507884405062e-05
370.08929086200004	0.08930627843777832	2.1471794283162057e-05
371.29873298900003	0.08924339290152965	2.1417116820532114e-05
372.508175116	0.0891814029913618	2.137014191897884e-05
373.717617243	0.0891203011989316	2.1330518123656935e-05
374.92705937000005	0.08906007710474885	2.1297877005329567e-05
376.13650149700004	0.0890007174948911	2.127183423588544e-05
377.34594362400003	0.08894220648598176	2.125199082131102e-05
378.555385751	0.08888452565762686	2.123793447939915e-05
379.764827878	0.0888276541915025	2.1229241157358995e-05
380.97427000500005	0.08877156901626668	2.1225476677889287e-05
382.18371213200004	0.08871624495747955	2.1226198481383686e-05
383.393154259	0.08866165489168956	2.123095747348712e-05
384.602596386	0.08860776990388075	2.1239299937483986e-05
385.812038513	0.0885545594474671	2.1250769499791738e-05
387.02148064000005	0.08850199150604032	2.1264909131206686e-05
388.23092276700004	0.0884500327560916	2.1281263162433765e-05
389.440364894	0.08839864872996672	2.129937928837751e-05
390.649807021	0.08834780397831309	2.13188105496325e-05
391.859249148	0.088297462231338	2.133911725934796e-05
393.06869127500005	0.08824758655820486	2.1359868873736085e-05
394.27813340200004	0.08819813952393786	2.138064577228864e-05
395.487575529	0.08814908334325142	2.1401040942839604e-05
396.697017656	0.08810038003074276	2.142066155226582e-05
397.906459783	0.08805199154694196	2.14391303902879e-05
399.11590191000005	0.08800387993974024	2.145608717660621e-05
400.32534403700004	0.08795600748078201	2.147118972530385e-05
401.534786164	0.08790833679641395	2.1484114957355507e-05
402.744228291	0.08786083099287152	2.149455975546116e-05
403.953670418	0.08781345377538388	2.1502241666207687e-05
405.16311254500005	0.08776616956094481	2.1506899441224056e-05
406.37255467200004	0.08771894358453936	2.1508293426214354e-05
407.581996799	0.0876717419986369	2.1506205801903416e-05
408.791438926	0.08762453196581628	2.1500440677452446e-05
410.000881053	0.08757728174443014	2.149082405137877e-05
411.21032318000005	0.08752996076723316	2.1477203647583868e-05
412.41976530700003	0.08748253971294428	2.145944863124959e-05
413.629207434	0.0874349905707529	2.1437449225931287e-05
414.838649561	0.08738728669778992	2.1411116233213533e-05
416.04809168800006	0.08733940286963335	2.138038047519466e-05
417.25753381500004	0.08729131532392775	2.1345192170861167e-05
418.46697594200003	0.08724300179723622	2.130552025618718e-05
419.676418069	0.08719444155525771	2.1261351664445687e-05
420.885860196	0.08714561541655726	2.1212690569314466e-05
422.09530232300006	0.08709650576999699	2.115955761711362e-05
423.30474445000004	0.08704709658604354	2.1101989139967267e-05
424.51418657700003	0.0869973734221692	2.104003637622905e-05
425.723628704	0.08694732342256127	2.0973764690545532e-05
426.933070831	0.08689693531236527	2.0903252809561838e-05
428.14251295800005	0.08684619938671506	2.0828592078389668e-05
429.35195508500004	0.08679510749478214	2.074988573258136e-05
430.56139721200003	0.08674365301911269	2.0667248198582045e-05
431.770839339	0.08669183085051313	2.0580804422732533e-05
432.980281466	0.0866396373587342	2.049068922102742e-05
434.18972359300005	0.08658707035924271	2.0397046654253125e-05
435.39916572000004	0.08653412907633655	2.0300029431393844e-05
436.60860784700003	0.08648081410287825	2.019979832881298e-05
437.818049974	0.08642712735691434	2.0096521628244978e-05
439.027492101	0.08637307203545919	1.9990374565888902e-05
440.23693422800005	0.0863186525656956	1.9881538796187026e-05
441.44637635500004	0.08626387455386676	1.9770201855842732e-05
442.65581848200003	0.08620874473211684	1.965655662797444e-05
443.865260609	0.08615327090353564	1.9540800805124546e-05
445.074702736	0.08609746188565835	1.9423136339311108e-05
446.28414486300005	0.08604132745266796	1.930376888731608e-05
447.49358699000004	0.08598487827653375	1.9182907231835023e-05
448.703029117	0.08592812586732758	1.9060762691151856e-05
449.912471244	0.08587108251293393	1.8937548506863395e-05
451.121913371	0.0858137612183794	1.881347920992363e-05
452.33135549800005	0.08575617564499152	1.868876996297698e-05
453.54079762500004	0.08569834004958106	1.856363588401603e-05
454.750239752	0.0856402692238512	1.843829134896295e-05
455.959681879	0.08558197843421732	1.8312949274835913e-05
457.169124006	0.08552348336220714	1.8187820381891896e-05
458.37856613300005	0.08546480004561496	1.8063112456411807e-05
459.58800826000004	0.08540594482056776	1.7939029587990514e-05
460.797450387	0.08534693426464524	1.781577141404903e-05
462.006892514	0.08528778514120247	1.7693532362111803e-05
463.216334641	0.0852285143450168	1.75725008988278e-05
464.42577676800005	0.08516913884938301	1.7452858787996196e-05
465.63521889500004	0.08510967565476665	1.733478037206096e-05
466.844661022	0.08505014173911687	1.7218431874103062e-05
468.054103149	0.08499055400993205	1.7103970735290184e-05
469.26354527600006	0.0849309292581518	1.6991544982569347e-05
470.47298740300005	0.08487128411396404	1.6881292645652397e-05
471.68242953000004	0.08481163500457704	1.6773341217144966e-05
472.891871657	0.08475199811401991	1.6667807169648996e-05
474.101313784	0.08469238934501251	1.6564795528914963e-05
475.31075591100006	0.08463282428294872	1.646439951071552e-05
476.52019803800005	0.08457331816201667	1.63667002246663e-05
477.72964016500003	0.08451388583348526	1.6271766446204904e-05
478.939082292	0.08445454173616364	1.617965445656948e-05
480.148524419	0.08439529986904602	1.6090407961865614e-05
481.35796654600006	0.08433617376613828	1.6004058080253438e-05
482.56740867300005	0.08427717647346217	1.592062340620616e-05
483.77685080000003	0.08421832052822333	1.5840110146035394e-05
484.986292927	0.08415961794011959	1.5762512324830176e-05
486.195735054	0.0841010801747723	1.5687812064681386e-05
487.40517718100006	0.08404271813924648	1.5615979923440818e-05
488.61461930800004	0.08398454216961795	1.5546975307141492e-05
489.82406143500003	0.08392656202056235	1.5480746930808746e-05
491.033503562	0.08386878685690896	1.5417233339553126e-05
492.242945689	0.0838112252471127	1.535636347811031e-05
493.45238781600005	0.08375388515860285	1.529805730455474e-05
494.66182994300004	0.08369677395493684	1.524222644092474e-05
495.87127207000003	0.08363989839471893	1.5188774861108527e-05
497.080714197	0.08358326463220991	1.5137599597436166e-05
498.290156324	0.08352687821956972	1.508859147927503e-05
499.49959845100005	0.08347074411067287	1.5041635873021928e-05
500.70904057800004	0.08341486666641801	1.4996613440976744e-05
501.91848270500003	0.08335924966147741	1.4953400894351785e-05
503.127924832	0.08330389629241218	1.4911871748236159e-05
504.337366959	0.08324880918707524	1.4871897063577955e-05
505.54680908600005	0.08319399041524615	1.483334617642473e-05
506.75625121300004	0.08313944150041246	1.479608740920997e-05
507.96569334000003	0.08308516343263986	1.4759988754338464e-05
509.175135467	0.08303115668244274	1.4724918529186949e-05
510.384577594	0.082977421215605	1.4690746001753508e-05
511.59401972100005	0.08292395650885817	1.4657341982632124e-05
512.803461848	0.0828707615663622	1.4624579371571372e-05
514.0129039750001	0.08281783493691491	1.4592333670525697e-05
515.2223461020001	0.08276517473181325	1.4560483450604944e-05
516.4317882290001	0.082712778643313	1.4528910775399333e-05
517.641230356	0.08266064396360244	1.4497501584195573e-05
518.850672483	0.08260876760423706	1.4466146019426414e-05
520.06011461	0.08255714611596424	1.4434738723404951e-05
521.269556737	0.08250577570887589	1.4403179076833898e-05
522.478998864	0.08245465227282515	1.4371371403497687e-05
523.688440991	0.08240377139804675	1.433922512640269e-05
524.897883118	0.08235312839592474	1.4306654883629008e-05
526.1073252450001	0.08230271831984493	1.427358061026993e-05
527.3167673720001	0.08225253598607915	1.4239927573093788e-05
528.5262094990001	0.08220257599464713	1.4205626380115823e-05
529.735651626	0.08215283275009902	1.4170612951491894e-05
530.945093753	0.08210330048217748	1.413482846365139e-05
532.15453588	0.08205397326629707	1.4098219262866992e-05
533.363978007	0.08200484504380724	1.406073675974037e-05
534.573420134	0.08195590964198507	1.4022337297547385e-05
535.782862261	0.08190716079371736	1.3982982004230444e-05
536.9923043880001	0.081858592156834	1.3942636627574266e-05
538.2017465150001	0.08181019733304783	1.390127135946732e-05
539.4111886420001	0.08176196988647272	1.3858860645930713e-05
540.6206307690001	0.08171390336167408	1.3815382992759557e-05
541.830072896	0.08166599130123074	1.3770820767452969e-05
543.039515023	0.08161822726276845	1.3725159991271093e-05
544.24895715	0.08157060483544491	1.367839013937615e-05
545.458399277	0.0815231176558505	1.3630503935196774e-05
546.667841404	0.08147575942331331	1.3581497152856454e-05
547.877283531	0.08142852391457435	1.3531368419500882e-05
549.0867256580001	0.08138140499782232	1.348011902996271e-05
550.2961677850001	0.08133439664606461	1.3427752761481321e-05
551.5056099120001	0.08128749294982517	1.3374275703870552e-05
552.715052039	0.08124068812915113	1.331969609608862e-05
553.924494166	0.08119397654491617	1.326402416804704e-05
555.133936293	0.08114735270941881	1.3207272001362437e-05
556.34337842	0.08110081129626462	1.314945339727927e-05
557.552820547	0.08105434714952124	1.3090583752984932e-05
558.762262674	0.08100795529215514	1.3030679950842222e-05
559.971704801	0.08096163093374248	1.296976026047983e-05
561.1811469280001	0.08091536947745374	1.2907844247678655e-05
562.3905890550001	0.08086916652631872	1.2844952695844873e-05
563.6000311820001	0.08082301788877416	1.2781107536935996e-05
564.809473309	0.08077691958350067	1.2716331790446549e-05
566.018915436	0.08073086784356073	1.2650649511437385e-05
567.228357563	0.08068485911983649	1.2584085742819745e-05
568.43779969	0.08063889008379474	1.2516666485766347e-05
569.647241817	0.08059295762957577	1.2448418662669081e-05
570.856683944	0.08054705887543058	1.237937009215433e-05
572.066126071	0.0805011911645209	1.230954946964324e-05
573.2755681980001	0.0804553520650887	1.2238986348400051e-05
574.4850103250001	0.08040953937002525	1.2167711127258864e-05
575.6944524520001	0.08036375109585916	1.209575503745765e-05
576.903894579	0.08031798548116191	1.2023150132145138e-05
578.113336706	0.08027224098442665	1.1949929277222916e-05
579.322778833	0.080226516281408	1.1876126140517529e-05
580.53222096	0.08018081026196862	1.180177518291744e-05
581.741663087	0.08013512202644381	1.1726911647120595e-05
582.951105214	0.08008945088155092	1.1651571543767714e-05
584.160547341	0.08004379633587023	1.1575791639137993e-05
585.3699894680001	0.07999815809491873	1.1499609435108633e-05
586.5794315950001	0.07995253605584376	1.142306315154437e-05
587.7888737220001	0.07990693030176045	1.1346191701262389e-05
588.998315849	0.07986134109575892	1.126903466616596e-05
590.207757976	0.07981576887461107	1.1191632263698594e-05
591.417200103	0.07977021424219508	1.111402531744729e-05
592.62664223	0.07972467796266888	1.103625521717016e-05
593.836084357	0.07967916095341883	1.0958363879870343e-05
595.045526484	0.07963366427780497	1.0880393705422092e-05
596.2549686110001	0.0795881891377328	1.0802387527570693e-05
597.4644107380001	0.07954273686607354	1.0724388564173446e-05
598.6738528650001	0.07949730891895967	1.0646440359300625e-05
599.8832949920001	0.07945190686797973	1.0568586730450225e-05
601.092737119	0.07940653239229675	1.0490871706215103e-05
602.302179246	0.07936118727070854	1.0413339461176898e-05
603.511621373	0.07931587337368533	1.0336034250939405e-05
604.7210635	0.0792705926553958	1.025900034709264e-05
605.930505627	0.079225347145745	1.0182281964412476e-05
607.139947754	0.0791801389424496	1.0105923191625658e-05
608.3493898810001	0.07913497020317156	1.002996791756463e-05
609.5588320080001	0.07908984313772033	9.954459759450053e-06
610.7682741350001	0.07904476000035603	9.87944198845315e-06
611.9777162620001	0.07899972308219705	9.804957454751851e-06
613.187158389	0.0789547347037702	9.731048512442641e-06
614.396600516	0.07890979720769153	9.657756947842206e-06
615.606042643	0.07886491295151869	9.585123903824421e-06
616.81548477	0.0788200843007804	9.513189808353839e-06
618.024926897	0.0787753136221875	9.44199430166271e-06
619.234369024	0.07873060327705557	9.371576166798937e-06
620.4438111510001	0.0786859556149407	9.301973260659173e-06
621.6532532780001	0.07864137296749864	9.233222446400277e-06
622.8626954050001	0.07859685764258167	9.16535952987759e-06
624.072137532	0.07855241191857937	9.098419196808743e-06
625.281579659	0.07850803803901601	9.032434950827858e-06
626.491021786	0.0784637382074066	8.967439055752003e-06
627.700463913	0.07841951458237709	8.9034624846752e-06
628.90990604	0.07837536927306267	8.840534862571403e-06
630.119348167	0.07833130433478029	8.778684421512316e-06
631.328790294	0.07828732176497886	8.71793795330982e-06
632.5382324210001	0.07824342349947856	8.65832076456578e-06
633.7476745480001	0.07819961140898932	8.59985664182987e-06
634.9571166750001	0.07815588729591948	8.542567814891201e-06
636.166558802	0.07811225289146881	8.486474920334294e-06
637.376000929	0.07806870985300744	8.431596977795801e-06
638.585443056	0.0780252597617389	8.37795136300133e-06
639.794885183	0.07798190412064543	8.325553785324564e-06
641.00432731	0.07793864435271465	8.27441827016872e-06
642.213769437	0.07789548179943437	8.224557147256415e-06
643.4232115640001	0.07785241771956891	8.175981036192055e-06
644.6326536910001	0.07780945328819175	8.128698842733606e-06
645.8420958180001	0.0777665895959877	8.082717752910818e-06
647.0515379450001	0.07772382764880503	8.038043236773958e-06
648.260980072	0.07768116836745555	7.994679048631e-06
649.470422199	0.07763861258775688	7.95262723619873e-06
650.679864326	0.07759616106081037	7.91188815124226e-06
651.889306453	0.0775538144534994	7.872460465206546e-06
653.09874858	0.07751157334920936	7.834341183154137e-06
654.308190707	0.07746943824875364	7.797525670056434e-06
655.5176328340001	0.0774274095714984	7.762007670077058e-06
656.7270749610001	0.07738548765667844	7.72777933604684e-06
657.9365170880001	0.07734367276489064	7.694831259349255e-06
659.1459592150001	0.07730196507976143	7.663152502876959e-06
660.355401342	0.07726036470977068	7.63273063576085e-06
661.564843469	0.07721887169022719	7.603551774468391e-06
662.774285596	0.07717748598538447	7.57560062226126e-06
663.983727723	0.07713620749068187	7.548860511412204e-06
665.19316985	0.07709503603510957	7.523313452944331e-06
666.402611977	0.0770539713836788	7.498940179013154e-06
667.6120541040001	0.07701301323998952	7.475720199091216e-06
668.8214962310001	0.07697216124888484	7.4536318462071375e-06
670.0309383580001	0.07693141499918751	7.432652333293047e-06
671.2403804850001	0.0768907740264942	7.412757807413741e-06
672.449822612	0.07685023781603668	7.393923408683414e-06
673.659264739	0.07680980580558266	7.37612332430965e-06
674.868706866	0.07676947738837321	7.35933085000704e-06
676.078148993	0.07672925191609133	7.3435184474948915e-06
677.28759112	0.07668912870184785	7.328657807950944e-06
678.497033247	0.07664910702317407	7.314719911328707e-06
679.7064753740001	0.07660918612501584	7.3016750883463545e-06
680.9159175010001	0.07656936522271962	7.289493082799012e-06
682.1253596280001	0.07652964350500047	7.2781431114755735e-06
683.3348017550001	0.076490020136887	7.267593929412538e-06
684.544243882	0.07645049426262858	7.257813888871476e-06
685.753686009	0.07641106500857449	7.2487710019793294e-06
686.963128136	0.0763717314859945	7.240433003127759e-06
688.172570263	0.07633249279385339	7.232767405205704e-06
689.38201239	0.07629334802152499	7.225741561776001e-06
690.5914545170001	0.0762542962514384	7.219322726124938e-06
691.8008966440001	0.07621533656165629	7.2134781062347785e-06
693.0103387710001	0.07617646802837881	7.208174924374735e-06
694.2197808980001	0.07613768972836338	7.20338046705834e-06
695.429223025	0.07609900074126305	7.199062144390505e-06
696.638665152	0.07606040015187739	7.1951875361770306e-06
697.848107279	0.07602188705230614	7.191724446492568e-06
699.057549406	0.07598346054401398	7.18864094947485e-06
700.266991533	0.07594511973979295	7.185905437568722e-06
701.47643366	0.07590686376562619	7.183486665403524e-06
702.6858757870001	0.07586869176245245	7.1813537914737415e-06
703.8953179140001	0.07583060288782144	7.179476420705877e-06
705.1047600410001	0.07579259631744825	7.177824642730835e-06
706.3142021680001	0.0757546712466578	7.176369066050179e-06
707.523644295	0.0757168268917272	7.175080853944539e-06
708.733086422	0.0756790624911168	7.173931753979476e-06
709.942528549	0.07564137730659644	7.172894130930738e-06
711.151970676	0.07560377062426676	7.17194099132685e-06
712.361412803	0.07556624175547066	7.171046009149236e-06
713.57085493	0.07552879003760224	7.170183546915349e-06
714.7802970570001	0.07549141483481377	7.169328677763767e-06
715.9897391840001	0.07545411553861518	7.16845720334801e-06
717.1991813110001	0.07541689156837615	7.167545665929376e-06
718.4086234380001	0.07537974237173091	7.166571365659835e-06
719.618065565	0.07534266742488566	7.1655123700943e-06
720.827507692	0.07530566623282896	7.164347522477427e-06
722.036949819	0.07526873832945495	7.163056448899331e-06
723.246391946	0.07523188327759366	7.1616195618134975e-06
724.455834073	0.07519510066896176	7.16001806552514e-06
725.6652762	0.07515839012402113	7.158233954308426e-06
726.8747183270001	0.075121751291767	7.156250011763476e-06
728.0841604540001	0.07508518384943537	7.154049807884831e-06
729.2936025810001	0.07504868750213796	7.151617695403475e-06
730.5030447080001	0.07501226198242925	7.1489388024168344e-06
731.712486835	0.07497590704980495	7.145999025080273e-06
732.921928962	0.07493962249014503	7.142785019973874e-06
734.131371089	0.07490340811508972	7.139284191412018e-06
735.340813216	0.07486726376136621	7.13548468177961e-06
736.550255343	0.07483118929006793	7.1313753596790774e-06
737.7596974700001	0.07479518458588055	7.12694580318667e-06
738.9691395970001	0.07475924955626732	7.12218628868448e-06
740.1785817240001	0.07472338413061785	7.117087775022837e-06
741.3880238510001	0.07468758825935866	7.111641888909307e-06
742.5974659780001	0.07465186191303438	7.105840905940449e-06
743.806908105	0.07461620508135897	7.099677736440805e-06
745.016350232	0.07458061777224562	7.093145907012822e-06
746.225792359	0.07454510001081499	7.086239546103127e-06
747.435234486	0.0745096518383862	7.078953363527242e-06
748.644676613	0.0744742733114564	7.071282634141345e-06
749.8541187400001	0.07443896450066723	7.063223182984877e-06
751.0635608670001	0.07440372548976855	7.054771363917098e-06
752.2730029940001	0.07436855637457859	7.045924044910699e-06
753.4824451210001	0.07433345726194082	7.03667859094125e-06
754.6918872480001	0.07429842826868857	7.027032847177105e-06
755.901329375	0.07426346952061118	7.016985123332592e-06
757.110771502	0.07422858115143141	7.006534176922373e-06
758.320213629	0.07419376330179552	6.9956791980890654e-06
759.529655756	0.07415901611827078	6.984419795039032e-06
760.739097883	0.07412433975237223	6.972755977521988e-06
761.9485400100001	0.07408973435959369	6.96068814529545e-06
763.1579821370001	0.07405520009847054	6.9482170728970315e-06
764.3674242640001	0.07402073712966042	6.935343896698323e-06
765.5768663910001	0.07398634561504921	6.922070101832076e-06
766.786308518	0.07395202571688587	6.908397510328069e-06
767.995750645	0.07391777759694271	6.894328270796429e-06
769.205192772	0.07388360141571051	6.879864843004743e-06
770.414634899	0.07384949733161804	6.865009992249505e-06
771.624077026	0.07381546550028828	6.849766775491962e-06
772.833519153	0.07378150607382815	6.834138530366592e-06
774.0429612800001	0.07374761920015097	6.818128869676755e-06
775.2524034070001	0.07371380502233661	6.801741667115142e-06
776.4618455340001	0.07368006367802227	6.784981052232917e-06
777.6712876610001	0.07364639529883699	6.767851399233833e-06
778.880729788	0.07361280000986845	6.750357318982877e-06
780.090171915	0.07357927792916687	6.7325036516272805e-06
781.299614042	0.07354582916729052	6.714295456866407e-06
782.509056169	0.07351245382687967	6.695738006071527e-06
783.718498296	0.07347915200228064	6.676836775952273e-06
784.9279404230001	0.07344592377919641	6.657597437287327e-06
786.1373825500001	0.07341276923437833	6.638025851784653e-06
787.3468246770001	0.07337968843535661	6.6181280607590965e-06
788.5562668040001	0.07334668144019968	6.597910276403764e-06
789.7657089310001	0.07331374829732018	6.577378878608551e-06
790.975151058	0.073280889045306	6.556540401993884e-06
792.184593185	0.07324810371279142	6.535401529954795e-06
793.394035312	0.07321539231835843	6.513969087257132e-06
794.603477439	0.07318275487047375	6.492250031000698e-06
795.812919566	0.0731501913674537	6.470251441137702e-06
797.0223616930001	0.0731177017974656	6.4479805149437465e-06
798.2318038200001	0.07308528613855274	6.425444556003348e-06
799.4412459470001	0.07305294435869081	6.4026509643802315e-06
800.6506880740001	0.0730206764158726	6.379607231773463e-06
801.8601302010001	0.07298848225821902	6.356320929589552e-06
803.069572328	0.07295636182411157	6.3327997003381075e-06
804.279014455	0.07292431504235401	6.309051248871948e-06
805.488456582	0.07289234183235169	6.285083331960626e-06
806.697898709	0.07286044210431732	6.2609037512358066e-06
807.907340836	0.07282861575949058	6.236520342884435e-06
809.1167829630001	0.07279686269038257	6.211940965903586e-06
810.3262250900001	0.07276518278103461	6.187173496495188e-06
811.5356672170001	0.07273357590729075	6.16222581589655e-06
812.7451093440001	0.07270204193709055	6.137105802034955e-06
813.9545514710001	0.07267058073076894	6.111821320516297e-06
815.163993598	0.0726391921413754	6.086380213687238e-06
816.373435725	0.07260787601499602	6.060790294621318e-06
817.582877852	0.07257663219109134	6.035059333685787e-06
818.792319979	0.07254546050283733	6.009195054164687e-06
820.001762106	0.07251436077747861	5.983205120131066e-06
821.2112042330001	0.07248333283668161	5.957097130808978e-06
822.4206463600001	0.07245237649689663	5.930878609084148e-06
823.6300884870001	0.07242149156972186	5.9045569963387315e-06
824.8395306140001	0.07239067786226774	5.878139643418136e-06
826.0489727410001	0.07235993517752438	5.851633803230471e-06
827.258414868	0.07232926331473057	5.82504662290596e-06
828.467856995	0.07229866206973547	5.798385137327297e-06
829.677299122	0.07226813123536505	5.7716562641362545e-06
830.886741249	0.07223767060178106	5.7448667950149e-06
832.0961833760001	0.07220727995683858	5.718023390948093e-06
833.3056255030001	0.07217695908643645	5.691132577903851e-06
834.5150676300001	0.0721467077748641	5.6642007387546e-06
835.7245097570001	0.07211652580513969	5.6372341125591214e-06
836.9339518840001	0.07208641295934318	5.610238786306202e-06
838.143394011	0.07205636901894016	5.583220694072858e-06
839.352836138	0.07202639376509543	5.556185611287769e-06
840.562278265	0.07199648697898132	5.529139151530377e-06
841.771720392	0.07196664844207253	5.5020867660765445e-06
842.981162519	0.07193687793643204	5.475033739347873e-06
844.1906046460001	0.07190717524498697	5.447985187533058e-06
845.4000467730001	0.07187754015179121	5.420946056060694e-06
846.6094889000001	0.0718479724422769	5.393921120309472e-06
847.8189310270001	0.07181847190349655	5.3669149826232966e-06
849.0283731540001	0.07178903832434906	5.3399320741100605e-06
850.237815281	0.07175967149579542	5.3129766517435246e-06
851.447257408	0.07173037121106032	5.286052799227733e-06
852.656699535	0.0717011372658248	5.259164428182952e-06
853.866141662	0.07167196945839815	5.232315278931582e-06
855.075583789	0.07164286758988506	5.205508920021639e-06
856.2850259160001	0.07161383146433271	5.178748751360667e-06
857.4944680430001	0.07158486088887055	5.152038005022232e-06
858.7039101700001	0.07155595567383212	5.12537974513155e-06
859.9133522970001	0.07152711563286698	5.098776872670757e-06
861.1227944240001	0.07149834058303908	5.072232127013601e-06
862.332236551	0.07146963034490914	5.045748085867771e-06
863.541678678	0.07144098474260908	5.019327172781337e-06
864.751120805	0.07141240360390293	4.992971653939901e-06
865.960562932	0.0713838867602314	4.966683645270958e-06
867.170005059	0.07135543404675039	4.940465114759322e-06
868.3794471860001	0.07132704530235309	4.91431788271186e-06
869.5888893130001	0.07129872036968411	4.888243631887128e-06
870.7983314400001	0.07127045909513975	4.862243901674089e-06
872.0077735670001	0.071242261328861	4.836320097788934e-06
873.2172156940001	0.07121412692470923	4.810473495366891e-06
874.426657821	0.07118605574024353	4.784705239166821e-06
875.636099948	0.07115804763667799	4.759016351510603e-06
876.845542075	0.07113010247883413	4.733407732664389e-06
878.054984202	0.07110222013508363	4.707880166354007e-06
879.2644263290001	0.07107440047728679	4.6824343212300064e-06
880.4738684560001	0.07104664338071721	4.657070758309308e-06
881.6833105830001	0.07101894872398358	4.63178993112306e-06
882.8927527100001	0.07099131638894256	4.606592192071164e-06
884.1021948370001	0.07096374626060488	4.581477794241126e-06
885.3116369640001	0.07093623822704107	4.556446897090443e-06
886.521079091	0.07090879217927226	4.531499569226254e-06
887.730521218	0.07088140801116587	4.50663579284254e-06
888.939963345	0.07085408561932084	4.481855465586134e-06
890.149405472	0.07082682490295195	4.45715840925544e-06
891.3588475990001	0.0707996257637703	4.4325443693044734e-06
892.5682897260001	0.07077248810585765	4.408013021553121e-06
893.7777318530001	0.0707454118355452	4.38356397617943e-06
894.9871739800001	0.07071839686128303	4.359196781873527e-06
896.1966161070001	0.07069144309351545	4.3349109310595495e-06
897.406058234	0.07066455044454918	4.310705866631122e-06
898.615500361	0.07063771882842355	4.286580983251522e-06
899.824942488	0.07061094816078016	4.262535638757585e-06
901.034384615	0.07058423835873498	4.238569156732333e-06
902.243826742	0.07055758934074732	4.2146808340664915e-06
903.4532688690001	0.07053100102649167	4.190869949418029e-06
904.6627109960001	0.07050447333673246	4.167135770676128e-06
905.8721531230001	0.07047800619319611	4.143477564745485e-06
907.0815952500001	0.07045159951844984	4.119894605853599e-06
908.2910373770001	0.0704252532357789	4.096386188500984e-06
909.500479504	0.07039896726906975	4.07295163588938e-06
910.709921631	0.07037274154269055	4.049590316478358e-06
911.919363758	0.07034657598138058	4.026301653999992e-06
913.128805885	0.07032047051013811	4.003085145065594e-06
914.338248012	0.07029442505411206	3.979940372443566e-06
915.5476901390001	0.0702684395384982	3.956867024117544e-06
916.7571322660001	0.07024251388843922	3.933864910578835e-06
917.9665743930001	0.07021664802892215	3.910933985520383e-06
919.1760165200001	0.0701908418846873	3.88807436027781e-06
920.3854586470001	0.07016509538013309	3.865286332067204e-06
921.594900774	0.07013940843922854	3.842570397802787e-06
922.804342901	0.07011378098542964	3.819927284095627e-06
924.013785028	0.07008821294159194	3.79735796173481e-06
925.223227155	0.07006270422989469	3.7748636713461117e-06
926.432669282	0.07003725477176345	3.7524459444143207e-06
927.6421114090001	0.0700118644877972	3.730106626405254e-06
928.8515535360001	0.06998653329769668	3.707847894182868e-06
930.0609956630001	0.06996126112019554	3.685672278079013e-06
931.2704377900001	0.0699360478729971	3.66358267856475e-06
932.4798799170001	0.0699108934727129	3.6415823847346842e-06
933.689322044	0.06988579783480231	3.6196750842896104e-06
934.898764171	0.06986076087351804	3.5978648795503627e-06
936.108206298	0.0698357825018485	3.5761562960863974e-06
937.317648425	0.06981086263147328	3.5545542890273582e-06
938.5270905520001	0.06978600117271011	3.5330642457458742e-06
939.7365326790001	0.06976119803447216	3.5116919880160537e-06
940.9459748060001	0.06973645312422859	3.4904437673855814e-06
942.1554169330001	0.06971176634796139	3.4693262582220392e-06
943.3648590600001	0.06968713761013419	3.4483465466014664e-06
944.5743011870001	0.06966256681365562	3.427512118456485e-06
945.783743314	0.06963805385985483	3.406830837336223e-06
946.993185441	0.06961359864845111	3.386310924722587e-06
948.202627568	0.0695892010775327	3.3659609308580965e-06
949.412069695	0.06956486104353962	3.3457897061673724e-06
950.6215118220001	0.06954057844124538	3.3258063667866065e-06
951.8309539490001	0.06951635316374648	3.30602025558308e-06
953.0403960760001	0.06949218510245352	3.286440899782942e-06
954.2498382030001	0.06946807414708575	3.2670779677435728e-06
955.4592803300001	0.06944402018567203	3.2479412183013727e-06
956.6687224570001	0.06942002310455064	3.229040451779512e-06
957.878164584	0.06939608278837736	3.210385453158128e-06
959.087606711	0.0693721991201357	3.191985938639053e-06
960.297048838	0.06934837198115096	3.1738514949290078e-06
961.506490965	0.06932460125110707	3.1559915220479585e-06
962.7159330920001	0.0693008868080723	3.1384151702071183e-06
963.9253752190001	0.069277228528521	3.121131280969889e-06
965.1348173460001	0.06925362628736335	3.104148322978271e-06
966.3442594730001	0.06923007995798215	3.087474330902264e-06
967.5537016000001	0.0692065894122669	3.071116848310863e-06
968.763143727	0.06918315452065389	3.0550828645802005e-06
969.972585854	0.06915977515217525	3.0393787594684293e-06
971.182027981	0.06913645117450182	3.0240102472187088e-06
972.391470108	0.06911318245399804	3.0089823266807713e-06
973.600912235	0.06908996885577401	2.994299227451215e-06
974.8103543620001	0.06906681024374696	2.9799643710556012e-06
976.0197964890001	0.06904370648069834	2.965980327012737e-06
977.2292386160001	0.06902065742834151	2.952348774696736e-06
978.4386807430001	0.06899766294738652	2.9390704752610065e-06
979.6481228700001	0.06897472289761228	2.926145244353284e-06
980.857564997	0.06895183713793304	2.9135719318569384e-06
982.067007124	0.06892900552648011	2.9013484060412515e-06
983.276449251	0.06890622792067301	2.8894715476039987e-06
984.485891378	0.06888350417729848	2.877937246181713e-06
985.6953335050001	0.06886083415259243	2.866740403325792e-06
986.9047756320001	0.06883821770232064	2.855874943786078e-06
988.1142177590001	0.06881565468186106	2.84533383304464e-06
989.3236598860001	0.06879314494628704	2.835109097704676e-06
990.5331020130001	0.06877068835045198	2.825191856494544e-06
991.7425441400001	0.06874828474907578	2.8155723532901335e-06
992.951986267	0.068725933996827	2.8062399999874997e-06
994.161428394	0.06870363594840824	2.7971834206180296e-06
995.370870521	0.06868139045864365	2.7883905018895206e-06
996.580312648	0.06865919738255959	2.7798484506479186e-06
997.7897547750001	0.06863705657546823	2.771543852296572e-06
998.9991969020001	0.06861496789305102	2.763462735844474e-06
1000.2086390290001	0.06859293119143613	2.7555906398719056e-06
1001.4180811560001	0.06857094632727913	2.7479126836965215e-06
1002.6275232830001	0.06854901315783744	2.740413640347841e-06
1003.8369654100001	0.0685271315410464	2.733078008740142e-06
1005.046407537	0.06850530133558883	2.7258900932678945e-06
1006.255849664	0.06848352240096321	2.7188340751806947e-06
1007.465291791	0.06846179459755014	2.7118940931075256e-06
1008.674733918	0.0684401177866741	2.7050543193257555e-06
1009.8841760450001	0.06841849183066091	2.6982990340618776e-06
1011.0936181720001	0.06839691659289124	2.6916126989613836e-06
1012.3030602990001	0.06837539193785282	2.6849800310074914e-06
1013.5125024260001	0.06835391773118572	2.6783860726742754e-06
1014.7219445530001	0.06833249383972438	2.671816255368769e-06
1015.9313866800001	0.06831112013153383	2.665256468497507e-06
1017.140828807	0.06828979647594378	2.658693113603782e-06
1018.350270934	0.06826852274357681	2.6521131657260065e-06
1019.559713061	0.06824729880637263	2.645504220723056e-06
1020.769155188	0.06822612453760421	2.6388545443940733e-06
1021.9785973150001	0.06820499981189791	2.6321531132172098e-06
1023.1880394420001	0.06818392450523658	2.625389651312532e-06
1024.397481569	0.06816289849497108	2.618554662572983e-06
1025.606923696	0.06814192165981849	2.6116394544981658e-06
1026.816365823	0.06812099387986156	2.6046361610234224e-06
1028.0258079500002	0.06810011503654124	2.59753775577646e-06
1029.235250077	0.06807928501264629	2.590338062159557e-06
1030.4446922040001	0.0680585036923003	2.583031758231192e-06
1031.654134331	0.06803777096094722	2.5756143748043296e-06
1032.8635764580001	0.06801708670532505	2.5680822885485078e-06
1034.073018585	0.06799645081345278	2.5604327122274463e-06
1035.282460712	0.06797586317459944	2.552663678191507e-06
1036.491902839	0.06795532367925956	2.5447740195221607e-06
1037.701344966	0.06793483221912472	2.5367633466047665e-06
1038.9107870930002	0.06791438868705518	2.528632018814044e-06
1040.12022922	0.0678939929770461	2.5203811135413634e-06
1041.3296713470002	0.06787364498420133	2.5120123931878357e-06
1042.539113474	0.067853344604694	2.503528270351659e-06
1043.7485556010001	0.06783309173573959	2.4949317704022084e-06
1044.957997728	0.06781288627556079	2.486226491066035e-06
1046.167439855	0.06779272812335588	2.4774165615088136e-06
1047.376881982	0.06777261717926361	2.4685066018773485e-06
1048.586324109	0.0677525533443343	2.4595016841562866e-06
1049.795766236	0.06773253652049561	2.4504072878815264e-06
1051.005208363	0.06771256661052462	2.441229260789587e-06
1052.2146504900002	0.06769264351801499	2.4319737767848916e-06
1053.424092617	0.06767276714734775	2.42264729816116e-06
1054.6335347440001	0.06765293740366195	2.4132565395581823e-06
1055.842976871	0.06763315419282914	2.4038084288218255e-06
1057.0524189980001	0.06761341742142177	2.3943100754342864e-06
1058.261861125	0.06759372699668818	2.3847687355610626e-06
1059.471303252	0.06757408282652837	2.3751917830878908e-06
1060.680745379	0.06755448481946429	2.365586682609698e-06
1061.890187506	0.06753493288461827	2.3559609625316034e-06
1063.0996296330002	0.0675154269316833	2.346322190799161e-06
1064.30907176	0.0674959668709013	2.3366779564564467e-06
1065.5185138870002	0.06747655261303659	2.3270358481878947e-06
1066.727956014	0.06745718406935224	2.317403439719342e-06
1067.9373981410001	0.06743786115158112	2.307788273223181e-06
1069.146840268	0.06741858377190321	2.298197849993848e-06
1070.356282395	0.06739935184291795	2.288639617375426e-06
1071.565724522	0.06738016527761852	2.279120960005397e-06
1072.775166649	0.06736102398936195	2.2696491958848806e-06
1073.9846087760002	0.06734192789184386	2.2602315656505777e-06
1075.194050903	0.06732287689906659	2.2508752316442143e-06
1076.4034930300002	0.06730387092531258	2.241587271071019e-06
1077.612935157	0.06728490988511052	2.2323746787646876e-06
1078.8223772840001	0.06726599369320599	2.223244360030036e-06
1080.031819411	0.06724712226452911	2.214203130836095e-06
1081.2412615380001	0.0672282955141612	2.2052577165357744e-06
1082.450703665	0.06720951335730338	2.1964147503258e-06
1083.660145792	0.06719077570923994	2.1876807732340897e-06
1084.869587919	0.06717208248530473	2.1790622316302564e-06
1086.079030046	0.0671534336008497	2.170565476671473e-06
1087.2884721730002	0.06713482897120496	2.162196761138651e-06
1088.4979143	0.06711626851164718	2.1539622396226564e-06
1089.7073564270001	0.06709775213736609	2.145867962832345e-06
1090.916798554	0.0670792797634275	2.1379198758721213e-06
1092.1262406810001	0.06706085130474289	2.130123813037819e-06
1093.335682808	0.06704246667603304	2.122485494661517e-06
1094.545124935	0.06702412579180032	2.11501052190925e-06
1095.754567062	0.06700582856629501	2.1077043688572748e-06
1096.964009189	0.0669875749134878	2.1005723783752506e-06
1098.1734513160002	0.06696936474703978	2.093619754604556e-06
1099.382893443	0.06695119798028087	2.0868515542720925e-06
1100.5923355700002	0.06693307452617915	2.0802726828610293e-06
1101.801777697	0.06691499429732495	2.0738878805008945e-06
1103.0112198240001	0.06689695720590862	2.0677017184042704e-06
1104.220661951	0.0668789631637012	2.061718590701474e-06
1105.430104078	0.0668610120820407	2.0559427026660044e-06
1106.639546205	0.06684310387182171	2.050378064153141e-06
1107.848988332	0.0668252384434808	2.0450284837438673e-06
1109.058430459	0.06680741570699225	2.0398975556440164e-06
1110.267872586	0.06678963557186264	2.0349886560115988e-06
1111.4773147130002	0.06677189794712879	2.030304934463095e-06
1112.68675684	0.06675420274135772	2.0258493069242155e-06
1113.8961989670001	0.06673654986265043	2.0216244518258323e-06
1115.105641094	0.0667189392186482	2.0176327998459407e-06
1116.3150832210001	0.06670137071654153	2.013876535986769e-06
1117.524525348	0.06668384426307901	2.0103575875218187e-06
1118.733967475	0.06666635976458259	2.00707762786423e-06
1119.943409602	0.06664891712696354	2.0040380714346676e-06
1121.152851729	0.06663151625573813	2.001240071264536e-06
1122.3622938560002	0.06661415705604995	1.9986845207404404e-06
1123.571735983	0.06659683943269178	1.9963720520692554e-06
1124.7811781100002	0.06657956329012542	1.9943030398409612e-06
1125.990620237	0.06656232853251226	1.9924776004276793e-06
1127.2000623640001	0.06654513506373526	1.9908955970176283e-06
1128.409504491	0.06652798278742998	1.9895566441429498e-06
1129.618946618	0.06651087160701186	1.9884601110130857e-06
1130.828388745	0.06649380142570742	1.9876051296826722e-06
1132.037830872	0.06647677214658361	1.9869905985948227e-06
1133.2472729990002	0.0664597836725789	1.986615191649461e-06
1134.456715126	0.06644283590653739	1.9864773671539543e-06
1135.6661572530002	0.06642592875123692	1.9865753740048874e-06
1136.87559938	0.06640906210942482	1.986907262779738e-06
1138.0850415070001	0.06639223588384835	1.987470894445219e-06
1139.294483634	0.06637544997728725	1.988263951734022e-06
1140.5039257610001	0.06635870429258311	1.9892839492965215e-06
1141.713367888	0.0663419987326735	1.9905282446135464e-06
1142.922810015	0.06632533320062052	1.9919940501117765e-06
1144.132252142	0.06630870759964191	1.9936784436009164e-06
1145.341694269	0.06629212183313912	1.9955783821482754e-06
1146.5511363960002	0.0662755758047266	1.9976907135008235e-06
1147.760578523	0.06625906941825814	2.0000121869763904e-06
1148.9700206500002	0.0662426025778545	2.0025394681531617e-06
1150.179462777	0.06622617518792728	2.005269149342773e-06
1151.3889049040001	0.06620978715320312	2.008197762974058e-06
1152.598347031	0.06619343837874682	2.011321794299426e-06
1153.807789158	0.06617712876998298	2.0146376931505546e-06
1155.017231285	0.06616085823271552	2.0181418872823133e-06
1156.226673412	0.06614462667314934	2.0218307917949708e-06
1157.4361155390002	0.06612843399790355	2.0257008248798148e-06
1158.645557666	0.0661122801140301	2.0297484171587467e-06
1159.8549997930002	0.06609616492903043	2.033970023884712e-06
1161.06444192	0.06608008835086376	2.0383621362047534e-06
1162.2738840470001	0.06606405028796386	2.042921293082343e-06
1163.483326174	0.06604805064924664	2.0476440926027905e-06
1164.6927683010001	0.06603208934412146	2.052527199926243e-06
1165.902210428	0.0660161662824973	2.0575673615257915e-06
1167.111652555	0.06600028137478982	2.062761412307224e-06
1168.321094682	0.0659844345319258	2.06810628625011e-06
1169.530536809	0.06596862566534518	2.0735990266619003e-06
1170.7399789360002	0.06595285468700637	2.0792367948290617e-06
1171.949421063	0.06593712150938542	2.0850168770411896e-06
1173.1588631900001	0.06592142604547395	2.090936695799712e-06
1174.368305317	0.06590576820878018	2.0969938162294053e-06
1175.5777474440001	0.06589014791332297	2.103185953416112e-06
1176.787189571	0.06587456507362774	2.1095109795679165e-06
1177.996631698	0.06585901960472153	2.1159669310950745e-06
1179.206073825	0.06584351142212465	2.122552013069739e-06
1180.415515952	0.06582804044184457	2.12926460757951e-06
1181.6249580790002	0.06581260658036274	2.1361032780840714e-06
1182.834400206	0.06579720975462514	2.1430667719685963e-06
1184.0438423330002	0.06578184988203227	2.1501540259664034e-06
1185.25328446	0.06576652688042359	2.157364169657238e-06
1186.4627265870001	0.06575124066806376	2.164696528621915e-06
1187.672168714	0.06573599116362584	2.1721506258149953e-06
1188.881610841	0.06572077828617721	2.179726183432186e-06
1190.091052968	0.06570560195516117	2.1874231241392544e-06
1191.300495095	0.06569046209037656	2.1952415689595335e-06
1192.5099372220002	0.06567535861196204	2.2031818390878765e-06
1193.719379349	0.06566029144037036	2.211244455655044e-06
1194.9288214760002	0.06564526049635065	2.219430135235076e-06
1196.138263603	0.06563026570092627	2.2277397869571387e-06
1197.3477057300001	0.06561530697536866	2.2361745122047073e-06
1198.557147857	0.06560038424117698	2.2447355972441756e-06
1199.7665899840001	0.0655854974200514	2.2534245086685863e-06
1200.976032111	0.06557064643386822	2.2622428901063328e-06
1202.185474238	0.06555583120465638	2.2711925543664047e-06
1203.394916365	0.06554105165456724	2.2802754763951404e-06
1204.604358492	0.06552630770585191	2.2894937871666167e-06
1205.8138006190002	0.06551159928083068	2.298849763549088e-06
1207.023242746	0.06549692630186989	2.308345821700341e-06
1208.2326848730002	0.06548228869135087	2.3179845079351425e-06
1209.442127	0.06546768637164425	2.327768488407258e-06
