0.0	1.0	0.0
1.209442127	0.9993658781045728	8.335704642329842e-11
2.418884254	0.997467331162011	3.49683492083354e-10
3.6283263810000004	0.9943152554434068	6.632366866710913e-10
4.837768508	0.9899272179942472	9.330898580390854e-10
6.047210635000001	0.9843271613521599	1.1030474865770861e-09
7.256652762000001	0.9775450803387797	1.1359971287780117e-09
8.466094889	0.9696166686033577	1.0041959784503526e-09
9.675537016	0.9605829353416143	6.86429966658867e-10
10.884979143	0.9504897944070154	1.6538533632889594e-10
12.094421270000002	0.9393876291744829	-5.749864875824509e-10
13.303863397	0.9273308372092035	-1.5483590256827221e-09
14.513305524000002	0.9143773592656692	-2.7609127188037168e-09
15.722747651	0.9005881971544137	-4.177374659567994e-09
16.932189778	0.8860269258292149	-5.77012293281082e-09
18.141631905	0.8707592046010121	-7.457040697097281e-09
19.351074032	0.8548522908734315	-9.173177297743738e-09
20.560516159000002	0.8383745613471716	-1.074478495732273e-08
21.769958286	0.8213950454559755	-1.197721212598868e-08
22.979400413	0.8039829746673947	-1.2857252546494623e-08
24.188842540000003	0.7862073507225443	-1.3783863323657801e-08
25.398284667000002	0.7681365341608244	-1.4716591417822079e-08
26.607726794	0.7498378599442014	-1.5546672969005918e-08
27.817168921	0.7313772790041326	-1.6196955563481344e-08
29.026611048000003	0.7128190282008867	-1.66366350938909e-08
30.236053175000002	0.6942253302041804	-1.68497544329235e-08
31.445495302	0.6756561242676307	-1.6827295493639192e-08
32.654937429	0.6571688283587892	-1.654996031434131e-08
33.864379556	0.6388181327628918	-1.5984973662690568e-08
35.073821683000006	0.6206558249235493	-1.5087184572761522e-08
36.28326381	0.6027306450076468	-1.3788235833432344e-08
37.492705937000004	0.5850881714615552	-1.198218455309145e-08
38.702148064	0.5677707355396475	-9.51859491691685e-09
39.911590191	0.5508173634920486	-6.2040400291153456e-09
41.121032318000005	0.5342637448884582	-1.811721821875184e-09
42.330474445	0.5181422254341173	3.8932094638079046e-09
43.539916572	0.5024818225384675	1.111973766465012e-08
44.749358699000005	0.4873082617975051	2.0025926263608687e-08
45.958800826	0.47264403248111103	3.070371464639728e-08
47.168242953000004	0.45850846009355706	4.3168692208696876e-08
48.377685080000006	0.4449177940711075	5.7355169673724154e-08
49.587127207	0.43188530869513175	7.312074251904289e-08
50.796569334000004	0.4194214153362489	9.026347165887999e-08
52.00601146100001	0.4075337842021774	1.0854860120900651e-07
53.215453588	0.3962274738375945	1.2773743672541902e-07
54.424895715000005	0.3855050667151945	1.4761152100311382e-07
55.634337842	0.3753668093594981	1.679886358919825e-07
56.843779969	0.3658107555575488	1.8873045897924658e-07
58.053222096000006	0.35683291132810696	2.0974414920954768e-07
59.262664223	0.3484273804383878	2.3098170319862293e-07
60.472106350000004	0.3405865093712525	2.5244064203134774e-07
61.68154847700001	0.3333010307597883	2.7416685228048505e-07
62.890990604	0.32656020442588296	2.9625779495123613e-07
64.100432731	0.32035195527913973	3.1886200505432875e-07
65.309874858	0.31466300744646897	3.4216771661732865e-07
66.519316985	0.3094790141150828	3.663823483160886e-07
67.728759112	0.3047846826733041	3.917098191716274e-07
68.93820123900001	0.3005638948146177	4.183285743238383e-07
70.14764336600001	0.29679982134486843	4.46371923234745e-07
71.357085493	0.29347503150705145	4.759132303152049e-07
72.56652762	0.29057159670506644	5.069583581483003e-07
73.775969747	0.28807118857198105	5.394440192065235e-07
74.98541187400001	0.28595517139372467	5.732347749061126e-07
76.19485400100001	0.2842046889392405	6.081149511254525e-07
77.404296128	0.2828007457719057	6.437805598662807e-07
78.613738255	0.2817242831489357	6.79835355039571e-07
79.823180382	0.2809562496388481	7.158010565357853e-07
81.032622509	0.2804776666106989	7.511763882619505e-07
82.24206463600001	0.28026968880862374	7.855607932210057e-07
83.45150676300001	0.2803136602488896	8.187486497063736e-07
84.66094889	0.2805911655851932	8.507127690326322e-07
85.870391017	0.2810840770808207	8.815521817418728e-07
87.079833144	0.28177459740773564	9.114727565197148e-07
88.28927527100001	0.28264529849552505	9.407921242846619e-07
89.49871739800001	0.2836791566197486	9.699518302971593e-07
90.708159525	0.284859583901092	9.995318608197797e-07
91.917601652	0.28617045637844596	1.0302659978092393e-06
93.127043779	0.2875961388137926	1.063055580337515e-06
94.33648590600001	0.28912150638153344	1.0989789824089608e-06
95.54592803300001	0.29073196338802987	1.1392941666572688e-06
96.75537016000001	0.29241345915963085	1.1854305296244414e-06
97.964812287	0.2941525012328136	1.2389643522047403e-06
99.174254414	0.2959361659800913	1.3015724976297004e-06
100.383696541	0.29775210680749375	1.3749641740073487e-06
101.59313866800001	0.29958856005546053	1.460798811981553e-06
102.80258079500001	0.30143434872006253	1.5606015170931538e-06
104.01202292200001	0.30327888409374376	1.6756794588403273e-06
105.221465049	0.3051121654219332	1.8070306824530832e-06
106.430907176	0.3069247776843244	1.9552391129640268e-06
107.64034930300001	0.30870788761306217	2.1203679118255588e-06
108.84979143000001	0.31045323804714414	2.301879261271992e-06
110.05923355700001	0.3121531407099837	2.4986093621097212e-06
111.268675684	0.31380046749889373	2.708811881785589e-06
112.478117811	0.31538864039110825	2.930258999395259e-06
113.687559938	0.3169116200905629	3.1603714166297164e-06
114.89700206500001	0.3183638935503899	3.396347569212107e-06
116.10644419200001	0.31974046050341465	3.6352743230644053e-06
117.31588631900001	0.3210368191218555	3.874215496322083e-06
118.525328446	0.3222489509157404	4.1102832962697815e-06
119.734770573	0.32337330497128985	4.340699914157319e-06
120.94421270000001	0.3244067816252861	4.562854694609811e-06
122.15365482700001	0.32534671566746276	4.774358842891952e-06
123.36309695400001	0.3261908591582245	4.973096367482899e-06
124.572539081	0.3269373639442467	5.157268351608237e-06
125.781981208	0.3275847639515264	5.325428492227835e-06
126.99142333500001	0.3281319573371016	5.476510222282656e-06
128.200865462	0.328578188587623	5.609846972180214e-06
129.410307589	0.3289230306623115	5.725184264537209e-06
130.619749716	0.32916636728342613	5.82267627674702e-06
131.82919184300002	0.3293083754733974	5.9028558786223084e-06
133.03863397	0.3293495084237608	5.9665718650204504e-06
134.24807609700002	0.3292904787620639	6.014899854964663e-06
135.457518224	0.3291322422654055	6.049046677346284e-06
136.666960351	0.32887598205551294	6.070272612259271e-06
137.87640247800002	0.328523093298539	6.079847880923229e-06
139.085844605	0.3280751684222469	6.079044124980033e-06
140.29528673200002	0.3275339828568147	6.069147559438465e-06
141.504728859	0.3269014813057565	6.0514759224367566e-06
142.714170986	0.3261797645578654	6.027386179335781e-06
143.92361311300002	0.3253710768534412	5.998268710434034e-06
145.13305524	0.32447779381544123	5.965530463829311e-06
146.34249736700002	0.323502410949665	5.930572142339109e-06
147.551939494	0.3224475327107571	5.894763921740971e-06
148.761381621	0.3213158621240702	5.859422246238371e-06
149.97082374800002	0.320110190947731	5.825788325916531e-06
151.180265875	0.3188333903542995	5.795007671636542e-06
152.38970800200002	0.31748840210774343	5.768109445651048e-06
153.599150129	0.3160782302084924	5.745984490136683e-06
154.808592256	0.3146059329775938	5.729361509306049e-06
156.018034383	0.3130746155497586	5.7187819144752545e-06
157.22747651	0.31148742274442964	5.714575029503849e-06
158.43691863700002	0.3098475322837355	5.716836470017053e-06
159.646360764	0.3081581483261536	5.725413286233456e-06
160.85580289100002	0.30642249528513293	5.73989981369609e-06
162.065245018	0.3046438119024495	5.759648393058593e-06
163.274687145	0.302825345546754	5.783799465745054e-06
164.48412927200002	0.30097034670769995	5.8113363637913994e-06
165.693571399	0.2990820636545288	5.841170521811565e-06
166.90301352600002	0.2971637372238358	5.872261117291011e-06
168.112455653	0.2952185956949661	5.903765861519246e-06
169.32189778	0.2932498497057342	5.9352026627128655e-06
170.53133990700002	0.291260687164699	5.966574495602476e-06
171.740782034	0.28925426814160266	5.9983819338380125e-06
172.95022416100002	0.28723371977229956	6.031447900676252e-06
174.159666288	0.28520213127899047	6.06654161310957e-06
175.369108415	0.2831625492266267	6.103910024444594e-06
176.57855054200002	0.2811179730641996	6.14292432420284e-06
177.787992669	0.2790713508679268	6.182018522622109e-06
178.99743479600002	0.27702557512260484	6.218933499937025e-06
180.206876923	0.2749834784175594	6.25111903164649e-06
181.41631905	0.2729478290428248	6.27611259944573e-06
182.62576117700002	0.2709213265509505	6.291792587090884e-06
183.835203304	0.2689065973631342	6.296497742035758e-06
185.04464543100002	0.2669061904734	6.289053424953523e-06
186.254087558	0.26492257327795216	6.268749848981316e-06
187.46352968500003	0.2629581275431711	6.23530320382343e-06
188.67297181200001	0.26101514552308647	6.188814916052776e-06
189.882413939	0.25909582623952787	6.129733469816965e-06
191.09185606600002	0.2572022719409233	6.058817725977119e-06
192.301298193	0.2553364847573007	5.977099389128635e-06
193.51074032000002	0.2535003635691333	5.885843320701548e-06
194.720182447	0.2516957011070494	5.7865060422090495e-06
195.929624574	0.24992418129854588	5.6806938160129165e-06
197.13906670100002	0.24818737687695988	5.570121818542883e-06
198.348508828	0.24648674726694517	5.456575587710999e-06
199.55795095500002	0.2448236367596354	5.3418753782161805e-06
200.767393082	0.24319927298933042	5.227843696881889e-06
201.976835209	0.24161476572218044	5.116275993295184e-06
203.18627733600002	0.2400711059657115	5.0089144000779755e-06
204.395719463	0.23856916540636772	4.907424363991436e-06
205.60516159000002	0.23710969618046182	4.813374002628636e-06
206.814603717	0.23569333098209846	4.728216040758013e-06
208.02404584400003	0.23432058350970977	4.653272195638665e-06
209.23348797100002	0.23299184925099461	4.5897198929048845e-06
210.442930098	0.2317074066041498	4.538581206373427e-06
211.65237222500002	0.23046741833136752	4.500713917394573e-06
212.861814352	0.22927193333887716	4.4768046208666455e-06
214.07125647900003	0.22812088877594225	4.4673637927933325e-06
215.28069860600002	0.22701411244364397	4.472722768877528e-06
216.490140733	0.2259513255026386	4.493032580466521e-06
217.69958286000002	0.2249321454676145	4.528264608231666e-06
218.909024987	0.22395608947475862	4.578213004602829e-06
220.11846711400003	0.22302257780725918	4.642498849004499e-06
221.32790924100001	0.22213093766275468	4.720575967338962e-06
222.537351368	0.2212804071455948	4.811738339310034e-06
223.74679349500002	0.22047013946599073	4.915129003327616e-06
224.956235622	0.21969920732742926	5.029750333781427e-06
226.16567774900003	0.21896660748324617	5.154475594282909e-06
227.375119876	0.21827126544291578	5.288061601380419e-06
228.584562003	0.21761204030835923	5.4291624376896445e-06
229.79400413000002	0.21698772972049357	5.576344083556621e-06
231.003446257	0.216397074896159	5.728099916303194e-06
232.21288838400002	0.21583876573561658	5.882867027774231e-06
233.422330511	0.21531144598088406	6.039043300720961e-06
234.63177263800003	0.21481371840532765	6.195005198164412e-06
235.84121476500002	0.214344150015222	6.349126171846266e-06
237.050656892	0.21390127724428804	6.499795548895183e-06
238.26009901900002	0.21348361112266598	6.645437711893904e-06
239.469541146	0.21308964240234426	6.784531309256217e-06
240.67898327300003	0.21271784662166726	6.915628195989345e-06
241.88842540000002	0.21236668909222578	7.0373717452395986e-06
243.097867527	0.21203462979226217	7.1485141589343546e-06
244.30730965400002	0.21172012815148492	7.247932391419707e-06
245.516751781	0.21142164771308936	7.334642322357968e-06
246.72619390800003	0.21113766065966968	7.40781084687025e-06
247.93563603500002	0.21086665219063389	7.466765610183673e-06
249.145078162	0.2106071247397023	7.511002171484516e-06
250.35452028900002	0.21035760202197556	7.540188451267166e-06
251.563962416	0.21011663290110957	7.554166411866293e-06
252.77340454300003	0.20988279506804058	7.552950974614763e-06
253.98284667000001	0.20965469852369945	7.536726247422982e-06
255.192288797	0.20943098885916164	7.5058392295156035e-06
256.401730924	0.20921035032761368	7.46079117671019e-06
257.61117305100004	0.20899150870347688	7.402226888526653e-06
258.820615178	0.20877323392500297	7.330922188530563e-06
260.030057305	0.2085543425175593	7.247769911221224e-06
261.239499432	0.20833369979574404	7.153764705603954e-06
262.448941559	0.20811022184335434	7.049986977864427e-06
263.65838368600004	0.20788287727109753	6.937586281940143e-06
264.867825813	0.20765068875273288	6.817764461383499e-06
266.07726794	0.207412734341198	6.6917588088893114e-06
267.286710067	0.20716814856696691	6.56082550452042e-06
268.49615219400005	0.20691612332166331	6.426223580553702e-06
269.70559432100004	0.20665590853061622	6.289199610727471e-06
270.915036448	0.20638681261871766	6.150973338004197e-06
272.124478575	0.20610820277451236	6.012724423492972e-06
273.333920702	0.20581950501803453	5.8755804901589714e-06
274.54336282900005	0.20552020407841076	5.74060661877797e-06
275.75280495600003	0.20520984308773957	5.608796427763355e-06
276.962247083	0.2048880230981486	5.4810648530577585e-06
278.17168921	0.20455440242935552	5.358242694143314e-06
279.381131337	0.2042086958543984	5.2410729789384e-06
280.59057346400004	0.20385067363146564	5.1302091164666635e-06
281.80001559100003	0.2034801603900822	5.026214821024874e-06
283.009457718	0.2030970338800765	4.9295656939776075e-06
284.218899845	0.20270122359195342	4.8406523526243675e-06
285.428341972	0.20229270925744275	4.759784952947863e-06
286.63778409900004	0.20187151923908606	4.68719891794594e-06
287.84722622600003	0.20143772881779093	4.62306169087869e-06
289.056668353	0.20099145838731947	4.567480300322281e-06
290.26611048	0.20053287156465655	4.520509530287178e-06
291.475552607	0.2000621732251858	4.482160496190101e-06
292.68499473400004	0.19957960747154	4.452409400053364e-06
293.89443686100003	0.19908545554486978	4.431206307437469e-06
295.103878988	0.19858003368720908	4.418483740825277e-06
296.313321115	0.19806369096342785	4.414164920933397e-06
297.522763242	0.19753680705113455	4.418171523831172e-06
298.73220536900004	0.19699979000669202	4.430430812678229e-06
299.94164749600003	0.196453074015325	4.450882025095767e-06
301.151089623	0.1958971171330524	4.479481945877611e-06
302.36053175	0.1953323990279937	4.5162095611891945e-06
303.569973877	0.19475941872828928	4.5610697761137174e-06
304.77941600400004	0.19417869238366184	4.614096140699617e-06
305.98885813100003	0.1935907510473452	4.675352584665402e-06
307.198300258	0.1929961384848347	4.744934162294467e-06
308.407742385	0.19239540901559676	4.8229668376870395e-06
309.617184512	0.191789125393591	4.909606344594427e-06
310.82662663900004	0.19117785673213009	5.00503619133073e-06
312.036068766	0.1905621764782669	5.109464872974594e-06
313.245510893	0.1899426604416027	5.223122373573094e-06
314.45495302	0.18931988488202411	5.346256065186026e-06
315.664395147	0.18869442466057473	5.479126088836579e-06
316.87383727400004	0.18806685145731028	5.622000346948854e-06
318.083279401	0.18743773205960754	5.775149200587341e-06
319.292721528	0.18680762672409615	5.938839996599187e-06
320.502163655	0.18617708761499324	6.11333152628017e-06
321.71160578200005	0.1855466573212781	6.298868525473314e-06
322.92104790900004	0.18491686745481625	6.495676306168863e-06
324.130490036	0.18428823733117766	6.703955615280333e-06
325.339932163	0.18366127273457158	6.923877789722988e-06
326.54937429	0.1830364647679808	7.155580276850593e-06
327.75881641700005	0.1824142887892642	7.399162574194801e-06
328.96825854400004	0.18179520343369382	7.654682624555922e-06
330.177700671	0.18117964972303913	7.922153715362865e-06
331.387142798	0.18056805026109765	8.20154187644793e-06
332.596584925	0.17996080851521426	8.492763829271229e-06
333.80602705200005	0.17935830818307236	8.795685462015587e-06
335.01546917900004	0.17876091264383215	9.11012084799164e-06
336.224911306	0.17816896449234898	9.435831799688427e-06
337.434353433	0.17758278515505127	9.772527947834563e-06
338.64379556	0.177002674585774	1.0119867325798474e-05
339.85323768700005	0.1764289110396717	1.047745744800146e-05
341.06267981400003	0.17586175092309866	1.0844856848311699e-05
342.272121941	0.1753014287172105	1.1221577055592251e-05
343.481564068	0.17474815697281987	1.1607084973295755e-05
344.691006195	0.17420212637393567	1.2000805623910588e-05
345.90044832200005	0.17366350586724139	1.2402125231354462e-05
347.10989044900003	0.1731324428546671	1.2810394586500726e-05
348.319332576	0.1726090634461058	1.3224932664021833e-05
349.528774703	0.17209347276920672	1.3645030452924518e-05
350.73821683	0.17158575533314957	1.4069954944867369e-05
351.94765895700004	0.1710859754431965	1.4498953248070049e-05
353.15710108400003	0.17059417766279844	1.4931256790786653e-05
354.366543211	0.17011038731999673	1.5366085555887246e-05
355.575985338	0.1696346110548467	1.580265232834046e-05
356.785427465	0.16916683740455601	1.624016690367683e-05
357.99486959200004	0.16870703742308257	1.6677840238043977e-05
359.20431171900003	0.1682551653319271	1.7114888495620877e-05
360.413753846	0.1678111591988824	1.7550536968600548e-05
361.623195973	0.16737494164155822	1.7984023849304834e-05
362.8326381	0.16694642055254344	1.8414603820238574e-05
364.04208022700004	0.16652548984312787	1.884155145153104e-05
365.25152235400003	0.16611203020256843	1.926416438654208e-05
366.460964481	0.16570590986996855	1.968176629778935e-05
367.670406608	0.1653069854159208	2.0093709600743933e-05
368.87984873500005	0.16491510253113928	2.0499377925575662e-05
370.08929086200004	0.1645300968194296	2.0898188325704802e-05
371.29873298900003	0.16415179459239546	2.128959323656066e-05
372.508175116	0.16378001366346195	2.1673082168445836e-05
373.717617243	0.163414564138796	2.2048183141564834e-05
374.92705937000005	0.16305524920291461	2.2414463864372487e-05
376.13650149700004	0.16270186589682642	2.277153265987992e-05
377.34594362400003	0.16235420588666885	2.31190391455514e-05
378.555385751	0.16201205622093862	2.345667467519895e-05
379.764827878	0.16167520007451158	2.3784172549152485e-05
380.97427000500005	0.16134341747776146	2.4101308004230477e-05
382.18371213200004	0.16101648602921442	2.4407898001126203e-05
383.393154259	0.16069418159027685	2.470380080291878e-05
384.602596386	0.1603762789606929	2.4988915380509492e-05
385.812038513	0.16006255253349844	2.5263180635514893e-05
387.02148064000005	0.15975277692834314	2.552657447130842e-05
388.23092276700004	0.15944672760218276	2.5779112711953074e-05
389.440364894	0.15914418143639839	2.6020847891173232e-05
390.649807021	0.15884491729956418	2.6251867919997102e-05
391.859249148	0.1585487165851483	2.6472294651455633e-05
393.06869127500005	0.15825536372352908	2.668228234220528e-05
394.27813340200004	0.15796464666782908	2.6882016043280536e-05
395.487575529	0.15767635735313001	2.707170991192299e-05
396.697017656	0.1573902921287475	2.7251605471272434e-05
397.906459783	0.15710625216332266	2.7421969820081627e-05
399.11590191000005	0.15682404382255227	2.7583093807313283e-05
400.32534403700004	0.15654347901949955	2.7735290181304788e-05
401.534786164	0.1562643755374574	2.787889171572383e-05
402.744228291	0.15598655732544997	2.801424933659055e-05
403.953670418	0.15570985476650548	2.8141730242078846e-05
405.16311254500005	0.15543410491890577	2.8261716031061086e-05
406.37255467200004	0.15515915173068964	2.8374600848253923e-05
407.581996799	0.1548848462277347	2.848078954687601e-05
408.791438926	0.1546110466758178	2.858069588310975e-05
410.000881053	0.15433761871708662	2.867474073385848e-05
411.21032318000005	0.15406443548145637	2.876335036123972e-05
412.41976530700003	0.15379137767346293	2.8846954708747833e-05
413.629207434	0.15351833363516376	2.8925985752236868e-05
414.838649561	0.15324519938573467	2.9000875888104918e-05
416.04809168800006	0.15297187863842085	2.9072056385431272e-05
417.25753381500004	0.15269828279555744	2.9139955884396017e-05
418.46697594200003	0.15242433092240917	2.9204998952095818e-05
419.676418069	0.15214994970058848	2.9267604702596068e-05
420.885860196	0.1518750733618759	2.9328185475858672e-05
422.09530232300006	0.15159964360324726	2.9387145579078155e-05
423.30474445000004	0.15132360948397924	2.944488009447764e-05
424.51418657700003	0.1510469273056804	2.950177375334598e-05
425.723628704	0.1507695604761561	2.9558199878245324e-05
426.933070831	0.15049147935799	2.961451939221783e-05
428.14251295800005	0.15021266110276038	2.9671079899599145e-05
429.35195508500004	0.14993308947181253	2.9728214838467133e-05
430.56139721200003	0.14965275464451783	2.978624270061378e-05
431.770839339	0.14937165301493321	2.9845466328312733e-05
432.980281466	0.14908978697781597	2.990617227939996e-05
434.18972359300005	0.1488071647049103	2.9968630266917597e-05
435.39916572000004	0.14852379991243225	3.0033092670578278e-05
436.60860784700003	0.14823971162068636	3.0099794121114795e-05
437.818049974	0.14795492390671552	3.0168951156805573e-05
439.027492101	0.1476694656508922	3.0240761947693225e-05
440.23693422800005	0.14738337027835485	3.0315406099528564e-05
441.44637635500004	0.1470966754961479	3.0393044518531665e-05
442.65581848200003	0.14680942302694203	3.0473819344966644e-05
443.865260609	0.14652165834017924	3.0557853963553624e-05
445.074702736	0.14623343038146164	3.06452530682261e-05
446.28414486300005	0.14594479130098992	3.073610279803463e-05
447.49358699000004	0.14565579618184576	3.083047092793633e-05
448.703029117	0.14536650276885654	3.092840712847624e-05
449.912471244	0.14507697119879903	3.102994327075755e-05
451.121913371	0.14478726373262604	3.1135093796298635e-05
452.33135549800005	0.14449744449041152	3.124385612960039e-05
453.54079762500004	0.1442075791896635	3.135621114368391e-05
454.750239752	0.14391773488761506	3.147212366886687e-05
455.959681879	0.14362797972810168	3.159154303975016e-05
457.169124006	0.14333838269357135	3.171440368742911e-05
458.37856613300005	0.1430490133627592	3.184062575536512e-05
459.58800826000004	0.14275994167453088	3.197011575733625e-05
460.797450387	0.1424712376983515	3.2102767248611905e-05
462.006892514	0.14218297141181171	3.2238461531758366e-05
463.216334641	0.14189521248561462	3.2377068373914236e-05
464.42577676800005	0.1416080300763853	3.251844674148339e-05
465.63521889500004	0.14132149262763635	3.266244554191754e-05
466.844661022	0.14103566767918874	3.280890437875297e-05
468.054103149	0.14075062168531813	3.29576543059982e-05
469.26354527600006	0.14046641984185454	3.310851858419898e-05
470.47298740300005	0.1401831259224498	3.3261313430304814e-05
471.68242953000004	0.13990080212416975	3.3415848764655806e-05
472.891871657	0.1396195089225588	3.3571928946506605e-05
474.101313784	0.13933930493628646	3.372935349552932e-05
475.31075591100006	0.13906024680144874	3.38879178004656e-05
476.52019803800005	0.13878238905558657	3.4047413809567085e-05
477.72964016500003	0.13850578403142852	3.4207630700170326e-05
478.939082292	0.13823048176035863	3.436835552671237e-05
480.148524419	0.1379565298855766	3.452937385144066e-05
481.35796654600006	0.13768397358489248	3.469047034183814e-05
482.56740867300005	0.13741285550306875	3.485142935050499e-05
483.77685080000003	0.1371432156936021	3.5012035463787996e-05
484.986292927	0.13687509156981392	3.5172074028031895e-05
486.195735054	0.136608517865105	3.533133164823653e-05
487.40517718100006	0.13634352660218524	3.548959665749879e-05
488.61461930800004	0.1360801470710978	3.564665956617559e-05
489.82406143500003	0.1358184058158229	3.5802313478273186e-05
491.033503562	0.13555832662922893	3.5956354488950766e-05
492.242945689	0.1352999305561246	3.61085820556019e-05
493.45238781600005	0.1350432359041595	3.6258799345647796e-05
494.66182994300004	0.1347882582622851	3.6406813561356335e-05
495.87127207000003	0.1345350105265005	3.655243624743924e-05
497.080714197	0.13428350293257485	3.669548357634798e-05
498.290156324	0.13403374309543775	3.683577661569797e-05
499.49959845100005	0.13378573605492883	3.697314157770709e-05
500.70904057800004	0.13353948432756096	3.710741005785634e-05
501.91848270500003	0.1332949879639761	3.723841925141737e-05
503.127924832	0.1330522446117481	3.736601216472756e-05
504.337366959	0.13281124958318813	3.749003780700904e-05
505.54680908600005	0.13257199592780564	3.7610351375912484e-05
506.75625121300004	0.13233447450906538	3.772681443073829e-05
507.96569334000003	0.13209867408510054	3.783929505790168e-05
509.175135467	0.1318645813930165	3.794766802258485e-05
510.384577594	0.13163218123643677	3.8051814917222995e-05
511.59401972100005	0.13140145657594007	3.815162429789947e-05
512.803461848	0.13117238862203856	3.824699181437307e-05
514.0129039750001	0.13094495693035324	3.833782033066166e-05
515.2223461020001	0.13071913949863673	3.842402003992779e-05
516.4317882290001	0.130494912865319	3.850550856670946e-05
517.641230356	0.13027225220923802	3.858221106332847e-05
518.850672483	0.13005113145023148	3.8654060294341405e-05
520.06011461	0.12983152335027445	3.872099671187131e-05
521.269556737	0.12961339961485713	3.8782968521768355e-05
522.478998864	0.12939673099429744	3.883993173503448e-05
523.688440991	0.12918148738470123	3.8891850208220244e-05
524.897883118	0.1289676379282909	3.893869567176748e-05
526.1073252450001	0.12875515111282915	3.8980447741201716e-05
527.3167673720001	0.12854399486988677	3.9017093916640316e-05
528.5262094990001	0.1283341366716908	3.904862956276932e-05
529.735651626	0.12812554362633533	3.9075057874625164e-05
530.945093753	0.12791818257111912	3.9096389825751194e-05
532.15453588	0.1277120201638048	3.911264409824456e-05
533.363978007	0.1275070229715958	3.912384699230341e-05
534.573420134	0.12730315755764668	3.9130032319482004e-05
535.782862261	0.12710039056494105	3.913124127484917e-05
536.9923043880001	0.12689868879736024	3.912752228900985e-05
538.2017465150001	0.1266980192978143	3.911893086362293e-05
539.4111886420001	0.12649834942328766	3.910552937889349e-05
540.6206307690001	0.1262996469166919	3.9087386894066684e-05
541.830072896	0.12610187997539868	3.906457891861698e-05
543.039515023	0.12590501731638704	3.903718716974248e-05
544.24895715	0.12570902823788846	3.900529931060868e-05
545.458399277	0.12551388267749505	3.896900867253488e-05
546.667841404	0.12531955126665156	3.8928413959471625e-05
547.877283531	0.12512600538149507	3.8883618939565446e-05
549.0867256580001	0.12493321719001035	3.8834732123440283e-05
550.2961677850001	0.12474115969548179	3.8781866426336364e-05
551.5056099120001	0.12454980677623302	3.8725138826267606e-05
552.715052039	0.12435913322164996	3.8664670005955076e-05
553.924494166	0.12416911476451262	3.8600583992055956e-05
555.133936293	0.1239797281096461	3.853300778791226e-05
556.34337842	0.12379095095893504	3.846207100093212e-05
557.552820547	0.1236027620327419	3.8387905468279975e-05
558.762262674	0.12341514108777207	3.831064488283818e-05
559.971704801	0.12322806893145884	3.823042442103876e-05
561.1811469280001	0.1230415274329331	3.814738037278404e-05
562.3905890550001	0.12285549953065064	3.806164977573863e-05
563.6000311820001	0.12266996923676696	3.797337006037264e-05
564.809473309	0.1224849216383441	3.788267869815471e-05
566.018915436	0.12230034289549288	3.7789712863222425e-05
567.228357563	0.12211622023655021	3.769460910178162e-05
568.43779969	0.1219325419503983	3.759750302072436e-05
569.647241817	0.12174929737604184	3.749852898314019e-05
570.856683944	0.12156647688955878	3.73978198232104e-05
572.066126071	0.12138407188854743	3.729550657511345e-05
573.2755681980001	0.12120207477419072	3.719171821909891e-05
574.4850103250001	0.12102047893107183	3.708658144764589e-05
575.6944524520001	0.12083927870486512	3.698022044567081e-05
576.903894579	0.12065846937803647	3.687275669204824e-05
578.113336706	0.12047804714368746	3.67643087806079e-05
579.322778833	0.12029800907767961	3.665499225697191e-05
580.53222096	0.12011835310916716	3.6544919476977854e-05
581.741663087	0.11993907798968138	3.643419948493764e-05
582.951105214	0.11976018326090083	3.6322937907186624e-05
584.160547341	0.1195816692212362	3.621123686633636e-05
585.3699894680001	0.11940353689137462	3.609919491353312e-05
586.5794315950001	0.11922578797890397	3.5986906975052764e-05
587.7888737220001	0.11904842484215898	3.587446432097255e-05
588.998315849	0.11887145045341214	3.5761954544270305e-05
590.207757976	0.1186948683615382	3.5649461557537365e-05
591.417200103	0.1185186826542754	3.553706560255028e-05
592.62664223	0.11834289792020941	3.542484327647799e-05
593.836084357	0.11816751921059243	3.531286756527309e-05
595.045526484	0.11799255200111698	3.520120789334594e-05
596.2549686110001	0.11781800215375608	3.508993017890809e-05
597.4644107380001	0.11764387587877322	3.497909690258207e-05
598.6738528650001	0.11747017969700926	3.486876718083499e-05
599.8832949920001	0.11729692040254985	3.475899685116762e-05
601.092737119	0.11712410502586107	3.464983855724393e-05
602.302179246	0.1169517407974877	3.4541341843744934e-05
603.511621373	0.116779835112405	3.4433553258208704e-05
604.7210635	0.11660839549509297	3.432651644611791e-05
605.930505627	0.11643742956543265	3.42202722600606e-05
607.139947754	0.116266945005467	3.4114858862755525e-05
608.3493898810001	0.11609694952712278	3.401031183437807e-05
609.5588320080001	0.11592745084093406	3.390666428018495e-05
610.7682741350001	0.11575845662583602	3.380394693583279e-05
611.9777162620001	0.11558997450008016	3.3702188271372e-05
613.187158389	0.11542201199331291	3.360141459700525e-05
614.396600516	0.11525457651986999	3.350165016208574e-05
615.606042643	0.11508767535331539	3.340291725695517e-05
616.81548477	0.11492131560225817	3.33052363054174e-05
618.024926897	0.11475550418748308	3.3208625955756125e-05
619.234369024	0.11459024782041338	3.3113103174394734e-05
620.4438111510001	0.1144255529829173	3.301868332579509e-05
621.6532532780001	0.11426142590849026	3.2925380255176075e-05
622.8626954050001	0.11409787256480201	3.283320636413097e-05
624.072137532	0.11393489863763046	3.274217268331868e-05
625.281579659	0.11377250951617446	3.2652288939984804e-05
626.491021786	0.11361071027974565	3.256356362002024e-05
627.700463913	0.11344950568583377	3.24760040302602e-05
628.90990604	0.11328890015953172	3.238961634999872e-05
630.119348167	0.11312889778430864	3.230440568394881e-05
631.328790294	0.11296950229411373	3.222037610702041e-05
632.5382324210001	0.11281071706679062	3.213753071004796e-05
633.7476745480001	0.11265254511877278	3.205587163762058e-05
634.9571166750001	0.11249498910104337	3.197540012109636e-05
636.166558802	0.11233805129631674	3.1896116515762825e-05
637.376000929	0.11218173361742283	3.181802032724079e-05
638.585443056	0.11202603760685152	3.1741110238282925e-05
639.794885183	0.11187096443741933	3.166538413208439e-05
641.00432731	0.11171651491402715	3.1590839115037404e-05
642.213769437	0.11156268947645792	3.1517471534343117e-05
643.4232115640001	0.11140948820318022	3.14452769960267e-05
644.6326536910001	0.11125691081611133	3.137425038106264e-05
645.8420958180001	0.11110495668629007	3.1304385857606565e-05
647.0515379450001	0.11095362484042158	3.1235676895036565e-05
648.260980072	0.11080291396823454	3.116811627562664e-05
649.470422199	0.11065282243061883	3.1101696103957116e-05
650.679864326	0.11050334826847744	3.103640781935516e-05
651.889306453	0.1103544892122541	3.0972242203594075e-05
653.09874858	0.11020624269208516	3.0909189391660244e-05
654.308190707	0.11005860584852369	3.084723887980395e-05
655.5176328340001	0.10991157554378482	3.0786379534709074e-05
656.7270749610001	0.10976514837346937	3.072659960532778e-05
657.9365170880001	0.10961932067870589	3.0667886729285406e-05
659.1459592150001	0.10947408855867476	3.061022794504475e-05
660.355401342	0.10932944788345032	3.05536097018655e-05
661.564843469	0.10918539430712867	3.0498017871916097e-05
662.774285596	0.10904192328118283	3.0443437760638333e-05
663.983727723	0.10889903006800547	3.0389854119116464e-05
665.19316985	0.10875670975459241	3.033725115931135e-05
666.402611977	0.10861495726631384	3.0285612565111373e-05
667.6120541040001	0.108473767380753	3.0234921508082354e-05
668.8214962310001	0.10833313474154369	3.0185160664266467e-05
670.0309383580001	0.10819305387218503	3.0136312228026e-05
671.2403804850001	0.10805351918978363	3.008835793050142e-05
672.449822612	0.10791452501869789	3.0041279055900884e-05
673.659264739	0.10777606560402922	2.999505645914987e-05
674.868706866	0.10763813512495239	2.9949670585600453e-05
676.078148993	0.10750072770782773	2.9905101489414704e-05
677.28759112	0.10736383743907012	2.9861328853257784e-05
678.497033247	0.10722745837776335	2.9818332006333177e-05
679.7064753740001	0.10709158456796722	2.977608994773605e-05
680.9159175010001	0.10695621005070549	2.9734581361862903e-05
682.1253596280001	0.106821328875611	2.9693784641789268e-05
683.3348017550001	0.10668693511219916	2.965367790751487e-05
684.544243882	0.1065530228607564	2.9614239025681983e-05
685.753686009	0.1064195862628148	2.957544563107738e-05
686.963128136	0.10628661951121243	2.953727514308624e-05
688.172570263	0.10615411685970576	2.9499704783956422e-05
689.38201239	0.1060220726321396	2.9462711599925232e-05
690.5914545170001	0.1058904812311412	2.9426272475254232e-05
691.8008966440001	0.10575933714634922	2.9390364151026663e-05
693.0103387710001	0.10562863496215957	2.935496323934418e-05
694.2197808980001	0.10549836936498026	2.93200462395097e-05
695.429223025	0.10536853514999242	2.9285589551390174e-05
696.638665152	0.1052391272274193	2.9251569490182698e-05
697.848107279	0.10511014062829169	2.9217962295967237e-05
699.057549406	0.10498157050971349	2.9184744147053348e-05
700.266991533	0.10485341215963853	2.915189116916324e-05
701.47643366	0.10472566100113771	2.9119379443465696e-05
702.6858757870001	0.10459831259618649	2.9087185019158426e-05
703.8953179140001	0.10447136264896154	2.9055283915419612e-05
705.1047600410001	0.1043448070086525	2.9023652131445165e-05
706.3142021680001	0.10421864167180947	2.899226565117804e-05
707.523644295	0.10409286278421925	2.8961100447918767e-05
708.733086422	0.10396746664232717	2.8930132487619734e-05
709.942528549	0.10384244969422105	2.889933773428336e-05
711.151970676	0.10371780854017199	2.886869215197125e-05
712.361412803	0.10359353993276209	2.8838171707925348e-05
713.57085493	0.10346964077660212	2.8807752373050885e-05
714.7802970570001	0.10334610812765771	2.8777410126963846e-05
715.9897391840001	0.10322293919218749	2.8747120959505664e-05
717.1991813110001	0.10310013132532925	2.8716860870261484e-05
718.4086234380001	0.1029776820293282	2.8686605874374772e-05
719.618065565	0.10285558895143576	2.8656332004391794e-05
720.827507692	0.10273384988149169	2.8626015312008013e-05
722.036949819	0.10261246274920577	2.8595631874325046e-05
723.246391946	0.10249142562115594	2.8565157796128867e-05
724.455834073	0.10237073669752571	2.8534569216607695e-05
725.6652762	0.10225039430858932	2.8503842317054242e-05
726.8747183270001	0.10213039691096881	2.8472953327009712e-05
728.0841604540001	0.10201074308367684	2.8441878532420556e-05
729.2936025810001	0.10189143152396914	2.8410594286589626e-05
730.5030447080001	0.10177246104301385	2.8379077024599102e-05
731.712486835	0.1016538305614063	2.83473032699258e-05
732.921928962	0.10153553910453826	2.8315249656375755e-05
734.131371089	0.10141758579784753	2.828289293854823e-05
735.340813216	0.1012999698619544	2.825021001154454e-05
736.550255343	0.10118269060771116	2.82171779319871e-05
737.7596974700001	0.10106574743117686	2.818377393601285e-05
738.9691395970001	0.10094913980853187	2.8149975467648125e-05
740.1785817240001	0.10083286729095739	2.8115760194295514e-05
741.3880238510001	0.10071692949947776	2.808110604133525e-05
742.5974659780001	0.10060132611980062	2.8045991213535875e-05
743.806908105	0.10048605689716052	2.8010394229096506e-05
745.016350232	0.10037112163117187	2.797429394555607e-05
746.225792359	0.10025652017072367	2.7937669593649337e-05
747.435234486	0.10014225240891052	2.79005008077779e-05
748.644676613	0.10002831827802378	2.7862767662268563e-05
749.8541187400001	0.09991471774461519	2.7824450703831976e-05
751.0635608670001	0.0998014508046367	2.7785530987089607e-05
752.2730029940001	0.09968851747867424	2.774599011118437e-05
753.4824451210001	0.09957591780728527	2.7705810252944498e-05
754.6918872480001	0.09946365184644293	2.7664974204932716e-05
755.901329375	0.09935171966310602	2.7623465410921085e-05
757.110771502	0.09924012133091897	2.7581268000552606e-05
758.320213629	0.09912885692604738	2.753836682425407e-05
759.529655756	0.0990179265231578	2.7494747487977868e-05
760.739097883	0.09890733019155201	2.7450396386713088e-05
761.9485400100001	0.09879706799145584	2.7405300733602296e-05
763.1579821370001	0.09868713997047124	2.735944859514024e-05
764.3674242640001	0.09857754616020153	2.73128289156248e-05
765.5768663910001	0.09846828657303965	2.7265431546564922e-05
766.786308518	0.09835936119913899	2.7217247271515045e-05
767.995750645	0.09825077000356294	2.716826782884221e-05
769.205192772	0.09814251292360998	2.711848593156257e-05
770.414634899	0.09803458986632657	2.7067895285344172e-05
771.624077026	0.09792700070620139	2.7016490603294948e-05
772.833519153	0.09781974528304856	2.696426762042328e-05
774.0429612800001	0.09771282340006879	2.6911223101125353e-05
775.2524034070001	0.09760623482210332	2.685735484470457e-05
776.4618455340001	0.09749997927406452	2.680266169061005e-05
777.6712876610001	0.09739405643955368	2.6747143517446686e-05
778.880729788	0.09728846595965687	2.6690801240535552e-05
780.090171915	0.09718320743191883	2.6633636802851204e-05
781.299614042	0.09707828040949383	2.657565316910061e-05
782.509056169	0.09697368440046907	2.651685430931265e-05
783.718498296	0.09686941886735467	2.6457245184339073e-05
784.9279404230001	0.09676548322673989	2.639683172644644e-05
786.1373825500001	0.09666187684911123	2.6335620815572833e-05
787.3468246770001	0.09655859905882294	2.6273620255496562e-05
788.5562668040001	0.09645564913422065	2.6210838744353113e-05
789.7657089310001	0.09635302630791291	2.6147285843188504e-05
790.975151058	0.0962507297671779	2.6082971943566593e-05
792.184593185	0.09614875865451003	2.601790823180797e-05
793.394035312	0.09604711206829042	2.5952106647907615e-05
794.603477439	0.0959457890635865	2.5885579848498078e-05
795.812919566	0.0958447886530566	2.581834116173649e-05
797.0223616930001	0.09574410980797932	2.575040454539947e-05
798.2318038200001	0.09564375145937339	2.568178454090689e-05
799.4412459470001	0.09554371249922035	2.5612496225068487e-05
800.6506880740001	0.0954439917817763	2.554255516483079e-05
801.8601302010001	0.09534458812496428	2.547197736805405e-05
803.069572328	0.09524550031184764	2.54007792337728e-05
804.279014455	0.09514672709216734	2.5328977503328703e-05
805.488456582	0.09504826718394585	2.5256589212835857e-05
806.697898709	0.09495011927514642	2.5183631640254724e-05
807.907340836	0.09485228202537901	2.5110122258559798e-05
809.1167829630001	0.0947547540676508	2.5036078688765355e-05
810.3262250900001	0.09465753401015158	2.496151864851146e-05
811.5356672170001	0.0945606204380686	2.4886459909088008e-05
812.7451093440001	0.09446401191542744	2.4810920248195678e-05
813.9545514710001	0.09436770698694072	2.4734917403680276e-05
815.163993598	0.09427170417987947	2.4658469033887467e-05
816.373435725	0.09417600200593876	2.4581592672889275e-05
817.582877852	0.09408059896311183	2.4504305694592708e-05
818.792319979	0.09398549353754916	2.442662527000588e-05
820.001762106	0.09389068420540997	2.434856833601014e-05
821.2112042330001	0.09379616943469737	2.4270151558431562e-05
822.4206463600001	0.09370194768706692	2.4191391298925895e-05
823.6300884870001	0.09360801741961651	2.4112303587203434e-05
824.8395306140001	0.09351437708663805	2.4032904092567033e-05
826.0489727410001	0.0934210251413383	2.3953208097783863e-05
827.258414868	0.09332796003751764	2.3873230476369086e-05
828.467856995	0.09323518023120624	2.3792985668887342e-05
829.677299122	0.0931426841822585	2.3712487666243805e-05
830.886741249	0.09305047035588825	2.363174999114127e-05
832.0961833760001	0.09295853722416268	2.355078568319054e-05
833.3056255030001	0.09286688326743162	2.3469607286220482e-05
834.5150676300001	0.09277550697570631	2.3388226836185547e-05
835.7245097570001	0.09268440684997367	2.3306655853971684e-05
836.9339518840001	0.09259358140344642	2.3224905336099115e-05
838.143394011	0.09250302916275954	2.3142985750453384e-05
839.352836138	0.09241274866909044	2.3060907031905777e-05
840.562278265	0.09232273847922039	2.2978678580276343e-05
841.771720392	0.09223299716652457	2.2896309260375056e-05
842.981162519	0.09214352332189688	2.2813807401297763e-05
844.1906046460001	0.0920543155546067	2.2731180799077884e-05
845.4000467730001	0.09196537249307891	2.2648436722178278e-05
846.6094889000001	0.09187669278561966	2.2565581913383993e-05
847.8189310270001	0.09178827510105939	2.2482622597273523e-05
849.0283731540001	0.09170011812933582	2.2399564485472766e-05
850.237815281	0.09161222058200237	2.2316412786102308e-05
851.447257408	0.0915245811926798	2.223317221053788e-05
852.656699535	0.09143719871742897	2.214984698437177e-05
853.866141662	0.09135007193506571	2.2066440855201525e-05
855.075583789	0.09126319964741243	2.198295710633055e-05
856.2850259160001	0.09117658067947833	2.1899398565939145e-05
857.4944680430001	0.09109021387958796	2.1815767618081756e-05
858.7039101700001	0.09100409811944511	2.173206621548623e-05
859.9133522970001	0.09091823229413812	2.1648295894232697e-05
861.1227944240001	0.09083261532209179	2.1564457783424184e-05
862.332236551	0.0907472461449603	2.1480552620783075e-05
863.541678678	0.09066212372747263	2.139658076424533e-05
864.751120805	0.09057724705722289	2.1312542206400667e-05
865.960562932	0.09049261514441753	2.1228436588745077e-05
867.170005059	0.09040822702157146	2.11442632161685e-05
868.3794471860001	0.09032408174316532	2.106002106885818e-05
869.5888893130001	0.09024017838525718	2.0975708818719484e-05
870.7983314400001	0.09015651604505705	2.0891324843216783e-05
872.0077735670001	0.09007309384046765	2.080686723807957e-05
873.2172156940001	0.08998991090958766	2.072233383595963e-05
874.426657821	0.08990696641018203	2.0637722216265137e-05
875.636099948	0.08982425951912867	2.0553029722971434e-05
876.845542075	0.0897417894318336	2.0468253476253195e-05
878.054984202	0.08965955536162458	2.038339039051401e-05
879.2644263290001	0.08957755653912305	2.029843718557054e-05
880.4738684560001	0.08949579221159186	2.0213390403442153e-05
881.6833105830001	0.08941426164227634	2.0128246421484815e-05
882.8927527100001	0.08933296410972079	2.004300146773637e-05
884.1021948370001	0.08925189890707855	1.9957651634204277e-05
885.3116369640001	0.08917106534141234	1.987219289192589e-05
886.521079091	0.08909046273298152	1.9786621104355793e-05
887.730521218	0.08901009041453224	1.9700932041410896e-05
888.939963345	0.0889299477305782	1.961512139440059e-05
890.149405472	0.08885003403668428	1.9529184787977707e-05
891.3588475990001	0.08877034869874889	1.944311779565017e-05
892.5682897260001	0.08869089109228914	1.935691595135973e-05
893.7777318530001	0.08861166060173316	1.9270574763415512e-05
894.9871739800001	0.08853265661971645	1.9184089727050454e-05
896.1966161070001	0.08845387854639175	1.909745633930052e-05
897.406058234	0.08837532578874137	1.901067010712701e-05
898.615500361	0.08829699775990692	1.8923726564159282e-05
899.824942488	0.08821889387853196	1.883662127888489e-05
901.034384615	0.08814101356811482	1.8749349870153807e-05
902.243826742	0.08806335625638544	1.866190801406326e-05
903.4532688690001	0.08798592137469091	1.857429145744642e-05
904.6627109960001	0.08790870835740479	1.8486496028211092e-05
905.8721531230001	0.08783171664135417	1.8398517646315527e-05
907.0815952500001	0.08775494566526731	1.8310352331539502e-05
908.2910373770001	0.08767839486924288	1.822199621310064e-05
909.500479504	0.08760206369424113	1.813344554080367e-05
910.709921631	0.0875259515815994	1.804469669262499e-05
911.919363758	0.08745005797256436	1.795574618114113e-05
913.128805885	0.08737438230786135	1.7866590662929918e-05
914.338248012	0.08729892402727207	1.7777226945628688e-05
915.5476901390001	0.08722368256925286	1.7687651995178528e-05
916.7571322660001	0.0871486573705653	1.7597862939516825e-05
917.9665743930001	0.0870738478659387	1.7507857079410272e-05
919.1760165200001	0.08699925348775882	1.7417631887372243e-05
920.3854586470001	0.08692487366577734	1.7327185018934207e-05
921.594900774	0.08685070782684931	1.7236514312385065e-05
922.804342901	0.08677675539469829	1.714561779494167e-05
924.013785028	0.08670301578970123	1.705449368476576e-05
925.223227155	0.08662948842870524	1.6963140397373886e-05
926.432669282	0.08655617272486081	1.6871556544379333e-05
927.6421114090001	0.0864830680874872	1.6779740937285006e-05
928.8515535360001	0.08641017392195435	1.6687692589674835e-05
930.0609956630001	0.08633748962959609	1.6595410718219288e-05
931.2704377900001	0.08626501460764005	1.6502894741193237e-05
932.4798799170001	0.08619274824915935	1.641014428480989e-05
933.689322044	0.08612068994305465	1.6317159176850167e-05
934.898764171	0.08604883907404295	1.6223939450033022e-05
936.108206298	0.08597719502268185	1.6130485341654066e-05
937.317648425	0.0859057571654009	1.603679729068036e-05
938.5270905520001	0.08583452487456071	1.5942875937366962e-05
939.7365326790001	0.08576349751852308	1.584872212146852e-05
940.9459748060001	0.08569267446174507	1.5754336880501988e-05
942.1554169330001	0.08562205506488223	1.5659721447708303e-05
943.3648590600001	0.08555163868491217	1.5564877250086265e-05
944.5743011870001	0.08548142467527202	1.546980590363448e-05
945.783743314	0.08541141238600904	1.5374509211946232e-05
946.993185441	0.08534160116394453	1.5278989164230873e-05
948.202627568	0.08527199035284294	1.5183247928620042e-05
949.412069695	0.08520257929360565	1.5087287851230875e-05
950.6215118220001	0.08513336732446215	1.4991111451618572e-05
951.8309539490001	0.08506435378117744	1.4894721419425583e-05
953.0403960760001	0.0849955379972619	1.4798120608019431e-05
954.2498382030001	0.08492691930419487	1.4701312033132955e-05
955.4592803300001	0.08485849703164926	1.460429886724404e-05
956.6687224570001	0.08479027050772621	1.4507084434401072e-05
957.878164584	0.08472223905918702	1.4409672207467704e-05
959.087606711	0.08465440201169797	1.431206580121287e-05
960.297048838	0.08458675869007092	1.4214268969826681e-05
961.506490965	0.0845193084185111	1.4116285601837127e-05
962.7159330920001	0.0844520505208604	1.4018119711910248e-05
963.9253752190001	0.0843849843208452	1.3919775442199166e-05
965.1348173460001	0.08431810914232435	1.382125705136023e-05
966.3442594730001	0.08425142430953159	1.3722568913996682e-05
967.5537016000001	0.08418492914732396	1.3623715514058372e-05
968.763143727	0.08411862298141799	1.3524701439497269e-05
969.972585854	0.08405250513863065	1.3425531377795445e-05
971.182027981	0.08398657494711259	1.3326210111731014e-05
972.391470108	0.08392083173657833	1.3226742514249924e-05
973.600912235	0.08385527483853202	1.3127133542920333e-05
974.8103543620001	0.08378990358648693	1.3027388237078207e-05
976.0197964890001	0.08372471731617796	1.292751171079958e-05
977.2292386160001	0.08365971536577069	1.2827509150097186e-05
978.4386807430001	0.08359489707606248	1.272738580722214e-05
979.6481228700001	0.08353026179067229	1.2627146997029012e-05
980.857564997	0.08346580885623121	1.2526798093152561e-05
982.067007124	0.08340153762255856	1.2426344520798521e-05
983.276449251	0.08333744744282927	1.232579175672996e-05
984.485891378	0.08327353767373974	1.2225145320530781e-05
985.6953335050001	0.08320980767565762	1.2124410774857557e-05
986.9047756320001	0.0831462568127656	1.202359371827186e-05
988.1142177590001	0.08308288445319716	1.1922699783600958e-05
989.3236598860001	0.0830196899691601	1.1821734632433073e-05
990.5331020130001	0.08295667273705744	1.1720703952555464e-05
991.7425441400001	0.0828938321375878	1.1619613453152974e-05
992.951986267	0.08283116755584832	1.1518468863918292e-05
994.161428394	0.08276867838142028	1.141727592770593e-05
995.370870521	0.08270636400844837	1.1316040400653637e-05
996.580312648	0.08264422383570841	1.1214768047579911e-05
997.7897547750001	0.08258225726667015	1.1113464639351966e-05
998.9991969020001	0.08252046370954629	1.1012135948989205e-05
1000.2086390290001	0.08245884257733246	1.0910787748124781e-05
1001.4180811560001	0.08239739328784332	1.0809425808161989e-05
1002.6275232830001	0.08233611526373331	1.0708055893473884e-05
1003.8369654100001	0.08227500793251483	1.0606683758303115e-05
1005.046407537	0.08221407072656003	1.050531514838796e-05
1006.255849664	0.08215330308310564	1.04039557945256e-05
1007.465291791	0.08209270444423884	1.0302611410780605e-05
1008.674733918	0.08203227425688012	1.0201287694197456e-05
1009.8841760450001	0.081972011972761	1.0099990319797353e-05
1011.0936181720001	0.0819119170483912	9.998724940514883e-06
1012.3030602990001	0.08185198894501679	9.897497183279566e-06
1013.5125024260001	0.08179222712857678	9.796312647044542e-06
1014.7219445530001	0.08173263106965288	9.69517690069584e-06
1015.9313866800001	0.08167320024340854	9.594095483042668e-06
1017.140828807	0.08161393412952549	9.49307389616962e-06
1018.350270934	0.08155483221213734	9.392117607617761e-06
1019.559713061	0.0814958939797517	9.291232046468635e-06
1020.769155188	0.08143711892517426	9.190422600251073e-06
1021.9785973150001	0.0813785065454245	9.089694614683792e-06
1023.1880394420001	0.08132005634164788	8.989053390887153e-06
1024.397481569	0.08126176781902589	8.88850418186817e-06
1025.606923696	0.08120364048668155	8.788052191795153e-06
1026.816365823	0.08114567385758208	8.68770257543232e-06
1028.0258079500002	0.08108786744844101	8.587460430992736e-06
1029.235250077	0.08103022077961061	8.48733080265302e-06
1030.4446922040001	0.08097273337498437	8.387318675440289e-06
1031.654134331	0.08091540476188742	8.287428974569849e-06
1032.8635764580001	0.08085823447096868	8.187666560559784e-06
1034.073018585	0.08080122203609684	8.088036230397649e-06
1035.282460712	0.08074436699424524	7.98854271055794e-06
1036.491902839	0.08068766888538985	7.889190657837307e-06
1037.701344966	0.0806311272523944	7.7899846552307e-06
1038.9107870930002	0.08057474164090292	7.690929210218624e-06
1040.12022922	0.08051851159923198	7.592028749417368e-06
1041.3296713470002	0.08046243667826057	7.493287618882597e-06
1042.539113474	0.08040651643132586	7.394710079168626e-06
1043.7485556010001	0.08035075041411488	7.296300300069135e-06
1044.957997728	0.08029513818455988	7.1980623617045365e-06
1046.167439855	0.0802396793027377	7.100000250017153e-06
1047.376881982	0.08018437333076883	7.002117851495328e-06
1048.586324109	0.08012921983271575	6.904418951539726e-06
1049.795766236	0.08007421837448855	6.806907230519365e-06
1051.005208363	0.08001936852375069	6.709586258276405e-06
1052.2146504900002	0.0799646698498263	6.612459494850827e-06
1053.424092617	0.07991012192361406	6.515530282567899e-06
1054.6335347440001	0.07985572431749718	6.418801845556379e-06
1055.842976871	0.07980147660526343	6.322277282076848e-06
1057.0524189980001	0.07974737836202417	6.225959564103477e-06
1058.261861125	0.0796934291641368	6.129851531839557e-06
1059.471303252	0.07963962858913431	6.033955889136654e-06
1060.680745379	0.07958597621565056	5.93827520222433e-06
1061.890187506	0.07953247162335964	5.842811891933034e-06
1063.0996296330002	0.0794791143929062	5.74756823345805e-06
1064.30907176	0.07942590410584986	5.652546349129608e-06
1065.5185138870002	0.07937284034460872	5.557748206497234e-06
1066.727956014	0.07931992269240408	5.463175612491984e-06
1067.9373981410001	0.07926715073321411	5.368830212340921e-06
1069.146840268	0.07921452405172677	5.274713482278316e-06
1070.356282395	0.07916204223329876	5.180826729391842e-06
1071.565724522	0.07910970486391547	5.087171085130915e-06
1072.775166649	0.07905751153015628	4.993747503252248e-06
1073.9846087760002	0.07900546181916365	4.900556754292808e-06
1075.194050903	0.07895355531861331	4.8075994252540365e-06
1076.4034930300002	0.07890179161669038	4.714875913286935e-06
1077.612935157	0.07885017030206483	4.6223864272526005e-06
1078.8223772840001	0.07879869096387533	4.530130978944246e-06
1080.031819411	0.07874735319171196	4.438109385097363e-06
1081.2412615380001	0.07869615657560387	4.346321263506971e-06
1082.450703665	0.07864510070600875	4.254766031375167e-06
1083.660145792	0.07859418517380483	4.163442902454378e-06
1084.869587919	0.07854340957028641	4.072350889349416e-06
1086.079030046	0.07849277348716192	3.981488797092587e-06
1087.2884721730002	0.07844227651655433	3.890855228234282e-06
1088.4979143	0.07839191825100224	3.800448578741052e-06
1089.7073564270001	0.07834169828346497	3.7102670382015468e-06
1090.916798554	0.07829161620732794	3.6203085958857197e-06
1092.1262406810001	0.07824167161641245	3.5305710348924346e-06
1093.335682808	0.07819186410498477	3.441051939027655e-06
1094.545124935	0.07814219326776883	3.3517486941428558e-06
1095.754567062	0.07809265869995703	3.26265849120929e-06
1096.964009189	0.07804325999722675	3.1737783299012126e-06
1098.1734513160002	0.07799399675575543	3.0851050236373995e-06
1099.382893443	0.07794486857223737	2.9966352051444957e-06
1100.5923355700002	0.07789587504389976	2.9083653324513843e-06
1101.801777697	0.07784701576852418	2.8202916937822486e-06
1103.0112198240001	0.07779829034446308	2.732410419292049e-06
1104.220661951	0.0777496983706627	2.6447174875318616e-06
1105.430104078	0.0777012394466806	2.5572087337603888e-06
1106.639546205	0.0776529131727072	2.4698798627876215e-06
1107.848988332	0.07760471914958952	2.3827264595948204e-06
1109.058430459	0.0775566569788492	2.2957440013805945e-06
1110.267872586	0.0775087262627064	2.208927871798772e-06
1111.4773147130002	0.0774609266041007	2.1222733751663955e-06
1112.68675684	0.07741325760671496	2.0357757521167527e-06
1113.8961989670001	0.07736571887499387	1.9494301958384274e-06
1115.105641094	0.07731831001416767	1.8632318705969842e-06
1116.3150832210001	0.07727103063027453	1.7771759298814082e-06
1117.524525348	0.07722388033018221	1.6912575357883097e-06
1118.733967475	0.07717685872160851	1.6054718809131657e-06
1119.943409602	0.07712996541314483	1.519814211022084e-06
1121.152851729	0.07708320001427446	1.4342798439473107e-06
1122.3622938560002	0.0770365621353967	1.3488641975102782e-06
1123.571735983	0.07699005138784806	1.263562812572718e-06
1124.7811781100002	0.0769436673839233	1.178371381495258e-06
1125.990620237	0.0768974097368936	1.0932857681729783e-06
1127.2000623640001	0.07685127806103191	1.0083020400042372e-06
1128.409504491	0.07680527197163058	9.234164959748546e-07
1129.618946618	0.07675939108502379	8.386256922879921e-07
1130.828388745	0.07671363501860967	7.539264722400561e-07
1132.037830872	0.07666800339086847	6.693159967913459e-07
1133.2472729990002	0.07662249582138424	5.847917712841691e-07
1134.456715126	0.07657711193086726	5.00351675260408e-07
1135.6661572530002	0.07653185134117521	4.1599399378811216e-07
1136.87559938	0.07648671367533182	3.317174446077038e-07
1138.0850415070001	0.07644169855754805	2.475212064826564e-07
1139.294483634	0.0763968056132458	1.6340494758306174e-07
1140.5039257610001	0.07635203446907496	7.93688515375444e-08
1141.713367888	0.07630738475293719	-4.58635480530909e-09
1142.922810015	0.07626285609400518	-8.845937746253359e-08
1144.132252142	0.07621844812274173	-1.7224833160053136e-07
1145.341694269	0.07617416047092074	-2.5595072061201273e-07
1146.5511363960002	0.07612999277164714	-3.395634129420606e-07
1147.760578523	0.07608594465937395	-4.2308263013565075e-07
1148.9700206500002	0.07604201576992341	-5.065039245964591e-07
1150.179462777	0.0759982057405027	-5.898221681973247e-07
1151.3889049040001	0.07595451420971994	-6.730315407340178e-07
1152.598347031	0.07591094081760273	-7.561255238038519e-07
1153.807789158	0.07586748520560897	-8.390968923154553e-07
1155.017231285	0.075824147016645	-9.219377114002296e-07
1156.226673412	0.07578092589507458	-1.0046393378886233e-06
1157.4361155390002	0.07573782148672878	-1.087192423435998e-06
1158.645557666	0.07569483343891811	-1.169586917934222e-06
1159.8549997930002	0.07565196140043802	-1.251812080673334e-06
1161.06444192	0.07560920502157495	-1.3338564910034158e-06
1162.2738840470001	0.07556656395410895	-1.4157080629403263e-06
1163.483326174	0.0755240378513161	-1.497354063424443e-06
1164.6927683010001	0.07548162636796886	-1.578781130257888e-06
1165.902210428	0.07543932916033083	-1.6599752971293515e-06
1167.111652555	0.07539714588615419	-1.7409220156516898e-06
1168.321094682	0.07535507620467351	-1.8216061814199222e-06
1169.530536809	0.07531311977659486	-1.902012165571775e-06
1170.7399789360002	0.07527127626408545	-1.9821238402535264e-06
1171.949421063	0.07522954533076188	-2.061924611235743e-06
1173.1588631900001	0.07518792664167395	-2.1413974482272352e-06
1174.368305317	0.07514641986328861	-2.220524916450714e-06
1175.5777474440001	0.07510502466347423	-2.299289206998663e-06
1176.787189571	0.07506374071147998	-2.3776721677922723e-06
1177.996631698	0.07502256767791766	-2.455655333249411e-06
1179.206073825	0.07498150523474065	-2.5332199525650804e-06
1180.415515952	0.07494055305522533	-2.6103470147657986e-06
1181.6249580790002	0.07489971081395215	-2.687017271932913e-06
1182.834400206	0.07485897818678978	-2.7632112627115323e-06
1184.0438423330002	0.07481835485087411	-2.8389093286817044e-06
1185.25328446	0.0747778404846013	-2.9140916280495763e-06
1186.4627265870001	0.07473743476761249	-2.988738147809443e-06
1187.672168714	0.0746971373807914	-3.062828712656041e-06
1188.881610841	0.07465694800626191	-3.13634298177202e-06
1190.091052968	0.07461686632739159	-3.2092604543792563e-06
1191.300495095	0.07457689202880631	-3.2815604623649416e-06
1192.5099372220002	0.07453702479640578	-3.353222159783224e-06
1193.719379349	0.07449726431739427	-3.424224512716561e-06
1194.9288214760002	0.07445761028031254	-3.4945462836514768e-06
1196.138263603	0.07441806237508988	-3.5641660134420737e-06
1197.3477057300001	0.07437862029309676	-3.633062003335698e-06
1198.557147857	0.0743392837272163	-3.701212293173104e-06
1199.7665899840001	0.07430005237192217	-3.768594641455826e-06
1200.976032111	0.07426092592337236	-3.835186509135877e-06
1202.185474238	0.07422190407950839	-3.9009650399309395e-06
1203.394916365	0.07418298654017366	-3.965907050719912e-06
1204.604358492	0.07414417300723787	-4.029989019437062e-06
1205.8138006190002	0.07410546318473137	-4.093187085406668e-06
1207.023242746	0.07406685677899152	-4.155477053451201e-06
1208.2326848730002	0.07402835349881505	-4.2168344034293335e-06
1209.442127	0.07398995305561655	-4.277234313549288e-06
