0.0	0.0	0.0
1.209442127	0.0004108765914761478	3.79675958655292e-08
2.418884254	0.0016414368969543912	3.780881293148952e-08
3.6283263810000004	0.0036856239713546476	3.7494848927611056e-08
4.837768508	0.0065336936035126515	3.6997966275430855e-08
6.047210635000001	0.010172318814085072	3.6315271835571687e-08
7.256652762000001	0.014584718892041213	3.544006411926545e-08
8.466094889	0.019750798386955613	3.436545011019445e-08
9.675537016	0.025647297734030093	3.3097310866847875e-08
10.884979143	0.032247956108912755	3.163834601206564e-08
12.094421270000002	0.03952368625791219	2.998804715793631e-08
13.303863397	0.04744276094511539	2.816398841231483e-08
14.513305524000002	0.055971009827782095	2.6177405203697593e-08
15.722747651	0.06507202591504614	2.403349190238868e-08
16.932189778	0.0747073802591193	2.1762563475260182e-08
18.141631905	0.08483684356068381	1.941974090686642e-08
19.351074032	0.09541861329442423	1.707166217769833e-08
20.560516159000002	0.10640954499386407	1.4766037480164894e-08
21.769958286	0.11776538617493292	1.2541599875447073e-08
22.979400413	0.1294410114534182	1.0450602935865012e-08
24.188842540000003	0.14139065737874226	8.531403055824466e-09
25.398284667000002	0.15356815581047273	6.745087453054061e-09
26.607726794	0.1659271642580728	5.069577651346717e-09
27.817168921	0.17842139187781234	3.4690675159010823e-09
29.026611048000003	0.1910048199389072	1.8745507123246616e-09
30.236053175000002	0.20363191555448282	1.85347523933254e-10
31.445495302	0.21625783756150538	-1.72487328855234e-09
32.654937429	0.2288386334967717	-4.0040692826044285e-09
33.864379556	0.2413314267070143	-6.817733283860159e-09
35.073821683000006	0.2536945927326306	-1.0342532078630563e-08
36.28326381	0.26588792419844515	-1.475704655227178e-08
37.492705937000004	0.27787278353848854	-2.023095680408884e-08
38.702148064	0.28961224298063487	-2.6913694616786695e-08
39.911590191	0.30107121131936554	-3.492294277855223e-08
41.121032318000005	0.3122165471093248	-4.4333934546177397e-08
42.330474445	0.3230171580171231	-5.517148250749747e-08
43.539916572	0.3334440861722612	-6.740794055160135e-08
44.749358699000005	0.3434705794588591	-8.097056290964864e-08
45.958800826	0.35307214878767895	-9.575920610465259e-08
47.168242953000004	0.3622266114841571	-1.1166973358464589e-07
48.377685080000006	0.3709141210213201	-1.2861481898794854e-07
49.587127207	0.3791171834135279	-1.4653589226229915e-07
50.796569334000004	0.3868206606656741	-1.6540565162545254e-07
52.00601146100001	0.39401176174564406	-1.8522409517682556e-07
53.215453588	0.40068002161677024	-2.0601037175670818e-07
54.424895715000005	0.40681726892923076	-2.27789542294942e-07
55.634337842	0.41241758302511927	-2.5057076990266e-07
56.843779969	0.41747724096173766	-2.7431239787117914e-07
58.053222096000006	0.4219946552980528	-2.9886906913348846e-07
59.262664223	0.4259703034219005	-3.2392046623019793e-07
60.472106350000004	0.4294066492270563	-3.488961540201919e-07
61.68154847700001	0.43230805798129085	-3.7293590334427645e-07
62.890990604	0.4346807052403322	-3.94934124935862e-07
64.100432731	0.4365324806262989	-4.1367154086043433e-07
65.309874858	0.43787288722776324	-4.2796055287715303e-07
66.519316985	0.4387129373786122	-4.367216919975725e-07
67.728759112	0.43906504562836246	-4.389809423793604e-07
68.93820123900001	0.438942919726987	-4.3383101736494594e-07
70.14764336600001	0.4383614503944976	-4.2039391628991443e-07
71.357085493	0.4373366005876958	-3.97801013246486e-07
72.56652762	0.4358852949305783	-3.6519211945076183e-07
73.775969747	0.4340253099299671	-3.217260540760644e-07
74.98541187400001	0.43177516555451007	-2.6659379530598097e-07
76.19485400100001	0.42915401871515757	-1.990290193668456e-07
77.404296128	0.42618155914435174	-1.1831521285149063e-07
78.613738255	0.422877908126338	-2.3790813674905166e-08
79.823180382	0.4192635204821368	8.51466461096076e-08
81.032622509	0.4153590901623371	2.0903788614748e-07
82.24206463600001	0.41118545975070453	3.483623711011071e-07
83.45150676300001	0.40676353413303495	5.035437867910582e-07
84.66094889	0.4021141985389239	6.749617509091661e-07
85.870391017	0.3972582411197326	8.629701680256288e-07
87.079833144	0.3922162801838652	1.0679215938512555e-06
88.28927527100001	0.3870086961708907	1.2901962983067492e-06
89.49871739800001	0.38165556840909515	1.5302344563127752e-06
90.708159525	0.376176616666656	1.7885697829780677e-06
91.917601652	0.37059114747534655	2.065863310298802e-06
93.127043779	0.36491800517720396	2.362936074039617e-06
94.33648590600001	0.35917552761968696	2.680799367610956e-06
95.54592803300001	0.35338150640266425	3.020680721967466e-06
96.75537016000001	0.34755315156000555	3.3840433608507818e-06
97.964812287	0.34170706053907074	3.7725970744442276e-06
99.174254414	0.33585919132414915	4.188299695730225e-06
100.383696541	0.33002483953605094	4.633349926694857e-06
101.59313866800001	0.3242186193303371	5.110172668626186e-06
102.80258079500001	0.3184544479105574	5.621397779522152e-06
104.01202292200001	0.31274553346809014	6.169832639682999e-06
105.221465049	0.3071043663562413	6.758428022923348e-06
106.430907176	0.30154271330344146	7.390235544392212e-06
107.64034930300001	0.29607161446948255	8.068353586399663e-06
108.84979143000001	0.29070138314996175	8.795857425797143e-06
110.05923355700001	0.28544160793836426	9.575709049702713e-06
111.268675684	0.28030115716321546	1.0410644055115387e-05
112.478117811	0.27528818542972866	1.1303039631928974e-05
113.687559938	0.2704101421100256	1.2254781292543985e-05
114.89700206500001	0.2656737816371679	1.3267165200997801e-05
116.10644419200001	0.2610851754575935	1.4340883495253404e-05
117.31588631900001	0.2566497254811029	1.5476115570091815e-05
118.525328446	0.25237217885122004	1.667268060247288e-05
119.734770573	0.24825664386520344	1.7930147704162472e-05
120.94421270000001	0.24430660690672956	1.9247824592593745e-05
122.15365482700001	0.24052495028837645	2.0624640657283816e-05
123.36309695400001	0.23691397091103683	2.2059005713174925e-05
124.572539081	0.23347539964015873	2.3548710784075937e-05
125.781981208	0.23021042129458222	2.509088585634493e-05
126.99142333500001	0.22711969514974584	2.6681996769031467e-05
128.200865462	0.22420337586747816	2.8317860109946434e-05
129.410307589	0.22146113477349344	2.9993665373535615e-05
130.619749716	0.21889218140980984	3.170400297043851e-05
131.82919184300002	0.2164952852935192	3.344289986691686e-05
133.03863397	0.21426879781639893	3.520386348617012e-05
134.24807609700002	0.21221067422197246	3.697993290259944e-05
135.457518224	0.2103184955983377	3.876373796403881e-05
136.666960351	0.20858949082850586	4.0547572061320016e-05
137.87640247800002	0.20702055844699754	4.2323488346045285e-05
139.085844605	0.20560828836152167	4.4083423364940745e-05
140.29528673200002	0.2043489834037938	4.5819331663799644e-05
141.504728859	0.20323868066424183	4.752329245536881e-05
142.714170986	0.20227317254585947	4.918755205986664e-05
143.92361311300002	0.2014480274668879	5.0804501747375334e-05
145.13305524	0.20075861016613014	5.236662867472666e-05
146.34249736700002	0.2002001016005819	5.386648344856363e-05
147.551939494	0.1997675184437252	5.5296685186212436e-05
148.761381621	0.19945573218789683	5.66499609803323e-05
149.97082374800002	0.19925948783999237	5.7919206602128125e-05
151.180265875	0.19917342218915965	5.9097556578469484e-05
152.38970800200002	0.19919208162137853	6.017845667045974e-05
153.599150129	0.19930993945688402	6.115573572106139e-05
154.808592256	0.19952141278934288	6.202367585498505e-05
156.018034383	0.19982087880897229	6.277708034815102e-05
157.22747651	0.20020269059444956	6.341133794030049e-05
158.43691863700002	0.20066119236023827	6.3922481655709e-05
159.646360764	0.20119073414707492	6.43072399407874e-05
160.85580289100002	0.20178568594409818	6.456307852980402e-05
162.065245018	0.20244045123203203	6.468823272401388e-05
163.274687145	0.20314947993817012	6.468173093707513e-05
164.48412927200002	0.20390728079546325	6.454341090259295e-05
165.693571399	0.20470843309971573	6.42739295021254e-05
166.90301352600002	0.20554759786050159	6.38747662101467e-05
168.112455653	0.20641952834301416	6.334821899764606e-05
169.32189778	0.20731907999983548	6.269739092893285e-05
170.53133990700002	0.20824121979351054	6.192616570169808e-05
171.740782034	0.2091810349128685	6.10391709172416e-05
172.95022416100002	0.2101337408880591	6.004172855826e-05
174.159666288	0.21109468911097834	5.8939792775606825e-05
175.369108415	0.21205937376916187	5.773987568576701e-05
176.57855054200002	0.2130234382023971	5.644896253855492e-05
177.787992669	0.21398268069231474	5.507441848476243e-05
178.99743479600002	0.21493305969609022	5.362389019770088e-05
180.206876923	0.21587069853587176	5.2105206596459406e-05
181.41631905	0.2167918895554663	5.052628347937773e-05
182.62576117700002	0.21769309775524834	4.8895036703569165e-05
183.835203304	0.21857096391535397	4.721930753744721e-05
185.04464543100002	0.21942230721637115	4.5506802126518596e-05
186.254087558	0.22024412736630608	4.376504505533739e-05
187.46352968500003	0.22103360624287557	4.20013453455508e-05
188.67297181200001	0.2217881090610505	4.022277225244393e-05
189.882413939	0.22250518507716824	3.8436138091959216e-05
191.09185606600002	0.2231825678423524	3.664798581638867e-05
192.301298193	0.2238181750192483	3.4864579844579846e-05
193.51074032000002	0.22441010777683953	3.3091899252269e-05
194.720182447	0.22495664977847385	3.133563282695567e-05
195.929624574	0.22545626577814348	2.9601175560615314e-05
197.13906670100002	0.2259075998396065	2.7893626211226474e-05
198.348508828	0.22630947319246225	2.6217785587002114e-05
199.55795095500002	0.22666088173874208	2.4578155301652168e-05
200.767393082	0.2269609932234799	2.2978936787982882e-05
201.976835209	0.2272091440830109	2.1424030267039973e-05
203.18627733600002	0.22740483598549296	1.9917033275582382e-05
204.395719463	0.22754773207919088	1.846123825695039e-05
205.60516159000002	0.2276376529649652	1.70596289080929e-05
206.814603717	0.2276745724100163	1.5714875330039858e-05
208.02404584400003	0.22765861282002312	1.442932857736932e-05
209.23348797100002	0.22759004048648357	1.3205015726134013e-05
210.442930098	0.22746926062540057	1.2043636894651569e-05
211.65237222500002	0.22729681222273906	1.0946565732332144e-05
212.861814352	0.2270733627014556	9.914854643812018e-06
214.07125647900003	0.22679970242445385	8.949245600391561e-06
215.28069860600002	0.2264767390477455	8.050186837280979e-06
216.490140733	0.22610549173812075	7.217855195885279e-06
217.69958286000002	0.22568708526995246	6.452183402617503e-06
218.909024987	0.22522274401611475	5.752891223375635e-06
220.11846711400003	0.2247137858482893	5.11951924480605e-06
221.32790924100001	0.2241616159622586	4.551463968001993e-06
222.537351368	0.2235677206439387	4.048012931936389e-06
223.74679349500002	0.22293366099191486	3.6083787081612512e-06
224.956235622	0.2222610666122079	3.2317307692771365e-06
226.16567774900003	0.2215516293008275	2.9172244054693826e-06
227.375119876	0.22080709672947665	2.6640260513880923e-06
228.584562003	0.22002926614952817	2.4713345498006353e-06
229.79400413000002	0.2192199781291721	2.3383980634678834e-06
231.003446257	0.21838111033839264	2.26452645067036e-06
232.21288838400002	0.21751457139618155	2.2490991095229626e-06
233.422330511	0.21662229479410758	2.291568347746284e-06
234.63177263800003	0.2157062329100639	2.3914584805444453e-06
235.84121476500002	0.21476835112569828	2.5483608968045903e-06
237.050656892	0.2138106220605818	2.761925425120485e-06
238.26009901900002	0.2128350199357865	3.03184836307916e-06
239.469541146	0.21184351507899668	3.357857582178431e-06
240.67898327300003	0.2108380685827893	3.7396951660982105e-06
241.88842540000002	0.20982062712708918	4.177098036881819e-06
243.097867527	0.2087931179762214	4.669777091113298e-06
244.30730965400002	0.20775744416030115	5.2173953369868495e-06
245.516751781	0.2067154798500614	5.819545548938528e-06
246.72619390800003	0.205669065933498	6.475727921331298e-06
247.93563603500002	0.20462000580203396	7.185328190940861e-06
249.145078162	0.20357006135314742	7.947596592926643e-06
250.35452028900002	0.20252094921568964	8.761628001442286e-06
251.563962416	0.20147433720331837	9.626343504964374e-06
252.77340454300003	0.20043184100058467	1.054047367949475e-05
253.98284667000001	0.19939502108523977	1.1502543984411913e-05
255.192288797	0.1983653798891601	1.2510863020015654e-05
256.401730924	0.19734435919908322	1.3563514977094197e-05
257.61117305100004	0.19633333779735593	1.4658358079919266e-05
258.820615178	0.19533362934266443	1.5793030532813202e-05
260.030057305	0.19434648049174333	1.6964963653545834e-05
261.239499432	0.1933730692649326	1.8171398594273947e-05
262.448941559	0.19241450365923424	1.9409400500904224e-05
263.65838368600004	0.1914718205104041	2.0675864707211746e-05
264.867825813	0.19054598460060185	2.196751414055234e-05
266.07726794	0.18963788800339654	2.3280892183013524e-05
267.286710067	0.18874834965637133	2.461235742147995e-05
268.49615219400005	0.1878781151531451	2.595808530584696e-05
269.70559432100004	0.18702785674891856	2.731407874343655e-05
270.915036448	0.18619817357497828	2.867618708083548e-05
272.124478575	0.185389592057425	3.0040131571811392e-05
273.333920702	0.18460256653458726	3.14015351568463e-05
274.54336282900005	0.18383748006663184	3.275595462309051e-05
275.75280495600003	0.1830946454301519	3.409891370016151e-05
276.962247083	0.18237430628999873	3.542593608282961e-05
278.17168921	0.18167663854023458	3.673257773117743e-05
279.381131337	0.1810017518057837	3.801445802348883e-05
280.59057346400004	0.1803496910960789	3.926728950474605e-05
281.80001559100003	0.17972043860173142	4.048690605830727e-05
283.009457718	0.17911391562502985	4.166928938245414e-05
284.218899845	0.17852998463484676	4.2810593682440406e-05
285.428341972	0.17796845143634216	4.3907168508400963e-05
286.63778409900004	0.17742906744573098	4.4955579653635155e-05
287.84722622600003	0.17691153206022692	4.595262807668487e-05
289.056668353	0.17641549511326324	4.6895366775087804e-05
290.26611048	0.17594055940500664	4.7781115568255787e-05
291.475552607	0.17548628329822444	4.860747374205142e-05
292.68499473400004	0.17505218336960734	4.937233053801426e-05
293.89443686100003	0.1746377371067281	5.00738734497617e-05
295.103878988	0.17424238564095426	5.071059432777863e-05
296.313321115	0.17386553650676212	5.128129330502464e-05
297.522763242	0.1735065664181183	5.178508055951548e-05
298.73220536900004	0.1731648240527811	5.222137595167622e-05
299.94164749600003	0.17283963283565343	5.2589906604446505e-05
301.151089623	0.17253029371254044	5.289070248559023e-05
302.36053175	0.17223608790600042	5.3124090094053584e-05
303.569973877	0.1719562796452732	5.3290684347928606e-05
304.77941600400004	0.171690118862604	5.339137879829604e-05
305.98885813100003	0.17143684384862015	5.342733429617979e-05
307.198300258	0.17119568385979692	5.339996626880559e-05
308.407742385	0.17096586167143488	5.3310930743367844e-05
309.617184512	0.1707465960699147	5.316210929044121e-05
310.82662663900004	0.17053710427844432	5.2955593053489215e-05
312.036068766	0.17033660431088524	5.269366602198009e-05
313.245510893	0.17014431724866058	5.237878773944812e-05
314.45495302	0.16995946943615076	5.20135755949682e-05
315.664395147	0.16978129459040558	5.160078688323164e-05
316.87383727400004	0.16960903582140607	5.114330076898855e-05
318.083279401	0.16944194755950232	5.064410034402273e-05
319.292721528	0.1692792973870689	5.0106254883345594e-05
320.502163655	0.169120367771813	4.953290245717559e-05
321.71160578200005	0.1689644576995548	4.892723300629564e-05
322.92104790900004	0.16881088420467363	4.8292471986368837e-05
324.130490036	0.1686589837968167	4.763186467581012e-05
325.339932163	0.168508113782791	4.694866120783761e-05
326.54937429	0.16835765348297002	4.624610239698458e-05
327.75881641700005	0.16820700534185995	4.552740639138868e-05
328.96825854400004	0.1680555959328519	4.4795756178654145e-05
330.177700671	0.1679028768575017	4.405428796791039e-05
331.387142798	0.16774832554001878	4.330608044649504e-05
332.596584925	0.16759144591797867	4.255414489915017e-05
333.80602705200005	0.16743176903053336	4.180141620021058e-05
335.01546917900004	0.1672688535057348	4.105074464487034e-05
336.224911306	0.16710228594882506	4.030488860724655e-05
337.434353433	0.16693168123361218	3.9566508005603994e-05
338.64379556	0.16675668269928007	3.883815853520711e-05
339.85323768700005	0.1665769622552071	3.81222866476131e-05
341.06267981400003	0.16639222039657275	3.7421225241146474e-05
342.272121941	0.16620218613370308	3.6737190008230386e-05
343.481564068	0.16600661683828943	3.6072276405904536e-05
344.691006195	0.16580529800975038	3.54284572012431e-05
345.90044832200005	0.16559804296516867	3.4807580533920415e-05
347.10989044900003	0.1653846924563245	3.421136845512999e-05
348.319332576	0.165165114217472	3.364141587867861e-05
349.528774703	0.16493920244758817	3.309918992017516e-05
350.73821683	0.16470687723090446	3.2586029558214325e-05
351.94765895700004	0.16446808389956533	3.21031455936841e-05
353.15710108400003	0.16422279234233816	3.165162086863311e-05
354.366543211	0.1639709962632951	3.1232410721305655e-05
355.575985338	0.1637127123944247	3.084634365470107e-05
356.785427465	0.16344797966612096	3.0494122211250617e-05
357.99486959200004	0.16317685833949847	3.017632402941218e-05
359.20431171900003	0.16289942910444347	2.989340309912074e-05
360.413753846	0.1626157921472885	2.964569120638625e-05
361.623195973	0.16232606619196377	2.94333995731173e-05
362.8326381	0.16203038751837928	2.925662070306752e-05
364.04208022700004	0.16172890896179504	2.911533044442588e-05
365.25152235400003	0.16142179889679167	2.9009390279447997e-05
366.460964481	0.16110924020941778	2.8938549856307502e-05
367.670406608	0.1607914292609929	2.89024497738392e-05
368.87984873500005	0.16046857484692356	2.8900624628565286e-05
370.08929086200004	0.16014089715381352	2.8932506341219048e-05
371.29873298900003	0.15980862671802978	2.899742775530291e-05
372.508175116	0.15947200338875472	2.909462652940534e-05
373.717617243	0.15913127529846366	2.9223249313831157e-05
374.92705937000005	0.15878669784361482	2.938235621437443e-05
376.13650149700004	0.1584385326782278	2.957092553144111e-05
377.34594362400003	0.1580870467228785	2.9787858777759847e-05
378.555385751	0.15773251119153275	3.003198594778405e-05
379.764827878	0.15737520063845611	3.0302071027556113e-05
380.97427000500005	0.15701539202735412	3.059681773536546e-05
382.18371213200004	0.15665336382471876	3.091487545024851e-05
383.393154259	0.15628939511921852	3.125484531940848e-05
384.602596386	0.15592376476886263	3.1615286506981945e-05
385.812038513	0.15555675057747648	3.199472254814944e-05
387.02148064000005	0.15518862850193302	3.2391647790759526e-05
388.23092276700004	0.15481967189141885	3.280453387913853e-05
389.440364894	0.15445015075987314	3.323183623830497e-05
390.649807021	0.1540803310926207	3.3672000543618894e-05
391.859249148	0.15371047418807066	3.41234691101743e-05
393.06869127500005	0.15334083603521353	3.45846872054343e-05
394.27813340200004	0.15297166672753276	3.505410920765595e-05
395.487575529	0.15260320991381812	3.5530204611415925e-05
396.697017656	0.15223570228622435	3.60114638394121e-05
397.906459783	0.15186937310581794	3.6496403822577846e-05
399.11590191000005	0.15150444376572975	3.698357333528028e-05
400.32534403700004	0.15114112739190277	3.747155806271749e-05
401.534786164	0.15077962848133114	3.795898536874678e-05
402.744228291	0.15042014257757294	3.8444528760616285e-05
403.953670418	0.15006285598320693	3.89269120263641e-05
405.16311254500005	0.14970794550881775	3.9404913035311464e-05
406.37255467200004	0.14935557825799836	3.987736719463097e-05
407.581996799	0.14900591144776612	4.034317054777569e-05
408.791438926	0.14865909226370858	4.0801282515512874e-05
410.000881053	0.1483152577490961	4.1250728259889696e-05
411.21032318000005	0.14797453472713681	4.169060069214502e-05
412.41976530700003	0.1476370397554589	4.212006209448501e-05
413.629207434	0.14730287911187917	4.25383453721109e-05
414.838649561	0.1469721488104312	4.294475494203742e-05
416.04809168800006	0.14664493464657896	4.333866723433023e-05
417.25753381500004	0.1463213122705277	4.371953083886115e-05
418.46697594200003	0.14600134728745193	4.408686628923759e-05
419.676418069	0.14568509538347377	4.444026548750586e-05
420.885860196	0.14537260247615627	4.4779390793467654e-05
422.09530232300006	0.14506390488826784	4.510397377756544e-05
423.30474445000004	0.14475902954355302	4.5413813656028906e-05
424.51418657700003	0.14445799418321117	4.5708775429441134e-05
425.723628704	0.14416080760177505	4.5988787727041013e-05
426.933070831	0.14386746990109636	4.625384039613734e-05
428.14251295800005	0.1435779727610796	4.650398184434211e-05
429.35195508500004	0.14329229972586677	4.673931616046421e-05
430.56139721200003	0.1430104265041372	4.696000003833697e-05
431.770839339	0.14273232128219263	4.716623952962513e-05
432.980281466	0.14245794504852563	4.7358286651097617e-05
434.18972359300005	0.1421872519285601	4.753643586729205e-05
435.39916572000004	0.14192018952826455	4.7701020482387883e-05
436.60860784700003	0.141656699285385	4.7852408965012885e-05
437.818049974	0.14139671682702312	4.799100122680919e-05
439.027492101	0.1411401723323347	4.811722488772033e-05
440.23693422800005	0.14088699089914855	4.8231531551468036e-05
441.44637635500004	0.1406370929133179	4.833439310847647e-05
442.65581848200003	0.14039039441966678	4.842629810010117e-05
443.865260609	0.1401468074933985	4.8507748153434266e-05
445.074702736	0.1399062406109091	4.8579254516171224e-05
446.28414486300005	0.13966859901893647	4.864133470987369e-05
447.49358699000004	0.13943378510106555	4.869450931197782e-05
448.703029117	0.1392016987406015	4.873929888685331e-05
449.912471244	0.13897223767889305	4.8776221080440266e-05
451.121913371	0.13874529786823597	4.8805787886540194e-05
452.33135549800005	0.1385207738185035	4.8828503097364706e-05
453.54079762500004	0.13829855893672563	4.884485994823764e-05
454.750239752	0.13807854585885493	4.8855338956291114e-05
455.959681879	0.13786062677303462	4.886040596505405e-05
457.169124006	0.13764469373371035	4.8860510394476665e-05
458.37856613300005	0.13743063896597243	4.8856083696870704e-05
459.58800826000004	0.1372183551595854	4.884753802258587e-05
460.797450387	0.13700773575218478	4.8835265087890437e-05
462.006892514	0.13679867520118166	4.8819635243241244e-05
463.216334641	0.13659106924396272	4.8800996748911036e-05
464.42577676800005	0.13638481514600798	4.877967522671224e-05
465.63521889500004	0.13617981193662665	4.8755973308512796e-05
466.844661022	0.13597596063201003	4.873017045807186e-05
468.054103149	0.1357731644453896	4.870252295913836e-05
469.26354527600006	0.13557132898411578	4.8673264064465166e-05
470.47298740300005	0.13537036243349873	4.8642604293455925e-05
471.68242953000004	0.13517017572733753	4.861073186526651e-05
472.891871657	0.1349706827050581	4.857781326040906e-05
474.101313784	0.13477180025545962	4.8543993895959965e-05
475.31075591100006	0.13457344844707914	4.8509398904856296e-05
476.52019803800005	0.13437555064524725	4.8474134005443214e-05
477.72964016500003	0.13417803361591926	4.843828645318415e-05
478.939082292	0.1339808276164159	4.840192605480051e-05
480.148524419	0.13378386647324836	4.836510624380167e-05
481.35796654600006	0.13358708764720398	4.832786519360186e-05
482.56740867300005	0.1333904322859414	4.8290226971266536e-05
483.77685080000003	0.13319384526433353	4.8252202705968396e-05
484.986292927	0.1329972752128464	4.821379177759194e-05
486.195735054	0.13280067453426203	4.817498300018202e-05
487.40517718100006	0.13260399940906736	4.813575580057307e-05
488.61461930800004	0.13240720978987505	4.809608138292256e-05
489.82406143500003	0.13221026938523484	4.8055923868566014e-05
491.033503562	0.13201314563323163	4.801524140212928e-05
492.242945689	0.13181580966527898	4.797398722503899e-05
493.45238781600005	0.13161823626052446	4.793211069971183e-05
494.66182994300004	0.13142040379130457	4.788955828921025e-05
495.87127207000003	0.13122229416009618	4.784627447982666e-05
497.080714197	0.13102389272841397	4.780220264943342e-05
498.290156324	0.13082518823813538	4.775728587765788e-05
499.49959845100005	0.13062617272569688	4.771146768576991e-05
500.70904057800004	0.1304268414296615	4.766469272100372e-05
501.91848270500003	0.1302271926921267	4.76169073716894e-05
503.127924832	0.13002722785445342	4.756806031605525e-05
504.337366959	0.1298269511477995	4.751810301341716e-05
505.54680908600005	0.12962636957894294	4.746699011702633e-05
506.75625121300004	0.12942549281186563	4.7414679838671405e-05
507.96569334000003	0.12922433304557993	4.7361134245006194e-05
509.175135467	0.12902290488866647	4.730631949175119e-05
510.384577594	0.12882122523099185	4.7250206010374914e-05
511.59401972100005	0.12861931311305513	4.719276863299115e-05
512.803461848	0.12841718959342474	4.713398666940256e-05
514.0129039750001	0.12821487761469808	4.7073843941155087e-05
515.2223461020001	0.12801240186841986	4.701232876553015e-05
516.4317882290001	0.1278097886593746	4.694943390474607e-05
517.641230356	0.12760706576966413	4.68851564771752e-05
518.850672483	0.12740426232297208	4.681949783714444e-05
520.06011461	0.12720140864938229	4.6752463424464956e-05
521.269556737	0.12699853615113105	4.668406259509217e-05
522.478998864	0.12679567716964985	4.661430842358033e-05
523.688440991	0.1265928648542261	4.654321749416405e-05
524.897883118	0.12639013303261534	4.6470809675738694e-05
526.1073252450001	0.12618751608390552	4.639710788711163e-05
527.3167673720001	0.1259850488139325	4.6322137856295215e-05
528.5262094990001	0.1257827663335121	4.6245927872598886e-05
529.735651626	0.12558070393975057	4.616850854167783e-05
530.945093753	0.12537889700068056	4.608991253699883e-05
532.15453588	0.12517738084343324	4.6010174362017746e-05
533.363978007	0.12497619064616682	4.592933010816254e-05
534.573420134	0.12477536133392673	4.584741722855957e-05
535.782862261	0.1245749274786216	4.5764474313581125e-05
536.9923043880001	0.12437492320326395	4.568054088362542e-05
538.2017465150001	0.12417538209061081	4.559565718620404e-05
539.4111886420001	0.1239763370963294	4.550986400868889e-05
540.6206307690001	0.12377782046679145	4.542320250444859e-05
541.830072896	0.12357986366157574	4.5335714026487756e-05
543.039515023	0.12338249728076699	4.524743998212596e-05
544.24895715	0.12318575099708011	4.5158421692176326e-05
545.458399277	0.12298965349288433	4.5068700266373516e-05
546.667841404	0.12279423240211035	4.497831649356961e-05
547.877283531	0.12259951425708654	4.488731074102602e-05
549.0867256580001	0.12240552444027963	4.479572286285883e-05
550.2961677850001	0.12221228714092408	4.470359212455815e-05
551.5056099120001	0.12201982531651119	4.461095713358846e-05
552.715052039	0.12182816065909433	4.451785578069509e-05
553.924494166	0.12163731356634366	4.442432518780974e-05
555.133936293	0.12144730311729285	4.433040166533039e-05
556.34337842	0.12125814705269147	4.423612067537247e-05
557.552820547	0.12106986175987408	4.414151680026289e-05
558.762262674	0.12088246226203796	4.40466237204918e-05
559.971704801	0.12069596221183469	4.39514741906303e-05
561.1811469280001	0.12051037388913549	4.385610002491879e-05
562.3905890550001	0.12032570820286276	4.376053208310517e-05
563.6000311820001	0.12014197469673733	4.366480026200726e-05
564.809473309	0.11995918155880961	4.356893348843956e-05
566.018915436	0.11977733563462105	4.347295971607631e-05
567.228357563	0.11959644244384011	4.337690592078775e-05
568.43779969	0.11941650620022239	4.3280798103798584e-05
569.647241817	0.11923752983471794	4.318466129372079e-05
570.856683944	0.11905951502156968	4.308851955110532e-05
572.066126071	0.11888246220722705	4.2992395976440484e-05
573.2755681980001	0.11870637064190014	4.28963127203337e-05
574.4850103250001	0.11853123841358154	4.2800290996836386e-05
575.6944524520001	0.11835706248435256	4.270435109927317e-05
576.903894579	0.11818383872881151	4.2608512416071023e-05
578.113336706	0.1180115619744197	4.2512793457193065e-05
579.322778833	0.11784022604361226	4.241721187841494e-05
580.53222096	0.11766982379748035	4.232178451042393e-05
581.741663087	0.11750034718085185	4.222652739533136e-05
582.951105214	0.11733178726859629	4.2131455820743855e-05
584.160547341	0.11716413431297819	4.2036584363896074e-05
585.3699894680001	0.11699737779189676	4.194192693895018e-05
586.5794315950001	0.11683150645782965	4.1847496844374834e-05
587.7888737220001	0.11666650838732584	4.1753306821135554e-05
588.998315849	0.11650237103088908	4.1659369107059637e-05
590.207757976	0.1163390812630883	4.156569550065719e-05
591.417200103	0.11617662543274163	4.147229742512773e-05
592.62664223	0.1160149894130367	4.137918599801485e-05
593.836084357	0.11585415865143192	4.1286372097564394e-05
595.045526484	0.1156941182192121	4.1193866436688716e-05
596.2549686110001	0.11553485286055418	4.1101679636884394e-05
597.4644107380001	0.11537634704098675	4.100982229656225e-05
598.6738528650001	0.11521858499512315	4.091830506853066e-05
599.8832949920001	0.11506155077354001	4.0827138730387754e-05
601.092737119	0.11490522828871247	4.073633425160977e-05
602.302179246	0.11474960135988677	4.0645902865101666e-05
603.511621373	0.11459465375680324	4.055585612767713e-05
604.7210635	0.11444036924218115	4.046620598034869e-05
605.930505627	0.11428673161287542	4.037696480342266e-05
607.139947754	0.1141337247396361	4.0288145464250364e-05
608.3493898810001	0.11398133260539885	4.019976135987577e-05
609.5588320080001	0.1138295393420408	4.011182645397753e-05
610.7682741350001	0.11367832926554695	4.0024355302049936e-05
611.9777162620001	0.11352768690953824	3.993736307006279e-05
613.187158389	0.11337759705711482	3.985086554949067e-05
614.396600516	0.11322804477097796	3.976487915691448e-05
615.606042643	0.11307901542180027	3.9679420923947143e-05
616.81548477	0.11293049471482094	3.959450848563528e-05
618.024926897	0.1127824687146385	3.9510160050094474e-05
619.234369024	0.11263492386819716	3.942639436591201e-05
620.4438111510001	0.11248784702595817	3.934323067485796e-05
621.6532532780001	0.11234122546124536	3.92606886617172e-05
622.8626954050001	0.1121950468877779	3.917878838758803e-05
624.072137532	0.11204929947539297	3.9097550221488856e-05
625.281579659	0.11190397186397653	3.901699476216377e-05
626.491021786	0.11175905317561292	3.8937142752775384e-05
627.700463913	0.11161453302498106	3.8858014986399016e-05
628.90990604	0.11147040152802581	3.877963221133489e-05
630.119348167	0.11132664930893114	3.870201502615752e-05
631.328790294	0.11118326750543055	3.862518377596591e-05
632.5382324210001	0.1110402477724972	3.8549158440194314e-05
633.7476745480001	0.11089758228444954	3.84739585218437e-05
634.9571166750001	0.11075526373552295	3.83996029329032e-05
636.166558802	0.11061328533895844	3.832610988306355e-05
637.376000929	0.11047164082464413	3.8253496767246805e-05
638.585443056	0.11033032443537794	3.818178005385302e-05
639.794885183	0.11018933092180833	3.8110975178278575e-05
641.00432731	0.11004865553609318	3.804109643767694e-05
642.213769437	0.10990829402435578	3.797215689357282e-05
643.4232115640001	0.10976824261798787	3.790416827451477e-05
644.6326536910001	0.10962849802386197	3.783714089353019e-05
645.8420958180001	0.10948905741352204	3.7771083562541145e-05
647.0515379450001	0.10934991841141307	3.770600352365136e-05
648.260980072	0.10921107908221182	3.764190638362089e-05
649.470422199	0.10907253791733039	3.757879605988855e-05
650.679864326	0.10893429382065198	3.751667473334716e-05
651.889306453	0.10879634609357162	3.745554281419116e-05
653.09874858	0.10865869441939559	3.739539891572619e-05
654.308190707	0.10852133884717936	3.7336239841945556e-05
655.5176328340001	0.10838427977505748	3.727806057993466e-05
656.7270749610001	0.10824751793313787	3.722085430889162e-05
657.9365170880001	0.10811105436601101	3.716461241397402e-05
659.1459592150001	0.10797489041495709	3.710932451878031e-05
660.355401342	0.10783902769988966	3.705497851776651e-05
661.564843469	0.10770346810111027	3.700156062637226e-05
662.774285596	0.10756821374093131	3.694905543880704e-05
663.983727723	0.10743326696521532	3.6897445992536165e-05
665.19316985	0.10729863032489824	3.6846713844942785e-05
666.402611977	0.1071643065575424	3.679683915638439e-05
667.6120541040001	0.10703029856897073	3.6747800778603806e-05
668.8214962310001	0.10689660941503601	3.669957635319723e-05
670.0309383580001	0.10676324228357698	3.6652142415264674e-05
671.2403804850001	0.10663020047659193	3.6605474500447505e-05
672.449822612	0.10649748739269338	3.655954725932609e-05
673.659264739	0.10636510650987034	3.651433457173593e-05
674.868706866	0.10623306136860339	3.646980966520208e-05
676.078148993	0.10610135555537129	3.642594523946997e-05
677.28759112	0.10596999268657861	3.6382713584454064e-05
678.497033247	0.10583897639294547	3.6340086702250605e-05
679.7064753740001	0.10570831030437779	3.629803643108851e-05
680.9159175010001	0.1055779980353536	3.625653456298846e-05
682.1253596280001	0.1054480431708548	3.6215552962310867e-05
683.3348017550001	0.1053184492528533	3.617506367738109e-05
684.544243882	0.1051892197673863	3.6135039052022255e-05
685.753686009	0.10506035813222979	3.609545183175148e-05
686.963128136	0.10493186768519429	3.6056275263717705e-05
688.172570263	0.10480375167304547	3.601748318901114e-05
689.38201239	0.10467601324107155	3.59790501324594e-05
690.5914545170001	0.10454865542330442	3.5940951382804485e-05
691.8008966440001	0.10442168113339287	3.590316306503289e-05
693.0103387710001	0.10429509315614739	3.5865662208149586e-05
694.2197808980001	0.10416889413974527	3.582842679922614e-05
695.429223025	0.10404308658860481	3.579143583368589e-05
696.638665152	0.10391767285693133	3.5754669355504214e-05
697.848107279	0.10379265514291379	3.5718108488689616e-05
699.057549406	0.10366803548359384	3.5681735455885136e-05
700.266991533	0.10354381575037727	3.564553359757632e-05
701.47643366	0.10341999764518922	3.560948737165497e-05
702.6858757870001	0.1032965826972684	3.557358235048683e-05
703.8953179140001	0.10317357226057694	3.553780520900395e-05
705.1047600410001	0.10305096751182467	3.55021437013565e-05
706.3142021680001	0.10292876944908481	3.546658663322464e-05
707.523644295	0.10280697889099097	3.543112382321039e-05
708.733086422	0.10268559647649723	3.5395746058405e-05
709.942528549	0.1025646226651804	3.53604450452839e-05
711.151970676	0.10244405773807655	3.532521334731492e-05
712.361412803	0.10232390179900977	3.5290044323864284e-05
713.57085493	0.10220415477642705	3.525493206160969e-05
714.7802970570001	0.10208481642568051	3.5219871296592875e-05
715.9897391840001	0.10196588633176332	3.518485733829671e-05
717.1991813110001	0.10184736391246038	3.514988598848115e-05
718.4086234380001	0.10172924842190352	3.511495345357382e-05
719.618065565	0.10161153895449229	3.508005625774645e-05
720.827507692	0.10149423444917244	3.5045191155676466e-05
722.036949819	0.10137733369403709	3.501035503936254e-05
723.246391946	0.10126083533123405	3.49755448485153e-05
724.455834073	0.10114473786214695	3.494075748100927e-05
725.6652762	0.10102903965283536	3.490598970370916e-05
726.8747183270001	0.10091373893970047	3.487123806209096e-05
728.0841604540001	0.10079883383535916	3.48364987967874e-05
729.2936025810001	0.1006843223347006	3.480176775929481e-05
730.5030447080001	0.10057020232109626	3.4767040332287804e-05
731.712486835	0.10045647157275411	3.4732311353563644e-05
732.921928962	0.10034312776917483	3.4697575045262266e-05
734.131371089	0.10023016849770783	3.46628249454867e-05
735.340813216	0.10011759126016401	3.462805384664194e-05
736.550255343	0.10000539347948524	3.459325374108193e-05
737.7596974700001	0.099893572506429	3.45584157688869e-05
738.9691395970001	0.09978212562626904	3.45235301737067e-05
740.1785817240001	0.09967105006547286	3.448858626848078e-05
741.3880238510001	0.09956034299834818	3.445357239973168e-05
742.5974659780001	0.09945000155363887	3.441847592804111e-05
743.806908105	0.09934002282105152	3.4383283209352114e-05
745.016350232	0.09923040385769342	3.43479795853189e-05
746.225792359	0.09912114169441424	3.431254937913397e-05
747.435234486	0.09901223334202362	3.427697590263484e-05
748.644676613	0.09890367579738595	3.424124146630575e-05
749.8541187400001	0.09879546604936455	3.420532739825728e-05
751.0635608670001	0.09868760108461384	3.4169214067943585e-05
752.2730029940001	0.09858007789319956	3.413288091892009e-05
753.4824451210001	0.09847289347403967	3.40963065057226e-05
754.6918872480001	0.09836604484016355	3.405946854064199e-05
755.901329375	0.09825952902376395	3.402234394004504e-05
757.110771502	0.09815334308104767	3.398490888184676e-05
758.320213629	0.0980474840968761	3.394713886535356e-05
759.529655756	0.09794194918917974	3.390900877519681e-05
760.739097883	0.09783673551315265	3.387049295262257e-05
761.9485400100001	0.09773184026521506	3.383156526636816e-05
763.1579821370001	0.09762726068674442	3.379219919083923e-05
764.3674242640001	0.09752299406756747	3.375236788566321e-05
765.5768663910001	0.09741903774921437	3.3712044275742013e-05
766.786308518	0.09731538912793489	3.367120113553553e-05
767.995750645	0.09721204565746858	3.362981117558183e-05
769.205192772	0.09710900485157735	3.358784712864865e-05
770.414634899	0.0970062642863359	3.3545281836618244e-05
771.624077026	0.0969038216021852	3.350208833590172e-05
772.833519153	0.09680167450574607	3.3458239945228885e-05
774.0429612800001	0.09669982077139704	3.341371035327607e-05
775.2524034070001	0.09659825824262258	3.336847370070329e-05
776.4618455340001	0.09649698483313214	3.3322504663471464e-05
777.6712876610001	0.09639599852775664	3.3275778534490045e-05
778.880729788	0.09629529738312267	3.322827130273578e-05
780.090171915	0.09619487952811633	3.3179959727034385e-05
781.299614042	0.096094743164135	3.313082141010621e-05
782.509056169	0.09599488656514052	3.3080834867841724e-05
783.718498296	0.0958953080775102	3.302997959386433e-05
784.9279404230001	0.09579600611970514	3.2978236121794936e-05
786.1373825500001	0.09569697918175193	3.2925586084933536e-05
787.3468246770001	0.09559822582454804	3.287201226558061e-05
788.5562668040001	0.09549974467900141	3.281749864658932e-05
789.7657089310001	0.09540153444501316	3.276203045630889e-05
790.975151058	0.0953035938903006	3.270559420637085e-05
792.184593185	0.09520592184908462	3.264817772729908e-05
793.394035312	0.09510851722063329	3.25897701993578e-05
794.603477439	0.09501137896768644	3.253036217752397e-05
795.812919566	0.09491450611475323	3.246994561188694e-05
797.0223616930001	0.09481789774630628	3.240851386281043e-05
798.2318038200001	0.09472155300487084	3.2346061713774226e-05
799.4412459470001	0.09462547108901874	3.228258537601271e-05
800.6506880740001	0.09452965125128139	3.2218082491996024e-05
801.8601302010001	0.09443409279598505	3.215255212930734e-05
803.069572328	0.09433879507701726	3.208599477869059e-05
804.279014455	0.09424375749553511	3.2018412337907875e-05
805.488456582	0.09414897949762303	3.194980810046434e-05
806.697898709	0.09405446057190517	3.188018673413233e-05
807.907340836	0.09396020024712513	3.1809554257962646e-05
809.1167829630001	0.09386619808969662	3.1737918015849236e-05
810.3262250900001	0.09377245370123669	3.1665286646721214e-05
811.5356672170001	0.09367896671608585	3.159167005113224e-05
812.7451093440001	0.09358573679882277	3.151707935555962e-05
813.9545514710001	0.09349276364178483	3.1441526870852976e-05
815.163993598	0.09340004696259295	3.136502605405119e-05
816.373435725	0.09330758650169826	3.128759146145194e-05
817.582877852	0.0932153820199435	3.120923870206385e-05
818.792319979	0.09312343329616235	3.112998439024962e-05
820.001762106	0.09303174012480367	3.104984609384683e-05
821.2112042330001	0.0929403023136037	3.096884228211896e-05
822.4206463600001	0.09284911968129678	3.088699227417249e-05
823.6300884870001	0.09275819205538188	3.0804316180749556e-05
824.8395306140001	0.09266751926994048	3.0720834848553993e-05
826.0489727410001	0.0925771011635135	3.063656980490002e-05
827.258414868	0.09248693757704632	3.055154319769641e-05
828.467856995	0.09239702835189466	3.046577773873943e-05
829.677299122	0.0923073733279041	3.03792966424317e-05
830.886741249	0.09221797234156687	3.029212356861884e-05
832.0961833760001	0.09212882522425027	3.020428256066095e-05
833.3056255030001	0.09203993180050572	3.011579798903404e-05
834.5150676300001	0.09195129188646282	3.0026694489747273e-05
835.7245097570001	0.09186290528830258	2.9936996906555207e-05
836.9339518840001	0.0917747718008196	2.9846730234036337e-05
838.143394011	0.09168689120606811	2.97559195564503e-05
839.352836138	0.09159926327209957	2.9664589994230564e-05
840.562278265	0.09151188775178416	2.957276664620851e-05
841.771720392	0.09142476438172374	2.948047453520096e-05
842.981162519	0.09133789288125804	2.938773855553377e-05
844.1906046460001	0.09125127295155104	2.9294583416431794e-05
845.4000467730001	0.09116490427477833	2.920103359838521e-05
846.6094889000001	0.09107878651339207	2.910711329744061e-05
847.8189310270001	0.09099291930948249	2.901284637990128e-05
849.0283731540001	0.09090730228422018	2.891825633718401e-05
850.237815281	0.09082193503738603	2.8823366238590885e-05
851.447257408	0.0907368171469897	2.8728198691804353e-05
852.656699535	0.09065194816896534	2.8632775804193815e-05
853.866141662	0.09056732763694943	2.853711914018174e-05
855.075583789	0.09048295506214225	2.844124968956636e-05
856.2850259160001	0.0903988299332356	2.8345187830156014e-05
857.4944680430001	0.0903149517164316	2.8248953300926457e-05
858.7039101700001	0.09023131985551565	2.815256516968168e-05
859.9133522970001	0.09014793377201338	2.8056041807275005e-05
861.1227944240001	0.09006479286540522	2.795940086407929e-05
862.332236551	0.08998189651341036	2.7862659247611195e-05
863.541678678	0.08989924407233045	2.7765833103551964e-05
864.751120805	0.08981683487745283	2.7668937798905104e-05
865.960562932	0.08973466824350344	2.75719879068873e-05
867.170005059	0.08965274346516063	2.7474997196512473e-05
868.3794471860001	0.08957105981761215	2.737797862270912e-05
869.5888893130001	0.08948961655715834	2.7280944319148576e-05
870.7983314400001	0.08940841292186254	2.718390559250977e-05
872.0077735670001	0.08932744813223337	2.7086872922450653e-05
873.2172156940001	0.08924672139194866	2.6989855959795917e-05
874.426657821	0.08916623188861088	2.689286352793596e-05
875.636099948	0.08908597879453427	2.6795903631198856e-05
876.845542075	0.08900596126755159	2.6698983456856307e-05
878.054984202	0.08892617845185341	2.6602109386963202e-05
879.2644263290001	0.08884662947883858	2.6505287006974218e-05
880.4738684560001	0.0887673134679903	2.6408521119087676e-05
881.6833105830001	0.08868822952775662	2.6311815755511653e-05
882.8927527100001	0.08860937675645177	2.6215174194802346e-05
884.1021948370001	0.08853075424315689	2.611859897981527e-05
885.3116369640001	0.08845236106862976	2.6022091935442284e-05
886.521079091	0.08837419630621939	2.5925654189401723e-05
887.730521218	0.08829625902277252	2.5829286194794215e-05
888.939963345	0.08821854827954653	2.5732987751632206e-05
890.149405472	0.08814106313310889	2.5636758029945247e-05
891.3588475990001	0.08806380263623308	2.5540595595709832e-05
892.5682897260001	0.08798676583878288	2.544449843697679e-05
893.7777318530001	0.08790995178858427	2.5348463989211658e-05
894.9871739800001	0.08783335953228112	2.5252489161593455e-05
896.1966161070001	0.08775698811617866	2.5156570365811782e-05
897.406058234	0.08768083658706383	2.50607035446016e-05
898.615500361	0.08760490399300612	2.4964884197368233e-05
899.824942488	0.08752918938413891	2.486910741160533e-05
901.034384615	0.08745369181341264	2.477336788982182e-05
902.243826742	0.0873784103373326	2.4677659979315055e-05
903.4532688690001	0.08730334401665557	2.4581977699322612e-05
904.6627109960001	0.08722849191707277	2.448631477240073e-05
905.8721531230001	0.08715385310985792	2.4390664650028772e-05
907.0815952500001	0.08707942667248562	2.4295020543043653e-05
908.2910373770001	0.0870052116892216	2.4199375447840328e-05
909.500479504	0.08693120725168053	2.4103722175314164e-05
910.709921631	0.08685741245935198	2.400805337713773e-05
911.919363758	0.08678382642009325	2.391236157275505e-05
913.128805885	0.0867104482505926	2.381663917575108e-05
914.338248012	0.08663727707679944	2.3720878518683212e-05
915.5476901390001	0.08656431203431503	2.3625071880157935e-05
916.7571322660001	0.08649155226875811	2.3529211504915173e-05
917.9665743930001	0.08641899693609299	2.343328963210145e-05
919.1760165200001	0.08634664520292513	2.3337298513944002e-05
920.3854586470001	0.08627449624676446	2.3241230442598956e-05
921.594900774	0.08620254925625438	2.314507776669642e-05
922.804342901	0.08613080343137161	2.3048832915319564e-05
924.013785028	0.08605925798359107	2.295248841657656e-05
925.223227155	0.08598791213602036	2.285603691670679e-05
926.432669282	0.08591676512350321	2.2759471197620686e-05
927.6421114090001	0.08584581619269563	2.266278419588054e-05
928.8515535360001	0.08577506460210764	2.2565969019235436e-05
930.0609956630001	0.08570450962211883	2.2469018959598697e-05
931.2704377900001	0.08563415053496974	2.2371927511247754e-05
932.4798799170001	0.08556398663471965	2.2274688383187276e-05
933.689322044	0.08549401722718407	2.217729551341946e-05
934.898764171	0.08542424162984259	2.2079743080026222e-05
936.108206298	0.08535465917172724	2.1982025514141785e-05
937.317648425	0.0852852691932855	2.1884137510344002e-05
938.5270905520001	0.08521607104622175	2.178607403588236e-05
939.7365326790001	0.08514706409331796	2.168783034216219e-05
940.9459748060001	0.08507824770823645	2.1589401971370255e-05
942.1554169330001	0.08500962127530241	2.1490784764880303e-05
943.3648590600001	0.08494118418926953	2.1391974868641076e-05
944.5743011870001	0.08487293585507054	2.1292968743322223e-05
945.783743314	0.08480487568755164	2.1193763165373455e-05
946.993185441	0.08473700311119635	2.109435523432719e-05
948.202627568	0.08466931755983209	2.0994742377183327e-05
949.412069695	0.08460181847632922	2.0894922350200767e-05
950.6215118220001	0.08453450531229173	2.0794893242446715e-05
951.8309539490001	0.08446737752773208	2.0694653479143724e-05
953.0403960760001	0.08440043459074524	2.0594201820103228e-05
954.2498382030001	0.08433367597717495	2.049353736358406e-05
955.4592803300001	0.08426710117027199	2.039265954508141e-05
956.6687224570001	0.0842007096603502	2.029156813668535e-05
957.878164584	0.08413450094443914	2.0190263245809948e-05
959.087606711	0.08406847452593423	2.0088745315173448e-05
960.297048838	0.08400262991424609	1.998701511858735e-05
961.506490965	0.08393696662445119	1.9885073760918123e-05
962.7159330920001	0.08387148417694112	1.9782922672475588e-05
963.9253752190001	0.08380618209707454	1.9680563604909028e-05
965.1348173460001	0.08374105991483317	1.9577998630224282e-05
966.3442594730001	0.08367611716447945	1.9475230133061207e-05
967.5537016000001	0.08361135338422089	1.9372260806505085e-05
968.763143727	0.08354676811587804	1.9269093644994738e-05
969.972585854	0.08348236090455989	1.9165731943085948e-05
971.182027981	0.08341813129834408	1.9062179282816137e-05
972.391470108	0.08335407884796547	1.8958439531033277e-05
973.600912235	0.0832902031065143	1.8854516830779775e-05
974.8103543620001	0.08322650362914195	1.875041559391349e-05
976.0197964890001	0.0831629799727733	1.864614049282756e-05
977.2292386160001	0.0830996316958341	1.8541696453323564e-05
978.4386807430001	0.08303645835798273	1.84370886436055e-05
979.6481228700001	0.08297345951985613	1.8332322469851992e-05
980.857564997	0.08291063474282676	1.8227403562009063e-05
982.067007124	0.08284798358876867	1.8122337769300295e-05
983.276449251	0.0827855056198344	1.801713114638102e-05
984.485891378	0.08272320039824904	1.791178994656127e-05
985.6953335050001	0.08266106748610924	1.7806320611278197e-05
986.9047756320001	0.08259910644519929	1.7700729758782605e-05
988.1142177590001	0.08253731683681595	1.7595024176776544e-05
989.3236598860001	0.08247569822161002	1.7489210808281528e-05
990.5331020130001	0.08241425015943425	1.7383296743366874e-05
991.7425441400001	0.08235297220920845	1.7277289209462576e-05
992.951986267	0.08229186392879256	1.7171195557540775e-05
994.161428394	0.08223092487488011	1.7065023253942022e-05
995.370870521	0.08217015460289225	1.6958779870454262e-05
996.580312648	0.08210955266689379	1.685247307066063e-05
997.7897547750001	0.08204911861951471	1.6746110600340642e-05
998.9991969020001	0.08198885201188578	1.6639700278429023e-05
1000.2086390290001	0.08192875239358656	1.6533249983801362e-05
1001.4180811560001	0.08186881931260018	1.6426767645826233e-05
1002.6275232830001	0.0818090523152875	1.6320261233508054e-05
1003.8369654100001	0.08174945094636167	1.6213738744616317e-05
1005.046407537	0.08169001474888081	1.610720819662315e-05
1006.255849664	0.08163074326424696	1.6000677612171227e-05
1007.465291791	0.08157163603221416	1.5894155015080362e-05
1008.674733918	0.08151269259090922	1.5787648414052513e-05
1009.8841760450001	0.0814539124768586	1.5681165796928515e-05
1011.0936181720001	0.08139529522502185	1.5574715117646574e-05
1012.3030602990001	0.08133684036883986	1.5468304289007414e-05
1013.5125024260001	0.08127854744028312	1.5361941171957512e-05
1014.7219445530001	0.08122041596991394	1.5255633565117784e-05
1015.9313866800001	0.08116244548694941	1.5149389197357912e-05
1017.140828807	0.08110463551933357	1.5043215716997342e-05
1018.350270934	0.08104698559381879	1.4937120684736338e-05
1019.559713061	0.08098949523604532	1.4831111562938432e-05
1020.769155188	0.08093216397063269	1.4725195708297503e-05
1021.9785973150001	0.08087499132127317	1.4619380363683689e-05
1023.1880394420001	0.08081797681082721	1.4513672647800122e-05
1024.397481569	0.08076111996142539	1.4408079551378568e-05
1025.606923696	0.08070442029457421	1.4302607925989598e-05
1026.816365823	0.08064787733126286	1.4197264476533033e-05
1028.0258079500002	0.08059149059207199	1.4092055756648303e-05
1029.235250077	0.0805352595972866	1.398698815963863e-05
1030.4446922040001	0.08047918386700899	1.3882067911219823e-05
1031.654134331	0.08042326292127426	1.3777301063904484e-05
1032.8635764580001	0.08036749628016468	1.3672693491481294e-05
1034.073018585	0.08031188346392577	1.3568250880573473e-05
1035.282460712	0.08025642399308369	1.3463978725296928e-05
1036.491902839	0.08020111738855766	1.3359882323813001e-05
1037.701344966	0.08014596317177931	1.3255966768280434e-05
1038.9107870930002	0.08009096086480222	1.31522369438346e-05
1040.12022922	0.08003610999041838	1.3048697521443766e-05
1041.3296713470002	0.07998141007226765	1.2945352951966218e-05
1042.539113474	0.07992686063494436	1.2842207462898543e-05
1043.7485556010001	0.07987246120410949	1.2739265054977965e-05
1044.957997728	0.079818211306592	1.2636529493906254e-05
1046.167439855	0.07976411047049023	1.2534004310374676e-05
1047.376881982	0.07971015822527276	1.243169279277828e-05
1048.586324109	0.07965635410187218	1.232959798546647e-05
1049.795766236	0.07960269763277832	1.2227722684261607e-05
1051.005208363	0.0795491883521274	1.2126069433293669e-05
1052.2146504900002	0.07949582579578737	1.2024640521868836e-05
1053.424092617	0.07944260950143785	1.1923437980911971e-05
1054.6335347440001	0.07938953900864885	1.1822463579871384e-05
1055.842976871	0.0793366138589533	1.1721718825563343e-05
1057.0524189980001	0.07928383359591482	1.1621204957515284e-05
1058.261861125	0.07923119776519462	1.1520922946873826e-05
1059.471303252	0.07917870591461114	1.142087349441545e-05
1060.680745379	0.07912635759419294	1.1321057027572682e-05
1061.890187506	0.07907415235623408	1.1221473699244955e-05
1063.0996296330002	0.07902208975533848	1.112212338813832e-05
1064.30907176	0.07897016934846068	1.102300569392516e-05
1065.5185138870002	0.07891839069494762	1.0924119937944553e-05
1066.727956014	0.0788667533565657	1.0825465162845734e-05
1067.9373981410001	0.07881525689753559	1.0727040131438353e-05
1069.146840268	0.07876390088454992	1.0628843327328417e-05
1070.356282395	0.0787126848867966	1.0530872953359729e-05
1071.565724522	0.07866160847597281	1.0433126931756067e-05
1072.775166649	0.07861067122629355	1.033560290839694e-05
1073.9846087760002	0.07855987271450013	1.0238298248103925e-05
1075.194050903	0.07850921251986154	1.0141210041426448e-05
1076.4034930300002	0.07845869022417142	1.004433510283684e-05
1077.612935157	0.07840830541174151	9.94766997629335e-06
1078.8223772840001	0.07835805766939265	9.851210933200685e-06
1080.031819411	0.07830794658644066	9.754953980479414e-06
1081.2412615380001	0.07825797175467608	9.65889486130538e-06
1082.450703665	0.07820813276834501	9.563029062634797e-06
1083.660145792	0.0781584292241249	9.467351816252506e-06
1084.869587919	0.07810886072109195	9.371858107477615e-06
1086.079030046	0.07805942686069524	9.276542681515008e-06
1087.2884721730002	0.07801012724671806	9.181400048463973e-06
1088.4979143	0.07796096148524309	9.086424494027986e-06
1089.7073564270001	0.07791192918461223	8.991610086363777e-06
1090.916798554	0.07786302995538094	8.896950686444575e-06
1092.1262406810001	0.0778142634102774	8.802439960727006e-06
1093.335682808	0.07776562916415188	8.70807138869683e-06
1094.545124935	0.07771712683393087	8.613838280242424e-06
1095.754567062	0.07766875603856341	8.519733785511353e-06
1096.964009189	0.07762051639897012	8.425750913451213e-06
1098.1734513160002	0.077572407537989	8.33188254517094e-06
1099.382893443	0.07752442908031847	8.238121453340169e-06
1100.5923355700002	0.0774765806524637	8.144460319147664e-06
1101.801777697	0.07742886188267588	8.050891752975119e-06
1103.0112198240001	0.07738127240090066	7.957408314814158e-06
1104.220661951	0.07733381183871418	7.864002537345852e-06
1105.430104078	0.07728647982926753	7.770666948764483e-06
1106.639546205	0.07723927600722784	7.677394099409558e-06
1107.848988332	0.07719220000872082	7.584176586843937e-06
1109.058430459	0.07714525147127489	7.491007083271134e-06
1110.267872586	0.07709843003376246	7.397878365792417e-06
1111.4773147130002	0.07705173533634514	7.304783344998408e-06
1112.68675684	0.07700516702041983	7.211715097706902e-06
1113.8961989670001	0.07695872472856578	7.118666899282267e-06
1115.105641094	0.07691240810449086	7.025632256230669e-06
1116.3150832210001	0.07686621679298596	6.932604943253171e-06
1117.524525348	0.0768201504398758	6.8395790376479385e-06
1118.733967475	0.07677420869197052	6.746548957118328e-06
1119.943409602	0.07672839119702787	6.65350949492297e-06
1121.152851729	0.07668269760370904	6.560455860251235e-06
1122.3622938560002	0.07663712756154185	6.467383718053518e-06
1123.571735983	0.07659168072088662	6.3742892262116276e-06
1124.7811781100002	0.07654635673290223	6.2811690737986776e-06
1125.990620237	0.07650115524951849	6.188020526439727e-06
1127.2000623640001	0.0764560759234081	6.094841457919794e-06
1128.409504491	0.07641111840796477	6.001630396708809e-06
1129.618946618	0.07636628235728231	5.908386558953916e-06
1130.828388745	0.07632156742613921	5.815109889242967e-06
1132.037830872	0.07627697326998072	5.72180109599142e-06
1133.2472729990002	0.07623249954491462	5.6284616884917606e-06
1134.456715126	0.07618814590769488	5.535094012306407e-06
1135.6661572530002	0.07614391201572393	5.441701276615316e-06
1136.87559938	0.07609979752704515	5.348287589764449e-06
1138.0850415070001	0.07605580210034725	5.2548579847426644e-06
1139.294483634	0.07601192539496283	5.161418445182055e-06
1140.5039257610001	0.07596816707087607	5.067975928656008e-06
1141.713367888	0.07592452678872945	4.9745383863486266e-06
1142.922810015	0.07588100420983375	4.881114781760896e-06
1144.132252142	0.07583759899617819	4.787715099014332e-06
1145.341694269	0.07579431081044355	4.694350358291504e-06
1146.5511363960002	0.07575113931601711	4.601032618825985e-06
1147.760578523	0.07570808417700904	4.507774982605412e-06
1148.9700206500002	0.07566514505826687	4.414591594356631e-06
1150.179462777	0.07562232162539594	4.321497633083248e-06
1151.3889049040001	0.07557961354477535	4.228509306918768e-06
1152.598347031	0.07553702048358082	4.135643838596246e-06
1153.807789158	0.07549454210980325	4.042919448769408e-06
1155.017231285	0.07545217809226716	3.950355337650348e-06
1156.226673412	0.07540992810065593	3.857971659988364e-06
1157.4361155390002	0.07536779180553058	3.76578949988396e-06
1158.645557666	0.07532576887835224	3.673830841705641e-06
1159.8549997930002	0.0752838589915038	3.5821185360635295e-06
1161.06444192	0.07524206181831392	3.4906762661521377e-06
1162.2738840470001	0.07520037703308124	3.3995285127849237e-06
1163.483326174	0.07515880431109473	3.30870051079919e-06
1164.6927683010001	0.07511734332866332	3.2182182171229035e-06
1165.902210428	0.07507599376313825	3.128108261327408e-06
1167.111652555	0.07503475529294248	3.038397909376923e-06
1168.321094682	0.07499362759759608	2.949115019738628e-06
1169.530536809	0.07495261035774989	2.86028799998379e-06
1170.7399789360002	0.07491170325521497	2.7719457676406773e-06
1171.949421063	0.07487090597299728	2.6841177051797688e-06
1173.1588631900001	0.07483021819533506	2.5968336235871327e-06
1174.368305317	0.07478963960773732	2.5101237203497344e-06
1175.5777474440001	0.07474916989702647	2.4240185405112826e-06
1176.787189571	0.07470880875138163	2.338548943683629e-06
1177.996631698	0.07466855586039017	2.2537460654584314e-06
1179.206073825	0.07462841091509653	2.1696412854084068e-06
1180.415515952	0.0745883736080614	2.0862661958294076e-06
1181.6249580790002	0.07454844363341798	2.0036525719757527e-06
1182.834400206	0.074508620686937	1.9218323434688595e-06
1184.0438423330002	0.07446890446609282	1.8408375653598637e-06
1185.25328446	0.07442929467013347	1.760700394924443e-06
1186.4627265870001	0.07438979100015422	1.6814530667935978e-06
1187.672168714	0.07435039315917347	1.6031278697048262e-06
1188.881610841	0.0743111008522134	1.5257571208178789e-06
1190.091052968	0.0742719137863797	1.4493731468242938e-06
1191.300495095	0.07423283167094367	1.3740082572815231e-06
1192.5099372220002	0.07419385421742966	1.2996947254461296e-06
1193.719379349	0.07415498113969353	1.2264647619682874e-06
1194.9288214760002	0.07411621215401064	1.1543504930821484e-06
1196.138263603	0.0740775469791557	1.0833839332804777e-06
1197.3477057300001	0.07403898533648177	1.0135969605241788e-06
1198.557147857	0.07400052695000199	9.450212871082822e-07
1199.7665899840001	0.0739621715464566	8.776884298297499e-07
1200.976032111	0.07392391885538285	8.116296809307346e-07
1202.185474238	0.07388576860918061	7.468760744028546e-07
1203.394916365	0.07384772054316308	6.834583497309768e-07
1204.604358492	0.07380977439560821	6.214069170991691e-07
1205.8138006190002	0.07377192990779462	5.607518187722391e-07
1207.023242746	0.07373418682403718	5.015226912205377e-07
1208.2326848730002	0.0736965448917034	4.4374872071250876e-07
1209.442127	0.07365900386122325	3.8745860597967224e-07
