0.0	0.0	0.0
1.209442127	2.151943988867278e-06	5.351826107414426e-11
2.418884254	8.948387661409907e-06	-1.8058714167308023e-09
3.6283263810000004	2.1391067116261678e-05	-3.687254627569127e-09
4.837768508	4.113971889304106e-05	-5.561243053554141e-09
6.047210635000001	7.04888908771213e-05	-7.425294978970474e-09
7.256652762000001	0.0001123386575270032	-9.289862471122202e-09
8.466094889	0.0001701578436784448	-1.1104155380296073e-08
9.675537016	0.0002479402142678593	-1.2859685265960531e-08
10.884979143	0.00035015443668718287	-1.454376640601026e-08
12.094421270000002	0.0004816885234905968	-1.6136804811973762e-08
13.303863397	0.0006477895128586704	-1.764325388120947e-08
14.513305524000002	0.0008539991866653325	-1.9057349743145758e-08
15.722747651	0.0011060866676774327	-2.037123928430969e-08
16.932189778	0.0014099787909035366	-2.1553547846821262e-08
18.141631905	0.001771689036392152	-2.2565299286025334e-08
19.351074032	0.002197245972357309	-2.339368669905073e-08
20.560516159000002	0.002692621953577825	-2.398455379040651e-08
21.769958286	0.0032636629356305206	-2.4249886070037057e-08
22.979400413	0.003916020130348116	-2.4035371952676192e-08
24.188842540000003	0.004655084425651113	-2.3034445929501924e-08
25.398284667000002	0.005485923966962786	-2.0851716927659204e-08
26.607726794	0.0064132256221744455	-1.7004216668983813e-08
27.817168921	0.007441241012837402	-1.0880573650216434e-08
29.026611048000003	0.008573737422023517	-1.7672401051109524e-09
30.236053175000002	0.009813954027437496	1.1121586055578673e-08
31.445495302	0.011164563781243432	2.861492381951492e-08
32.654937429	0.012627641211521665	5.153677093698101e-08
33.864379556	0.014204636341046744	8.061356643417635e-08
35.073821683000006	0.015896354795470368	1.1632613062978665e-07
36.28326381	0.017702944065242393	1.5872472604255597e-07
37.492705937000004	0.01962388584901266	2.0727336369671067e-07
38.702148064	0.021657994399805428	2.608304708284412e-07
39.911590191	0.023803420779532136	3.178653779625533e-07
41.121032318000005	0.02605766290309835	3.7691871527933057e-07
42.330474445	0.028417581197970603	4.371563493789799e-07
43.539916572	0.030879419571128594	4.987538363190919e-07
44.749358699000005	0.0334388311971105	5.629210404101353e-07
45.958800826	0.03609090855616682	6.316059905354497e-07
47.168242953000004	0.038830217221445244	7.070880494894266e-07
48.377685080000006	0.04165083300817424	7.916513156992136e-07
49.587127207	0.04454638213640723	8.874056429364764e-07
50.796569334000004	0.04751008402182596	9.962277393700397e-07
52.00601146100001	0.050534796256688545	1.1197670994717137e-06
53.215453588	0.05361306131285861	1.2594731511119975e-06
54.424895715000005	0.05673715449458186	1.4166201863076314e-06
55.634337842	0.05989913268057918	1.5923217806810372e-06
56.843779969	0.06309088341460829	1.7875346590864269e-06
58.053222096000006	0.0663041739264511	2.003055342623299e-06
59.262664223	0.06953069968976372	2.2395136320217673e-06
60.472106350000004	0.0727621321491481	2.497366386847602e-06
61.68154847700001	0.0759901652761526	2.7768940902758426e-06
62.890990604	0.07920656064271013	3.0782015630475913e-06
64.100432731	0.08240319073048841	3.401223297279281e-06
65.309874858	0.08557208022552402	3.745733220726349e-06
66.519316985	0.08870544507871297	4.11135833507513e-06
67.728759112	0.09179572914389762	4.497595487098864e-06
68.93820123900001	0.09483563823586562	4.90383048696939e-06
70.14764336600001	0.09781817148030156	5.329358701882322e-06
71.357085493	0.10073664985647406	5.773406100820255e-06
72.56652762	0.10358474186101455	6.235149464032008e-06
73.775969747	0.10635648624758373	6.713734187324818e-06
74.98541187400001	0.10904631182221125	7.208287867685826e-06
76.19485400100001	0.11164905429750416	7.717928016527386e-06
77.404296128	0.11415997023055272	8.241762784291232e-06
78.613738255	0.11657474808904156	8.778884503609595e-06
79.823180382	0.11888951650804473	9.328356844920776e-06
81.032622509	0.12110084981614044	9.889197251335511e-06
82.24206463600001	0.12320577092423915	1.046035688810172e-05
83.45150676300001	0.1252017516839001	1.1040700614041935e-05
84.66094889	0.12708671083384102	1.1628989567532596e-05
85.870391017	0.12885900966377103	1.222386882108571e-05
87.079833144	0.13051744553319336	1.2823862156349826e-05
88.28927527100001	0.1320612433893466	1.3427375341407517e-05
89.49871739800001	0.1334900454329021	1.4032708318271668e-05
90.708159525	0.13480389908249701	1.4638075574273144e-05
91.917601652	0.136003243389934	1.5241632892111828e-05
93.127043779	0.13708889405720687	1.584150779663309e-05
94.33648590600001	0.13806202720482044	1.6435830565461633e-05
95.54592803300001	0.13892416203846247	1.702276268633314e-05
96.75537016000001	0.1396771425582582	1.7600520034144162e-05
97.964812287	0.14032311845172132	1.816738878256505e-05
99.174254414	0.14086452530817312	1.8721732934994705e-05
100.383696541	0.1413040642887394	1.9261993355460748e-05
101.59313866800001	0.14164468138199793	1.9786679145201763e-05
102.80258079500001	0.14188954637082862	2.029435311292879e-05
104.01202292200001	0.1420420316309645	2.0783613898450264e-05
105.221465049	0.14210569087617955	2.1253077862199335e-05
106.430907176	0.14208423795909483	2.170136393369344e-05
107.64034930300001	0.14198152583039578	2.212708417393761e-05
108.84979143000001	0.14180152575295743	2.252884166671147e-05
110.05923355700001	0.14154830686105285	2.2905235899379056e-05
111.268675684	0.1412260161483635	2.325487429173324e-05
112.478117811	0.14083885896198609	2.3576387551859547e-05
113.687559938	0.14039108007292644	2.3868446119745277e-05
114.89700206500001	0.13988694538686958	2.4129775152058185e-05
116.10644419200001	0.13933072435244118	2.4359165960798403e-05
117.31588631900001	0.13872667311781203	2.4555482363432337e-05
118.525328446	0.13807901848052395	2.4717660900939472e-05
119.734770573	0.13739194266976887	2.4844704445774738e-05
120.94421270000001	0.13666956899506885	2.4935669409012845e-05
122.15365482700001	0.1359159483902114	2.498964775910831e-05
123.36309695400001	0.1351350468763649	2.5005746257063508e-05
124.572539081	0.1343307339634044	2.4983066609664278e-05
125.781981208	0.13350677200357441	2.4920691298794127e-05
126.99142333500001	0.13266680650675372	2.4817680379749573e-05
128.200865462	0.13181435742176972	2.4673084358482882e-05
129.410307589	0.13095281138348083	2.4485977178127976e-05
130.619749716	0.1300854149207149	2.4255511451356324e-05
131.82919184300002	0.1292152686154454	2.398099546971065e-05
133.03863397	0.12834532219867292	2.3661988422636435e-05
134.24807609700002	0.12747837056310285	2.3298407081366876e-05
135.457518224	0.12661705066679274	2.2890634442243942e-05
136.666960351	0.12576383929578375	2.243961926606366e-05
137.87640247800002	0.12492105164812126	2.194695576457913e-05
139.085844605	0.12409084069756526	2.1414935105063276e-05
140.29528673200002	0.12327519729358101	2.0846564589446524e-05
141.504728859	0.12247595095488452	2.0245555106647088e-05
142.714170986	0.12169477131615195	1.9616281391766276e-05
143.92361311300002	0.12093317018987657	1.8963721749369134e-05
145.13305524	0.1201925042066395	1.8293384072945145e-05
146.34249736700002	0.119473977996769	1.761122394096687e-05
147.551939494	0.1187786478749217	1.6923559085199198e-05
148.761381621	0.11810742598738809	1.6236983235328783e-05
149.97082374800002	0.11746108488049685	1.555828134569702e-05
151.180265875	0.11684026244750868	1.489434742339191e-05
152.38970800200002	0.1162454672108062	1.4252105550777965e-05
153.599150129	0.1156770838957669	1.3638434208082025e-05
154.808592256	0.11513537925245068	1.3060093733045082e-05
156.018034383	0.1146205080811709	1.2523656693208823e-05
157.22747651	0.11413251941838735	1.2035441109631958e-05
158.43691863700002	0.11367136284032345	1.1601446709657569e-05
159.646360764	0.11323689484327365	1.1227294715211407e-05
160.85580289100002	0.1128288852616389	1.0918171913071267e-05
162.065245018	0.112447023687209	1.0678779970581858e-05
163.274687145	0.1120909258556858	1.0513291026715726e-05
164.48412927200002	0.11176013996901349	1.0425310609906974e-05
165.693571399	0.11145415292449647	1.0417848756264912e-05
166.90301352600002	0.11117239642392944	1.0493299973001435e-05
168.112455653	0.1109142529381735	1.0653432352740126e-05
169.32189778	0.11067906150463244	1.0899385775326314e-05
170.53133990700002	0.11046612333711653	1.1231678822466094e-05
171.740782034	0.11027470722955067	1.165022376318789e-05
172.95022416100002	0.11010405473702628	1.2154348826852138e-05
174.159666288	0.10995338511977798	1.2742826928584375e-05
175.369108415	0.10982190003787538	1.34139100376955e-05
176.57855054200002	0.10970878798670432	1.4165368416408401e-05
177.787992669	0.10961322846560805	1.4994534011019829e-05
178.99743479600002	0.10953439587439304	1.5898347293133202e-05
180.206876923	0.10947146313463628	1.687340683539676e-05
181.41631905	0.10942360503487315	1.791602088904979e-05
182.62576117700002	0.10939000130075552	1.9022260154307556e-05
183.835203304	0.10936983939310262	2.0188010943703924e-05
185.04464543100002	0.10936231703846319	2.1409027861139564e-05
186.254087558	0.10936664449833965	2.2680985120795624e-05
187.46352968500003	0.10938204658460579	2.3999525641243448e-05
188.67297181200001	0.10940776442985226	2.5360307037209484e-05
189.882413939	0.10944305702247413	2.675904369542093e-05
191.09185606600002	0.10948720251719479	2.81915441828933e-05
192.301298193	0.10953949933246204	2.9653743354988145e-05
193.51074032000002	0.10959926704675355	3.1141728655659063e-05
194.720182447	0.1096658471062604	3.265176028554958e-05
195.929624574	0.1097386033567797	3.418028506152648e-05
197.13906670100002	0.10981692241285014	3.5723943971251206e-05
198.348508828	0.10990021387726895	3.7279573570426214e-05
199.55795095500002	0.1099879104241506	3.884420152143447e-05
200.767393082	0.11007946775856256	4.041503668620221e-05
201.976835209	0.11017436446557806	4.19894543340483e-05
203.18627733600002	0.11027210176130438	4.3564977109982855e-05
204.395719463	0.11037220315807234	4.513925254284505e-05
205.60516159000002	0.11047421405555441	4.671002794207452e-05
206.814603717	0.11057770126911592	4.827512361297415e-05
208.02404584400003	0.11068225250617	4.98324053297806e-05
209.23348797100002	0.11078747580078008	5.1379757006500444e-05
210.442930098	0.11089299891612017	5.2915054433554626e-05
211.65237222500002	0.11099846872378863	5.4436140870396964e-05
212.861814352	0.11110355056825731	5.5940805175373955e-05
214.07125647900003	0.11120792762400869	5.742676304178117e-05
215.28069860600002	0.11131130025219708	5.889164180950635e-05
216.490140733	0.1114133853628873	6.033296922552011e-05
217.69958286000002	0.11151391578819551	6.174816642278066e-05
218.909024987	0.11161263967092414	6.3134545298199e-05
220.11846711400003	0.11170931987259163	6.448931037158026e-05
221.32790924100001	0.1118037334040636	6.580956509827936e-05
222.537351368	0.11189567088136307	6.709232252507452e-05
223.74679349500002	0.11198493600861578	6.833452006008191e-05
224.956235622	0.11207134508953621	6.953303805436245e-05
226.16567774900003	0.11215472656831683	7.068472181737583e-05
227.375119876	0.1122349206003066	7.178640658737204e-05
228.584562003	0.11231177865244037	7.28349449690738e-05
229.79400413000002	0.1123851631329548	7.382723627020367e-05
231.003446257	0.11245494704961624	7.476025715566411e-05
232.21288838400002	0.11252101369534677	7.563109303174498e-05
233.422330511	0.11258325635988647	7.643696956014408e-05
234.63177263800003	0.11264157806588658	7.717528372035285e-05
235.84121476500002	0.11269589132766263	7.784363386235282e-05
237.050656892	0.11274611793065335	7.843984822591016e-05
238.26009901900002	0.11279218872954475	7.896201144894752e-05
239.469541146	0.11283404346290433	7.940848862948627e-05
240.67898327300003	0.112871630582125	7.977794656946443e-05
241.88842540000002	0.11290490709245683	8.006937188999542e-05
243.097867527	0.11293383840388199	8.028208576823003e-05
244.30730965400002	0.11295839818960972	8.041575511143204e-05
245.516751781	0.11297856825001139	8.04704000542556e-05
246.72619390800003	0.11299433837985604	8.04463977328102e-05
247.93563603500002	0.11300570623680037	8.034448234966545e-05
249.145078162	0.11301267720915298	8.016574161436684e-05
250.35452028900002	0.11301526428107823	7.991160970067684e-05
251.563962416	0.11301348789350707	7.958385691406636e-05
252.77340454300003	0.11300737579919484	7.918457629523856e-05
253.98284667000001	0.11299696291050346	7.871616744517091e-05
255.192288797	0.11298229113869138	7.818131785109915e-05
256.401730924	0.11296340922365447	7.758298202104759e-05
257.61117305100004	0.11294037255324801	7.692435874931129e-05
258.820615178	0.11291324297150969	7.620886681983721e-05
260.030057305	0.11288208857525892	7.544011948948064e-05
261.239499432	0.11284698349873726	7.462189807052988e-05
262.448941559	0.11280800768606306	7.37581249462088e-05
263.65838368600004	0.1127652466514673	7.28528363537941e-05
264.867825813	0.11271879122735988	7.191015525943867e-05
266.07726794	0.11266873730041853	7.093426462535912e-05
267.286710067	0.11261518553602266	6.992938135752848e-05
268.49615219400005	0.11255824109144016	6.889973117655999e-05
269.70559432100004	0.11249801331831406	6.784952461244266e-05
270.915036448	0.11243461545509345	6.678293428612221e-05
272.124478575	0.1123681643101548	6.570407359783397e-05
273.333920702	0.1122987799364671	6.46169768900061e-05
274.54336282900005	0.11222658529872986	6.352558113126644e-05
275.75280495600003	0.11215170593399117	6.243370913694673e-05
276.962247083	0.11207426960680394	6.134505431898071e-05
278.17168921	0.11199440596003334	6.026316694746688e-05
279.381131337	0.11191224616243316	5.9191441892671444e-05
280.59057346400004	0.11182792255415504	5.8133107809303017e-05
281.80001559100003	0.1117415682913439	5.709121771982845e-05
283.009457718	0.11165331699097866	5.6068640945822566e-05
284.218899845	0.1115633023771332	5.5068056332134e-05
285.428341972	0.11147165792980887	5.409194670818994e-05
286.63778409900004	0.11137851653751718	5.314259452062092e-05
287.84722622600003	0.11128401015476413	5.22220785929938e-05
289.056668353	0.11118826946560458	5.133227195043959e-05
290.26611048	0.11109142355441635	5.0474840668399095e-05
291.475552607	0.11099359958503785	4.965124372295077e-05
292.68499473400004	0.11089492248940185	4.886273380351876e-05
293.89443686100003	0.11079551466676855	4.8110359092381574e-05
295.103878988	0.11069549569463819	4.73949659973461e-05
296.313321115	0.11059498205238553	4.67172028546096e-05
297.522763242	0.11049408685861456	4.607752459432527e-05
298.73220536900004	0.11039291962318169	4.5476198395265266e-05
299.94164749600003	0.11029158601478116	4.491331031465269e-05
301.151089623	0.11019018764491141	4.438877290743295e-05
302.36053175	0.11008882186897542	4.390233381168561e-05
303.569973877	0.10998758160519154	4.3453585277320124e-05
304.77941600400004	0.10988655517189581	4.3041974593640474e-05
305.98885813100003	0.10978582614374395	4.2666815360009965e-05
307.198300258	0.10968547322720457	4.232729952788815e-05
308.407742385	0.10958557015565572	4.2022510107066246e-05
309.617184512	0.10948618560428383	4.175143443836858e-05
310.82662663900004	0.10938738312488437	4.151297789922769e-05
312.036068766	0.10928922110055479	4.130597789273899e-05
313.245510893	0.10919175272016235	4.112921796167856e-05
314.45495302	0.10909502597235911	4.098144184878452e-05
315.664395147	0.10899908365881196	4.086136730415821e-05
316.87383727400004	0.10890396342621243	4.0767699433634035e-05
318.083279401	0.10880969781651488	4.0699143367085264e-05
319.292721528	0.10871631433478168	4.0654416015214655e-05
320.502163655	0.10862383553390798	4.0632256710084125e-05
321.71160578200005	0.10853227911544858	4.063143650997623e-05
322.92104790900004	0.1084416580456768	4.0650766021465625e-05
324.130490036	0.10835198068600217	4.0689101601768336e-05
325.339932163	0.10826325093678968	4.074534988627099e-05
326.54937429	0.10817546839361528	4.0818470623606954e-05
327.75881641700005	0.10808862851495596	4.090747786866193e-05
328.96825854400004	0.1080027228002712	4.101143962385113e-05
330.177700671	0.10791773897742273	4.1129476045108734e-05
331.387142798	0.10783366119834889	4.126075637603192e-05
332.596584925	0.10775047024189136	4.140449476250243e-05
333.80602705200005	0.10766814372266163	4.15599451373135e-05
335.01546917900004	0.10758665630486253	4.1726395361756436e-05
336.224911306	0.10750597991995778	4.19031608085318e-05
337.434353433	0.1074260839871416	4.2089577600582865e-05
338.64379556	0.10734693563555822	4.228499569265742e-05
339.85323768700005	0.10726849992729709	4.2488772002299385e-05
341.06267981400003	0.10719074008019847	4.270026377925007e-05
342.272121941	0.10711361768957472	4.29188223957206e-05
343.481564068	0.10703709294799285	4.3143787721444785e-05
344.691006195	0.10696112486232467	4.3374483235730844e-05
345.90044832200005	0.10688567146729817	4.361021199681287e-05
347.10989044900003	0.1068106900348707	4.385025355757207e-05
348.319332576	0.10673613727876304	4.4093861907089286e-05
349.528774703	0.10666196955356291	4.434026446353177e-05
350.73821683	0.10658814304783634	4.458866212688158e-05
351.94765895700004	0.10651461397074724	4.483823036979997e-05
353.15710108400003	0.10644133873172176	4.508812131006696e-05
354.366543211	0.10636827411272658	4.533746669021646e-05
355.575985338	0.10629537743279094	4.558538165996849e-05
356.785427465	0.10622260670441465	4.583096925211807e-05
357.99486959200004	0.10614992078156966	4.6073325411121176e-05
359.20431171900003	0.10607727949902118	4.6311544440061825e-05
360.413753846	0.10600464380272578	4.6544724717947654e-05
361.623195973	0.1059319758711243	4.677197454207397e-05
362.8326381	0.10585923922715723	4.6992417957570124e-05
364.04208022700004	0.10578639884088194	4.720520043540424e-05
365.25152235400003	0.1057134212226008	4.740949428406486e-05
366.460964481	0.10564027450644384	4.7604503678390954e-05
367.670406608	0.10556692852439961	4.778946922868226e-05
368.87984873500005	0.10549335487080756	4.796367200032565e-05
370.08929086200004	0.10541952695737254	4.812643694600835e-05
371.29873298900003	0.10534542005880686	4.827713570639459e-05
372.508175116	0.10527101134922145	4.841518876731119e-05
373.717617243	0.1051962799294498	4.854006697827306e-05
374.92705937000005	0.10512120684550734	4.865129245102497e-05
376.13650149700004	0.10504577509842658	4.874843887139702e-05
377.34594362400003	0.1049699696457544	4.883113128109275e-05
378.555385751	0.10489377739500486	4.889904537637612e-05
379.764827878	0.10481718718941888	4.8951906403901424e-05
380.97427000500005	0.10474018978638928	4.898948771839308e-05
382.18371213200004	0.10466277782893237	4.9011609083847346e-05
383.393154259	0.10458494581062529	4.901813479205028e-05
384.602596386	0.10450669003443153	4.900897167480467e-05
385.812038513	0.10442800856584393	4.898406708475823e-05
387.02148064000005	0.10434890118081756	4.894340690259886e-05
388.23092276700004	0.10426936930892072	4.8887013637839306e-05
389.440364894	0.10418941597218943	4.881494466356442e-05
390.649807021	0.1041090457201262	4.87272906317469e-05
391.859249148	0.10402826456131202	4.862417409540252e-05
393.06869127500005	0.10394707989207265	4.8505748355044956e-05
394.27813340200004	0.10386550042264382	4.837219653591239e-05
395.487575529	0.10378353610126036	4.82237309005246e-05
396.697017656	0.1037011980365882	4.806059237503415e-05
397.906459783	0.10361849841888487	4.7883050277004425e-05
399.11590191000005	0.1035354504402853	4.7691402208727595e-05
400.32534403700004	0.10345206821455681	4.748597408823555e-05
401.534786164	0.10336836669667492	4.7267120269312054e-05
402.744228291	0.10328436160253139	4.7035223719790766e-05
403.953670418	0.10320006932907898	4.679069619599712e-05
405.16311254500005	0.10311550687518331	4.65339783808068e-05
406.37255467200004	0.10303069176344332	4.62655399313346e-05
407.581996799	0.1029456419632141	4.5985879395955816e-05
408.791438926	0.10286037581504277	4.569552395798136e-05
410.000881053	0.10277491195671602	4.539502896813893e-05
411.21032318000005	0.10268926925110347	4.50849772414135e-05
412.41976530700003	0.10260346671593784	4.476597808515516e-05
413.629207434	0.10251752345569906	4.4438666040431246e-05
414.838649561	0.10243145859570989	4.410369932824307e-05
416.04809168800006	0.10234529121856763	4.376175799481428e-05
417.25753381500004	0.10225904030301003	4.341354175248622e-05
418.46697594200003	0.10217272466530103	4.3059767534860954e-05
419.676418069	0.10208636290321817	4.2701166766194356e-05
420.885860196	0.10199997334270276	4.2338482386960394e-05
422.09530232300006	0.10191357398723204	4.1972465643518566e-05
423.30474445000004	0.10182718246996021	4.160387268118019e-05
424.51418657700003	0.1017408160086778	4.1233460981661985e-05
425.723628704	0.10165449136360315	4.08619856732623e-05
426.933070831	0.10156822479804377	4.049019576699324e-05
428.14251295800005	0.10148203204194944	4.011883034939673e-05
429.35195508500004	0.1013959282583518	3.9748614783944286e-05
430.56139721200003	0.10130992801270813	3.9380256966588374e-05
431.770839339	0.1012240452451498	3.901444367108955e-05
432.980281466	0.10113829324561278	3.865183702849648e-05
434.18972359300005	0.1010526846318487	3.829307118286526e-05
435.39916572000004	0.10096723133028751	3.793874915358405e-05
436.60860784700003	0.10088194455973085	3.7589439942451476e-05
437.818049974	0.10079683481783419	3.724567591105942e-05
439.027492101	0.10071191187034492	3.690795044907249e-05
440.23693422800005	0.10062718474304377	3.6576715966815806e-05
441.44637635500004	0.10054266171633679	3.625238221150273e-05
442.65581848200003	0.10045835032243748	3.593531493060719e-05
443.865260609	0.10037425734507714	3.562583488222391e-05
445.074702736	0.10029038882166258	3.5324217196768006e-05
446.28414486300005	0.10020675004780581	3.503069108797216e-05
447.49358699000004	0.10012334558414514	3.474543990668293e-05
448.703029117	0.10004017926535712	3.446860152422757e-05
449.912471244	0.09995725421127358	3.420026903867796e-05
451.121913371	0.0998745728399951	3.394049177901656e-05
452.33135549800005	0.0997921368829018	3.368927659321564e-05
453.54079762500004	0.09970994740144802	3.344658939871594e-05
454.750239752	0.09962800480562468	3.32123569639057e-05
455.959681879	0.09954630887398878	3.298646891226415e-05
457.169124006	0.09946485877511999	3.276877989988797e-05
458.37856613300005	0.09938365309040234	3.25591119593527e-05
459.58800826000004	0.09930268983799612	3.235725697716784e-05
460.797450387	0.0992219664978908	3.216297926842527e-05
462.006892514	0.09914148003790499	3.197601823640488e-05
463.216334641	0.09906122694051869	3.179609108480396e-05
464.42577676800005	0.09898120323041432	3.1622895551884023e-05
465.63521889500004	0.09890140450260651	3.145611265552271e-05
466.844661022	0.09882182595104763	3.129540941674141e-05
468.054103149	0.09874246239758779	3.114044154471293e-05
469.26354527600006	0.09866330832118501	3.099085606685251e-05
470.47298740300005	0.09858435788724933	3.0846293879880794e-05
471.68242953000004	0.09850560497702325	3.07063922176473e-05
472.891871657	0.09842704321689918	3.057078701093324e-05
474.101313784	0.09834866600756387	3.0439115133223574e-05
475.31075591100006	0.0982704665529017	3.0311016524666745e-05
476.52019803800005	0.09819243788854919	3.0186136183326757e-05
477.72964016500003	0.09811457291002892	3.006412601782612e-05
478.939082292	0.09803686440039144	2.9944646559809032e-05
480.148524419	0.09795930505728277	2.9827368527660812e-05
481.35796654600006	0.09788188751937923	2.9711974246607407e-05
482.56740867300005	0.09780460439213297	2.959815892289528e-05
483.77685080000003	0.09772744827275745	2.9485631768108812e-05
484.986292927	0.09765041177442352	2.937411698022399e-05
486.195735054	0.09757348754960889	2.9263354591935696e-05
487.40517718100006	0.09749666831256353	2.9153101167380232e-05
488.61461930800004	0.097419946860855	2.9043130376204315e-05
489.82406143500003	0.09734331609596822	2.8933233438281555e-05
491.033503562	0.09726676904292995	2.8823219439839955e-05
492.242945689	0.09719029886894151	2.8712915534944405e-05
493.45238781600005	0.09711389890099124	2.8602167037001806e-05
494.66182994300004	0.09703756264245109	2.8490837400018102e-05
495.87127207000003	0.09696128378863329	2.8378808099405566e-05
497.080714197	0.09688505624130599	2.8265978424621008e-05
498.290156324	0.09680887412216685	2.8152265174001634e-05
499.49959845100005	0.09673273178527328	2.8037602274100823e-05
500.70904057800004	0.09665662382842698	2.792194031959596e-05
501.91848270500003	0.09658054510352862	2.7805246045585448e-05
503.127924832	0.09650449072590073	2.768750173549511e-05
504.337366959	0.09642845608259375	2.7568704569047312e-05
505.54680908600005	0.09635243683968445	2.7448865921124185e-05
506.75625121300004	0.09627642894858336	2.7328010616323643e-05
507.96569334000003	0.09620042865136147	2.7206176145221222e-05
509.175135467	0.09612443248511636	2.7083411844813618e-05
510.384577594	0.09604843728539728	2.6959778060710936e-05
511.59401972100005	0.09597244018870456	2.683534528132522e-05
512.803461848	0.0958964386340894	2.6710193264973662e-05
514.0129039750001	0.09582043036386993	2.6584410159394287e-05
515.2223461020001	0.09574441342348872	2.6458091613576483e-05
516.4317882290001	0.09566838616054764	2.6331339905570845e-05
517.641230356	0.0955923472230203	2.6204263065656676e-05
518.850672483	0.09551629555669877	2.6076974023072788e-05
520.06011461	0.09544023040187638	2.594958976639059e-05
521.269556737	0.0953641512893127	2.5822230527829615e-05
522.478998864	0.09528805803550504	2.5695018990499535e-05
523.688440991	0.09521195073729244	2.5568079527979803e-05
524.897883118	0.09513582976582916	2.544153746924118e-05
526.1073252450001	0.09505969575996095	2.5315518398365078e-05
527.3167673720001	0.09498354961903405	2.519014749139521e-05
528.5262094990001	0.09490739249516862	2.5065548880669056e-05
529.735651626	0.09483122578503886	2.4941845061150468e-05
530.945093753	0.0947550511211878	2.4819156330737866e-05
532.15453588	0.09467887036291536	2.469760026304836e-05
533.363978007	0.09460268558677833	2.4577291221118908e-05
534.573420134	0.0945264990767261	2.4458339901509288e-05
535.782862261	0.09445031331392713	2.4340852914824316e-05
536.9923043880001	0.09437413096630914	2.4224932398290328e-05
538.2017465150001	0.09429795487785404	2.4110675660313012e-05
539.4111886420001	0.0942217880576757	2.399817485918453e-05
540.6206307690001	0.09414563366893636	2.3887516707467432e-05
541.830072896	0.09406949501761226	2.37787822101522e-05
543.039515023	0.093993375541162	2.3672046428040065e-05
544.24895715	0.09391727879712645	2.356737826751444e-05
545.458399277	0.09384120845168413	2.3464840301789608e-05
546.667841404	0.09376516826821805	2.336448861219759e-05
547.877283531	0.0936891620958997	2.326637265701406e-05
549.0867256580001	0.09361319385834048	2.3170535165542212e-05
550.2961677850001	0.09353726754233326	2.3077012052109225e-05
551.5056099120001	0.09346138718671296	2.2985832359710495e-05
552.715052039	0.09338555687136678	2.2897018220190115e-05
553.924494166	0.09330978070641649	2.2810584842291302e-05
555.133936293	0.09323406282160653	2.2726540517806944e-05
556.34337842	0.09315840735591242	2.264488665547703e-05
557.552820547	0.09308281844740111	2.256561783192879e-05
558.762262674	0.09300730022335205	2.2488721868541663e-05
559.971704801	0.09293185679067892	2.2414179927530654e-05
561.1811469280001	0.09285649222665159	2.2341966631790787e-05
562.3905890550001	0.09278121056994577	2.227205020523508e-05
563.6000311820001	0.09270601581203468	2.220439263326049e-05
564.809473309	0.09263091188893159	2.2138949847816493e-05
566.018915436	0.09255590267330632	2.2075671928820724e-05
567.228357563	0.0924809919669776	2.2014503325093697e-05
568.43779969	0.0924061834937957	2.195538309950885e-05
569.647241817	0.0923314808929257	2.1898245187584143e-05
570.856683944	0.09225688771252885	2.184301867404982e-05
572.066126071	0.09218240740386364	2.1789628089636657e-05
573.2755681980001	0.0921080433157977	2.173799371644226e-05
574.4850103250001	0.09203379868973796	2.168803191431071e-05
575.6944524520001	0.09195967665497999	2.1639655454988493e-05
576.903894579	0.09188568022448389	2.1592773870384386e-05
578.113336706	0.09181181229106267	2.1547293806224652e-05
579.322778833	0.09173807562399236	2.1503119390474128e-05
580.53222096	0.09166447286603999	2.1460152599200638e-05
581.741663087	0.09159100653089543	2.141829363322719e-05
582.951105214	0.09151767900101589	2.1377441294544034e-05
584.160547341	0.09144449252586584	2.1337493363236613e-05
585.3699894680001	0.09137144922055453	2.1298346974329505e-05
586.5794315950001	0.09129855106484833	2.125989898707301e-05
587.7888737220001	0.0912257999025739	2.122204635564716e-05
588.998315849	0.09115319744137095	2.118468648576507e-05
590.207757976	0.09108074525281368	2.1147717586153597e-05
591.417200103	0.09100844477287245	2.111103900708904e-05
592.62664223	0.09093629730270536	2.1074551569508225e-05
593.836084357	0.09086430400977782	2.1038157877825638e-05
595.045526484	0.09079246592928401	2.1001762612472365e-05
596.2549686110001	0.0907207839658693	2.0965272815394434e-05
597.4644107380001	0.09064925889562804	2.0928598149696495e-05
598.6738528650001	0.09057789136837661	2.0891651141356102e-05
599.8832949920001	0.09050668191017233	2.0854347402349798e-05
601.092737119	0.09043563092607544	2.081660583072819e-05
602.302179246	0.09036473870313666	2.077834878918604e-05
603.511621373	0.09029400541359238	2.0739502262983692e-05
604.7210635	0.09022343111825414	2.0699995992890237e-05
605.930505627	0.09015301577007621	2.0659763588377292e-05
607.139947754	0.0900827592178963	2.0618742613621748e-05
608.3493898810001	0.09001266121031473	2.0576874655162937e-05
609.5588320080001	0.08994272139971757	2.053410536634157e-05
610.7682741350001	0.08987293934641415	2.0490384489278288e-05
611.9777162620001	0.08980331452288536	2.044566585621548e-05
613.187158389	0.0897338463181195	2.039990736994463e-05
614.396600516	0.08966453404202537	2.0353070964787255e-05
615.606042643	0.08959537692991192	2.0305122552349053e-05
616.81548477	0.0895263741470132	2.02560319456739e-05
618.024926897	0.08945752479305516	2.020577276673594e-05
619.234369024	0.0893888279068367	2.0154322347447197e-05
620.4438111510001	0.08932028247083021	2.0101661605728434e-05
621.6532532780001	0.08925188741577933	2.004777491739943e-05
622.8626954050001	0.08918364162527445	1.999264997550983e-05
624.072137532	0.08911554394031404	1.9936277636893293e-05
625.281579659	0.08904759316382461	1.987865176686512e-05
626.491021786	0.08897978806512982	1.9819769074520615e-05
627.700463913	0.08891212738437325	1.9759628942182672e-05
628.90990604	0.08884460983686536	1.9698233253128584e-05
630.119348167	0.08877723411735822	1.963558621388354e-05
631.328790294	0.08870999890423485	1.957169418528153e-05
632.5382324210001	0.08864290286360596	1.9506565499373256e-05
633.7476745480001	0.08857594465330576	1.9440210290736898e-05
634.9571166750001	0.08850912292678152	1.9372640324715756e-05
636.166558802	0.0884424363368652	1.9303868828434986e-05
637.376000929	0.08837588353942526	1.9233910331046066e-05
638.585443056	0.08830946319689495	1.916278050602995e-05
639.794885183	0.08824317398166369	1.909049602328686e-05
641.00432731	0.08817701457933683	1.9017074402793423e-05
642.213769437	0.08811098369184724	1.8942533883399254e-05
643.4232115640001	0.08804508004042828	1.8866893291949043e-05
644.6326536910001	0.08797930236843761	1.8790171929544076e-05
645.8420958180001	0.0879136494440258	1.871238945888873e-05
647.0515379450001	0.08784812006265547	1.8633565806053807e-05
648.260980072	0.08778271304946382	1.8553721068605385e-05
649.470422199	0.08771742726147207	1.847287543498947e-05
650.679864326	0.08765226158962391	1.839104911226708e-05
651.889306453	0.08758721496068318	1.8308262261308948e-05
653.09874858	0.08752228633896358	1.8224534947294016e-05
654.308190707	0.08745747472789923	1.8139887089528e-05
655.5176328340001	0.08739277917146011	1.805433842702306e-05
656.7270749610001	0.08732819875541059	1.7967908489103993e-05
657.9365170880001	0.08726373260841226	1.788061657455594e-05
659.1459592150001	0.08719937990297665	1.779248173785391e-05
660.355401342	0.08713513985625947	1.770352278194904e-05
661.564843469	0.08707101173071333	1.7613758258440326e-05
662.774285596	0.08700699483459116	1.7523206469192002e-05
663.983727723	0.08694308852231025	1.7431885479841814e-05
665.19316985	0.08687929219466813	1.7339813133778434e-05
666.402611977	0.08681560529893519	1.724700707143711e-05
667.6120541040001	0.0867520273288068	1.715348474971672e-05
668.8214962310001	0.0866885578242281	1.705926347212107e-05
670.0309383580001	0.0866251963711028	1.6964360412197336e-05
671.2403804850001	0.0865619426008728	1.686879264698532e-05
672.449822612	0.08649879618999129	1.67725771858678e-05
673.659264739	0.08643575685928831	1.667573100561104e-05
674.868706866	0.08637282437322356	1.6578271078382532e-05
676.078148993	0.08630999853905026	1.648021441110571e-05
677.28759112	0.08624727920587937	1.6381578071716876e-05
678.497033247	0.08618466626366077	1.628237922538799e-05
679.7064753740001	0.08612215964207623	1.6182635163287256e-05
680.9159175010001	0.08605975930936328	1.6082363331887162e-05
682.1253596280001	0.08599746527105964	1.5981581361036184e-05
683.3348017550001	0.08593527756868968	1.588030708917029e-05
684.544243882	0.08587319627838645	1.577855858663528e-05
685.753686009	0.0858112215094599	1.5676354178625058e-05
686.963128136	0.0857493534029182	1.5573712458571734e-05
688.172570263	0.08568759212994699	1.5470652309365455e-05
689.38201239	0.08562593789034752	1.536719291150382e-05
690.5914545170001	0.08556439091094906	1.5263353757377974e-05
691.8008966440001	0.0855029514439867	1.5159154652754473e-05
693.0103387710001	0.08544161976546497	1.505461572428989e-05
694.2197808980001	0.08538039617350389	1.4949757418845298e-05
695.429223025	0.08531928098667156	1.4844600500163211e-05
696.638665152	0.08525827454231395	1.4739166045616608e-05
697.848107279	0.08519737719487984	1.4633475435033689e-05
699.057549406	0.08513658931425779	1.4527550340395197e-05
700.266991533	0.08507591128410917	1.442141271204771e-05
701.47643366	0.0850153435002246	1.4315084759780848e-05
702.6858757870001	0.08495488636889051	1.420858893729466e-05
703.8953179140001	0.08489454030527532	1.4101947914819684e-05
705.1047600410001	0.08483430573184927	1.399518455959351e-05
706.3142021680001	0.08477418307682096	1.3888321905278036e-05
707.523644295	0.0847141727726129	1.3781383128706751e-05
708.733086422	0.08465427525436738	1.367439151450512e-05
709.942528549	0.0845944909584928	1.3567370425414049e-05
711.151970676	0.08453482032125038	1.3460343271689675e-05
712.361412803	0.08447526377737796	1.3353333472338267e-05
713.57085493	0.08441582175877213	1.3246364423705867e-05
714.7802970570001	0.0843564946932032	1.3139459460280448e-05
715.9897391840001	0.08429728300308814	1.3032641821461568e-05
717.1991813110001	0.0842381871043131	1.2925934611258847e-05
718.4086234380001	0.08417920740511117	1.28193607636812e-05
719.618065565	0.08412034430498767	1.2712943004293396e-05
720.827507692	0.08406159819370845	1.2606703812206894e-05
722.036949819	0.08400296945033789	1.2500665387060436e-05
723.246391946	0.08394445844234029	1.2394849611146446e-05
724.455834073	0.08388606552473296	1.2289278012964513e-05
725.6652762	0.0838277910393025	1.2183971734250037e-05
726.8747183270001	0.08376963531387474	1.207895149724354e-05
728.0841604540001	0.08371159866165036	1.1974237572656127e-05
729.2936025810001	0.08365368138058672	1.1869849747616297e-05
730.5030447080001	0.08359588375285153	1.1765807298968997e-05
731.712486835	0.08353820604432378	1.1662128963397464e-05
732.921928962	0.08348064850415718	1.1558832914291505e-05
734.131371089	0.08342321136439895	1.1455936735668445e-05
735.340813216	0.08336589483966443	1.1353457399598995e-05
736.550255343	0.08330869912686285	1.1251411246971476e-05
737.7596974700001	0.08325162440498134	1.11498139696525e-05
738.9691395970001	0.08319467083492033	1.1048680593186517e-05
740.1785817240001	0.08313783855938221	1.0948025463477266e-05
741.3880238510001	0.08308112770279931	1.0847862235288364e-05
742.5974659780001	0.08302453837132637	1.0748203858885618e-05
743.806908105	0.08296807065286925	1.0649062577162465e-05
745.016350232	0.08291172461715793	1.05504499153747e-05
746.225792359	0.08285550031587129	1.0452376678459946e-05
747.435234486	0.08279939778279617	1.0354852951550354e-05
748.644676613	0.0827434170340296	1.0257888098642788e-05
749.8541187400001	0.08268755806821979	1.0161490762169314e-05
751.0635608670001	0.08263182086684027	1.0065668871997842e-05
752.2730029940001	0.08257620539450376	9.9704296474495e-06
753.4824451210001	0.08252071159930358	9.875779604598806e-06
754.6918872480001	0.08246533941318705	9.781724568905024e-06
755.901329375	0.08241008875235827	9.688269682860618e-06
757.110771502	0.08235495951770608	9.595419419758136e-06
758.320213629	0.08229995159526096	9.503177597392583e-06
759.529655756	0.08224506485666422	9.411547391592076e-06
760.739097883	0.08219029915966934	9.32053135361918e-06
761.9485400100001	0.08213565434865427	9.230131427840971e-06
763.1579821370001	0.0820811302551552	9.140348969913056e-06
764.3674242640001	0.08202672669841032	9.051184764706747e-06
765.5768663910001	0.08197244348591866	8.962639047811518e-06
766.786308518	0.08191828041401004	8.874711526291968e-06
767.995750645	0.08186423726842369	8.78740139896124e-06
769.205192772	0.08181031382489219	8.700707377537039e-06
770.414634899	0.08175650984973451	8.614627711958554e-06
771.624077026	0.0817028251004487	8.529160210397274e-06
772.833519153	0.08164925932630876	8.44430226213887e-06
774.0429612800001	0.08159581226896144	8.360050860610568e-06
775.2524034070001	0.08154248366302126	8.276402626376676e-06
776.4618455340001	0.08148927323666326	8.193353831129168e-06
777.6712876610001	0.08143618071220941	8.110900418282041e-06
778.880729788	0.08138320580671315	8.029038026589458e-06
780.090171915	0.08133034823253159	7.947762010375288e-06
781.299614042	0.08127760769789638	7.867067464792199e-06
782.509056169	0.08122498390746648	7.786949243230028e-06
783.718498296	0.08117247656287553	7.707401980423788e-06
784.9279404230001	0.08112008536326971	7.628420112410164e-06
786.1373825500001	0.08106781000582228	7.5499978947384305e-06
787.3468246770001	0.08101565018624793	7.472129424198481e-06
788.5562668040001	0.08096360559929103	7.394808653024544e-06
789.7657089310001	0.08091167593920388	7.318029410682319e-06
790.975151058	0.08085986090020816	7.241785417598077e-06
792.184593185	0.08080816017693698	7.166070303757468e-06
793.394035312	0.08075657346486013	7.090877620970554e-06
794.603477439	0.08070510046069368	7.016200859378238e-06
795.812919566	0.08065374086278833	6.942033460808919e-06
797.0223616930001	0.08060249437149755	6.86836883142868e-06
798.2318038200001	0.08055136068952663	6.7952003538434446e-06
799.4412459470001	0.0805003395222662	6.7225213958153245e-06
800.6506880740001	0.08044943057809953	6.650325325709347e-06
801.8601302010001	0.08039863356869285	6.578605518717912e-06
803.069572328	0.0803479482092659	6.5073553651496745e-06
804.279014455	0.08029737421883791	6.436568278647974e-06
805.488456582	0.08024691132046007	6.366237705942355e-06
806.697898709	0.08019655924142027	6.296357130559763e-06
807.907340836	0.0801463177134334	6.22692007990898e-06
809.1167829630001	0.08009618647280639	6.157920130160938e-06
810.3262250900001	0.08004616526058801	6.089350910330506e-06
811.5356672170001	0.0799962538226972	6.021206109514977e-06
812.7451093440001	0.07994645191003089	5.95347947475023e-06
813.9545514710001	0.07989675927855602	5.886164818493716e-06
815.163993598	0.07984717568937813	5.819256018475293e-06
816.373435725	0.07979770090879583	5.752747022590225e-06
817.582877852	0.07974833470833541	5.686631846164299e-06
818.792319979	0.07969907686476994	5.620904577374001e-06
820.001762106	0.07964992716012116	5.555559375946292e-06
821.2112042330001	0.07960088538164413	5.4905904752579705e-06
822.4206463600001	0.07955195132179597	5.425992180632455e-06
823.6300884870001	0.07950312477819196	5.361758873320579e-06
824.8395306140001	0.07945440555354472	5.297885006470793e-06
826.0489727410001	0.0794057934555931	5.234365108245423e-06
827.258414868	0.07935728829701379	5.171193781226137e-06
828.467856995	0.07930888989532235	5.108365701526481e-06
829.677299122	0.07926059807276535	5.045875620271827e-06
830.886741249	0.0792124126561964	4.983718363614645e-06
832.0961833760001	0.07916433347694543	4.92188883057877e-06
833.3056255030001	0.07911636037067662	4.860381998277011e-06
834.5150676300001	0.0790684931772418	4.799192919057363e-06
835.7245097570001	0.07902073174051594	4.738316723111573e-06
836.9339518840001	0.07897307590823738	4.6777486175108276e-06
838.143394011	0.07892552553183263	4.617483890056811e-06
839.352836138	0.07887808046623924	4.5575179115724065e-06
840.562278265	0.07883074056971871	4.497846136389287e-06
841.771720392	0.07878350570367391	4.4384641052747e-06
842.981162519	0.07873637573245257	4.379367449835473e-06
844.1906046460001	0.07868935052315316	4.320551894806119e-06
845.4000467730001	0.07864242994542862	4.2620132625808885e-06
846.6094889000001	0.07859561387128255	4.203747477899045e-06
847.8189310270001	0.07854890217487256	4.145750572275576e-06
849.0283731540001	0.07850229473230484	4.088018689651407e-06
850.237815281	0.07845579142143448	4.030548093750232e-06
851.447257408	0.07840939212166197	3.973335172873608e-06
852.656699535	0.07836309671373702	3.916376448694108e-06
853.866141662	0.07831690507955642	3.859668583272542e-06
855.075583789	0.07827081710196827	3.8032083873157407e-06
856.2850259160001	0.07822483266457954	3.746992829061044e-06
857.4944680430001	0.07817895165156419	3.6910190447344546e-06
858.7039101700001	0.07813317394747814	3.6352843465912433e-06
859.9133522970001	0.07808749943707456	3.5797862369970815e-06
861.1227944240001	0.0780419280051267	3.524522414821344e-06
862.332236551	0.07799645953625464	3.469490791193178e-06
863.541678678	0.07795109391475769	3.414689500366881e-06
864.751120805	0.07790583102444965	3.3601169116536056e-06
865.960562932	0.0778606707485053	3.305771645171899e-06
867.170005059	0.07781561296930903	3.2516525824959127e-06
868.3794471860001	0.07777065756831064	3.197758881499517e-06
869.5888893130001	0.07772580442588779	3.14408999380401e-06
870.7983314400001	0.0776810534212185	3.090645676952472e-06
872.0077735670001	0.07763640443215611	3.0374260083185117e-06
873.2172156940001	0.07759185733511449	2.984431406007132e-06
874.426657821	0.07754741200496024	2.9316626398865342e-06
875.636099948	0.07750306831491438	2.8791208515469152e-06
876.845542075	0.07745882613645519	2.826807568135577e-06
878.054984202	0.077414685339239	2.7747247202977225e-06
879.2644263290001	0.07737064579101922	2.722874659206283e-06
880.4738684560001	0.0773267073575798	2.6712601743734834e-06
881.6833105830001	0.07728286990267405	2.6198845094173875e-06
882.8927527100001	0.0772391332879713	2.568751379428754e-06
884.1021948370001	0.07719549737301208	2.517864989135964e-06
885.3116369640001	0.07715196201517055	2.4672300509910457e-06
886.521079091	0.07710852706962362	2.4168517995437806e-06
887.730521218	0.07706519238933264	2.36673601115507e-06
888.939963345	0.07702195782502325	2.316889021106059e-06
890.149405472	0.07697882322518634	2.2673177393751555e-06
891.3588475990001	0.07693578843606956	2.2180296683870714e-06
892.5682897260001	0.0768928533016888	2.1690329188417446e-06
893.7777318530001	0.07685001766384278	2.1203362271177398e-06
894.9871739800001	0.07680728136213091	2.0719489701163705e-06
896.1966161070001	0.07676464423398156	2.023881184380872e-06
897.406058234	0.07672210611468361	1.9761435760650146e-06
898.615500361	0.07667966683742697	1.9287475424216273e-06
899.824942488	0.07663732623334624	1.881705180971612e-06
901.034384615	0.07659508413156767	1.8350293067832978e-06
902.243826742	0.07655294035926784	1.7887334652654242e-06
903.4532688690001	0.07651089474172741	1.7428319465809804e-06
904.6627109960001	0.07646894710240118	1.6973397937614738e-06
905.8721531230001	0.07642709726297862	1.6522728161719624e-06
907.0815952500001	0.07638534504346094	1.6076476001467018e-06
908.2910373770001	0.07634369026223013	1.5634815159381196e-06
909.500479504	0.07630213273613252	1.5197927244858616e-06
910.709921631	0.07626067228055253	1.476600182552443e-06
911.919363758	0.07621930870950286	1.433923645662861e-06
913.128805885	0.07617804183570087	1.3917836679582487e-06
914.338248012	0.0761368714706614	1.3502016011688166e-06
915.5476901390001	0.07609579742478348	1.3091995855336299e-06
916.7571322660001	0.0760548195074368	1.268800542611994e-06
917.9665743930001	0.07601393752705206	1.229028160293909e-06
919.1760165200001	0.07597315129121116	1.189906874370587e-06
920.3854586470001	0.0759324606067342	1.1514618471770478e-06
921.594900774	0.0758918652797707	1.11371893874757e-06
922.804342901	0.075851365115889	1.0767046699717061e-06
924.013785028	0.07581095992015809	1.040446183537226e-06
925.223227155	0.07577064949723811	1.004971196812882e-06
926.432669282	0.07573043365145818	9.703079489628775e-07
927.6421114090001	0.0756903121869015	9.36485136978087e-07
928.8515535360001	0.07565028490748348	9.035318504029455e-07
930.0609956630001	0.0756103516170246	8.714774933581032e-07
931.2704377900001	0.07557051211932755	8.403517039271628e-07
932.4798799170001	0.07553076621824341	8.101842603309598e-07
933.689322044	0.07549111371773896	7.810049876314113e-07
934.898764171	0.0754515544219602	7.528436521670167e-07
936.108206298	0.07541208813529139	7.25729850501053e-07
937.317648425	0.07537271466240761	6.996928951329173e-07
938.5270905520001	0.07533343380833123	6.747616920845283e-07
939.7365326790001	0.07529424537847537	6.509646190713114e-07
940.9459748060001	0.07525514917869078	6.283293938518617e-07
942.1554169330001	0.07521614501530333	6.068829450424778e-07
943.3648590600001	0.07517723269515	5.86651281364988e-07
944.5743011870001	0.07513841202561138	5.676593566123232e-07
945.783743314	0.07509968281463748	5.499309423326856e-07
946.993185441	0.07506104487077558	5.334884988200053e-07
948.202627568	0.07502249800318515	5.183530480538057e-07
949.412069695	0.07498404202165672	5.045440564296227e-07
950.6215118220001	0.07494567673661892	4.920793175371326e-07
951.8309539490001	0.07490740195915137	4.809748499413068e-07
953.0403960760001	0.07486921750098571	4.7124479511068715e-07
954.2498382030001	0.07483112317450419	4.629013304455602e-07
955.4592803300001	0.07479311879273802	4.559545889458364e-07
956.6687224570001	0.07475520416935953	4.504125937515343e-07
957.878164584	0.07471737911866881	4.4628120201227543e-07
959.087606711	0.074679643455581	4.435640599350732e-07
960.297048838	0.07464199699560825	4.4226257263002385e-07
961.506490965	0.07460443955483705	4.423758873483246e-07
962.7159330920001	0.07456697094990537	4.4390088996727636e-07
963.9253752190001	0.07452959099797465	4.4683220948933824e-07
965.1348173460001	0.0744922995167006	4.511622409639559e-07
966.3442594730001	0.07445509632420223	4.568811784298188e-07
967.5537016000001	0.07441798123902633	4.639770601973145e-07
968.763143727	0.0743809540801125	4.7243582342881276e-07
969.972585854	0.0743440146667542	4.822413700017141e-07
971.182027981	0.07430716281856319	4.933756425915342e-07
972.391470108	0.07427039835542444	5.058187056340165e-07
973.600912235	0.07423372109745988	5.195488389225076e-07
974.8103543620001	0.07419713086498483	5.34542631941997e-07
976.0197964890001	0.0741606274784684	5.507750842237563e-07
977.2292386160001	0.07412421075849181	5.682197124556962e-07
978.4386807430001	0.07408788052570803	5.868486535808535e-07
979.6481228700001	0.07405163660080016	6.066327771403037e-07
980.857564997	0.07401547880444835	6.275417892761612e-07
982.067007124	0.07397940695728449	6.495443422732026e-07
983.276449251	0.07394342087986458	6.726081391991393e-07
984.485891378	0.07390752039263075	6.967000331434161e-07
985.6953335050001	0.07387170531588098	7.21786128010552e-07
986.9047756320001	0.07383597546974179	7.478318686094162e-07
988.1142177590001	0.07380033067414264	7.748021298716795e-07
989.3236598860001	0.07376477074879123	8.026612965455631e-07
990.5331020130001	0.073729295513155	8.313733415223779e-07
991.7425441400001	0.0736939047864452	8.60901890572186e-07
992.951986267	0.07365859838760416	8.912102868733332e-07
994.161428394	0.07362337613529697	9.222616447435805e-07
995.370870521	0.07358823784790601	9.54018898391216e-07
996.580312648	0.07355318334352699	9.864448418024747e-07
997.7897547750001	0.07351821243997689	1.0195021676188538e-06
998.9991969020001	0.07348332495479737	1.0531534902234382e-06
1000.2086390290001	0.07344852070526468	1.0873613750092006e-06
1001.4180811560001	0.07341379950840811	1.1220883564030438e-06
1002.6275232830001	0.07337916118102408	1.1572969476969927e-06
1003.8369654100001	0.07334460553970133	1.1929496562066108e-06
1005.046407537	0.0733101324008461	1.229008988684074e-06
1006.255849664	0.07327574158071173	1.265437455155751e-06
1007.465291791	0.0732414328954333	1.3021975725526277e-06
1008.674733918	0.07320720616106231	1.3392518672360643e-06
1009.8841760450001	0.07317306119360512	1.3765628750607824e-06
1011.0936181720001	0.07313899780906877	1.4140931421977348e-06
1012.3030602990001	0.0731050158235007	1.4518052293832126e-06
1013.5125024260001	0.07307111505304122	1.4896617123443406e-06
1014.7219445530001	0.0730372953139684	1.52762518937255e-06
1015.9313866800001	0.07300355642275191	1.5656582887609015e-06
1017.140828807	0.07296989819610442	1.6037236755791804e-06
1018.350270934	0.07293632045103347	1.6417840703261635e-06
1019.559713061	0.0729028230048979	1.679802258700572e-06
1020.769155188	0.07286940567546228	1.7177411150598234e-06
1021.9785973150001	0.07283606828095185	1.7555636239834548e-06
1023.1880394420001	0.0728028106401078	1.7932329068403964e-06
1024.397481569	0.0727696325722425	1.8307122517426403e-06
1025.606923696	0.0727365338972931	1.8679651466068965e-06
1026.816365823	0.07270351443587367	1.9049553129532236e-06
1028.0258079500002	0.07267057400933048	1.941646749530196e-06
1029.235250077	0.07263771243978903	1.9780037689523984e-06
1030.4446922040001	0.07260492955020534	2.013991044613735e-06
1031.654134331	0.07257222516441363	2.0495736564548215e-06
1032.8635764580001	0.07253959910717099	2.084717135967412e-06
1034.073018585	0.07250705120419788	2.1193875168262883e-06
1035.282460712	0.07247458128222363	2.1535513806012666e-06
1036.491902839	0.07244218916902027	2.18717590981859e-06
1037.701344966	0.0724098746934448	2.2202289343935337e-06
1038.9107870930002	0.0723776376854641	2.2526789773252025e-06
1040.12022922	0.07234547797619179	2.28449530433017e-06
1041.3296713470002	0.07231339539791462	2.315647966001002e-06
1042.539113474	0.07228138978411817	2.346107842758145e-06
1043.7485556010001	0.07224946096950928	2.375846682510141e-06
1044.957997728	0.07221760879003764	2.4048371395149846e-06
1046.167439855	0.07218583308291086	2.4330528047006796e-06
1047.376881982	0.0721541336866148	2.4604682401328897e-06
1048.586324109	0.07212251044092013	2.487059001703449e-06
1049.795766236	0.07209096318690005	2.5128016640208353e-06
1051.005208363	0.07205949176693141	2.5376738371542143e-06
1052.2146504900002	0.0720280960247089	2.5616541799323278e-06
1053.424092617	0.0719967758052434	2.5847224117277932e-06
1054.6335347440001	0.07196553095486727	2.606859316561581e-06
1055.842976871	0.07193436132123421	2.628046744531347e-06
1057.0524189980001	0.07190326675331679	2.6482676092354504e-06
1058.261861125	0.0718722471014029	2.6675058809486757e-06
1059.471303252	0.07184130221709402	2.6857465766541554e-06
1060.680745379	0.07181043195329125	2.7029757470496162e-06
1061.890187506	0.07177963616419278	2.7191804594330864e-06
1063.0996296330002	0.07174891470527621	2.7343487786652575e-06
1064.30907176	0.07171826743328735	2.748469747073041e-06
1065.5185138870002	0.07168769420622287	2.761533362065848e-06
1066.727956014	0.0716571948833099	2.7735305494617896e-06
1067.9373981410001	0.07162676932498328	2.7844531419970915e-06
1069.146840268	0.07159641739285749	2.7942938525887893e-06
1070.356282395	0.07156613894970029	2.8030462526959584e-06
1071.565724522	0.07153593385939194	2.810704745015432e-06
1072.775166649	0.07150580198689101	2.817264547496291e-06
1073.9846087760002	0.07147574319818763	2.8227216697112555e-06
1075.194050903	0.0714457573602519	2.8270728980880505e-06
1076.4034930300002	0.07141584434098307	2.8303157835589507e-06
1077.612935157	0.07138600400914401	2.8324486317736067e-06
1078.8223772840001	0.07135623623429685	2.8334704989287885e-06
1080.031819411	0.07132654088672848	2.8333811943551487e-06
1081.2412615380001	0.07129691783737142	2.8321812832224424e-06
1082.450703665	0.07126736695771997	2.8298721015841564e-06
1083.660145792	0.07123788811973766	2.8264557760257676e-06
1084.869587919	0.07120848119576427	2.821935246604067e-06
1086.079030046	0.07117914605841415	2.8163143020141984e-06
1087.2884721730002	0.07114988258047351	2.8095976186817067e-06
1088.4979143	0.07112069063479408	2.8017908112381465e-06
1089.7073564270001	0.07109157009418426	2.792900485661549e-06
1090.916798554	0.07106252083130266	2.7829343037603413e-06
1092.1262406810001	0.07103354271854838	2.771901055169219e-06
1093.335682808	0.07100463562795464	2.7598107389649857e-06
1094.545124935	0.07097579943108465	2.7466746437957425e-06
1095.754567062	0.0709470339989311	2.7325054438954587e-06
1096.964009189	0.07091833920182197	2.71731729693619e-06
1098.1734513160002	0.07088971490933245	2.701125947375049e-06
1099.382893443	0.0708611609902012	2.6839488353229034e-06
1100.5923355700002	0.07083267731225547	2.66580520312276e-06
1101.801777697	0.07080426374234408	2.6467162110493804e-06
1103.0112198240001	0.07077592014628126	2.62670504530522e-06
1104.220661951	0.07074764638879563	2.60579703132294e-06
1105.430104078	0.07071944233348869	2.5840197374897647e-06
1106.639546205	0.07069130784280436	2.561403078866351e-06
1107.848988332	0.07066324277800407	2.5379794097489874e-06
1109.058430459	0.07063524699914894	2.5137836090947268e-06
1110.267872586	0.07060732036509572	2.488853153977115e-06
1111.4773147130002	0.07057946273348768	2.4632281823780807e-06
1112.68675684	0.07055167396076306	2.436951539068819e-06
1113.8961989670001	0.07052395390216215	2.4100688058011037e-06
1115.105641094	0.07049630241173882	2.382628311060913e-06
1116.3150832210001	0.07046871934237756	2.354681128319498e-06
1117.524525348	0.07044120454581063	2.3262810431659744e-06
1118.733967475	0.07041375787263783	2.2974845068132566e-06
1119.943409602	0.07038637917234963	2.268350559658402e-06
1121.152851729	0.07035906829334398	2.2389407416946807e-06
1122.3622938560002	0.07033182508294804	2.209318969580398e-06
1123.571735983	0.07030464938743851	2.179551395313468e-06
1124.7811781100002	0.07027754105205698	2.1497062406096385e-06
1125.990620237	0.07025049992102929	2.1198536093737795e-06
1127.2000623640001	0.0702235258375755	2.090065273983482e-06
1128.409504491	0.07019661864392691	2.060414446675875e-06
1129.618946618	0.07016977818133342	2.0309755251135225e-06
1130.828388745	0.07014300429007277	2.001823822434002e-06
1132.037830872	0.0701162968094582	1.973035280283445e-06
1133.2472729990002	0.07008965557784641	1.9446861652518452e-06
1134.456715126	0.07006308043264191	1.9168527525760734e-06
1135.6661572530002	0.07003657121030488	1.8896109993915004e-06
1136.87559938	0.07001012774635476	1.8630362136066473e-06
1138.0850415070001	0.06998374987538276	1.837202707295276e-06
1139.294483634	0.06995743743105945	1.812183456564059e-06
1140.5039257610001	0.06993119024614869	1.7880497539012653e-06
1141.713367888	0.06990500815252162	1.7648708669756263e-06
1142.922810015	0.06987889098117724	1.7427136979930414e-06
1144.132252142	0.06985283856227051	1.7216424526608094e-06
1145.341694269	0.06982685072513858	1.7017183205109583e-06
1146.5511363960002	0.06980092729833497	1.68299916240006e-06
1147.760578523	0.06977506810967175	1.6655392190820634e-06
1148.9700206500002	0.06974927298627068	1.6493888329854654e-06
1150.179462777	0.0697235417546116	1.6345941899447475e-06
1151.3889049040001	0.069697874240596	1.6211970844165768e-06
1152.598347031	0.06967227026961392	1.6092347060214402e-06
1153.807789158	0.06964672966661738	1.59873945274889e-06
1155.017231285	0.06962125225619893	1.589738767690205e-06
1156.226673412	0.06959583786268042	1.5822550082828164e-06
1157.4361155390002	0.0695704863102006	1.5763053409889253e-06
1158.645557666	0.06954519742281598	1.571901663393611e-06
1159.8549997930002	0.06951997102459634	1.5690505637601586e-06
1161.06444192	0.06949480693973245	1.5677533025816491e-06
1162.2738840470001	0.06946970499264438	1.568005829197456e-06
1163.483326174	0.06944466500808735	1.5697988260947535e-06
1164.6927683010001	0.06941968681126567	1.57311778430214e-06
1165.902210428	0.06939477022794023	1.5779431073334224e-06
1167.111652555	0.06936991508454107	1.5842502422776292e-06
1168.321094682	0.06934512120827532	1.59200983381947e-06
1169.530536809	0.06932038842723089	1.6011879141848694e-06
1170.7399789360002	0.06929571657048181	1.6117461032953003e-06
1171.949421063	0.06927110546818409	1.6236418380705743e-06
1173.1588631900001	0.06924655495166857	1.636828623457563e-06
1174.368305317	0.0692220648535297	1.6512562949325401e-06
1175.5777474440001	0.06919763500770268	1.666871301649859e-06
1176.787189571	0.0691732652495374	1.683617002491015e-06
1177.996631698	0.06914895541586327	1.7014339719075696e-06
1179.206073825	0.06912470534504452	1.7202603156567428e-06
1180.415515952	0.06910051487702838	1.7400319905786242e-06
1181.6249580790002	0.06907638385338383	1.7606831372229603e-06
1182.834400206	0.06905231211733219	1.7821464023486612e-06
1184.0438423330002	0.06902829951376377	1.8043532696890194e-06
1185.25328446	0.06900434588925046	1.8272343867581672e-06
1186.4627265870001	0.06898045109205028	1.8507198844261904e-06
1187.672168714	0.06895661497209618	1.8747396926307827e-06
1188.881610841	0.0689328373809841	1.8992238479632355e-06
1190.091052968	0.06890911817194792	1.9241027900957923e-06
1191.300495095	0.06888545719982804	1.949307643905566e-06
1192.5099372220002	0.06886185432103493	1.974770494328972e-06
1193.719379349	0.06883830939350406	2.0004246414309363e-06
1194.9288214760002	0.06881482227664551	2.026204841610182e-06
1196.138263603	0.06879139283129027	2.05204753509894e-06
1197.3477057300001	0.06876802091962961	2.0778910518056015e-06
1198.557147857	0.06874470640515175	2.10367579794848e-06
1199.7665899840001	0.06872144915257973	2.1293444317373977e-06
1200.976032111	0.06869824902779806	2.1548420116750363e-06
1202.185474238	0.06867510589778884	2.1801161306229677e-06
1203.394916365	0.06865201963056067	2.205117032136217e-06
1204.604358492	0.06862899009508024	2.229797700281616e-06
1205.8138006190002	0.0686060171612024	2.2541139434012124e-06
1207.023242746	0.06858310069960584	2.2780244469963115e-06
1208.2326848730002	0.06856024058172701	2.301490818626069e-06
1209.442127	0.06853743667969812	2.3244776085934737e-06
