0.0	0.0	0.0
1.209442127	7.599264570583223e-06	-4.680424347045288e-10
2.418884254	3.037759268977692e-05	-9.61246096944388e-10
3.6283263810000004	6.830462063410253e-05	-1.4736564787486493e-09
4.837768508	0.00012133054802856089	-1.9202517017727775e-09
6.047210635000001	0.00018938870257360414	-2.3177336955832968e-09
7.256652762000001	0.0002723957343319096	-2.7890361785668625e-09
8.466094889	0.00037025131438106186	-3.2900201245627116e-09
9.675537016	0.00048283713908841473	-3.772039006067261e-09
10.884979143	0.0006100162559336588	-4.2233622909246314e-09
12.094421270000002	0.0007516318414274605	-4.654749648801304e-09
13.303863397	0.0009075059596649028	-5.078541494809297e-09
14.513305524000002	0.0010774383186297756	-5.497865622870617e-09
15.722747651	0.001261204972323814	-5.9115036774460984e-09
16.932189778	0.0014585570599658516	-6.314165886366054e-09
18.141631905	0.0016692196146988855	-6.695565416036915e-09
19.351074032	0.0018928904850944283	-7.0412586503731285e-09
20.560516159000002	0.0021292394068009365	-7.3336467079385115e-09
21.769958286	0.0023779072582047964	-7.546702061847493e-09
22.979400413	0.0026385055240325667	-7.643198176327626e-09
24.188842540000003	0.0029106159914878914	-7.574385740991191e-09
25.398284667000002	0.0031937907007955715	-7.278366464325753e-09
26.607726794	0.003487552167025666	-6.6765837823885e-09
27.817168921	0.0037913938818140715	-5.671001624000325e-09
29.026611048000003	0.004104781100575004	-4.142021528565686e-09
30.236053175000002	0.004427151915210907	-1.9469085502454776e-09
31.445495302	0.004757918607397253	1.081603616850518e-09
32.654937429	0.005096469273993741	5.136124215643616e-09
33.864379556	0.005442169715704723	1.0433318523932278e-08
35.073821683000006	0.005794365575132783	1.7212665689696173e-08
36.28326381	0.006152384703486478	2.573955848665533e-08
37.492705937000004	0.006515539733746032	3.6311982803656015e-08
38.702148064	0.006883130830444126	4.9265587553235635e-08
39.911590191	0.007254448580333029	6.497153489428155e-08
41.121032318000005	0.007628776995708622	8.38227366286913e-08
42.330474445	0.00800539661665066	1.0620351445329921e-07
43.539916572	0.008383587710027894	1.3243539577535936e-07
44.749358699000005	0.00876263355901889	1.6269220756705197e-07
45.958800826	0.009141823805204662	1.968941029618617e-07
47.168242953000004	0.00952045775768091	2.3462798140229442e-07
48.377685080000006	0.009897847553519523	2.751688409467242e-07
49.587127207	0.010273321080402024	3.176429873586939e-07
50.796569334000004	0.010646224669389229	3.6127800192484464e-07
52.00601146100001	0.01101592566344515	4.056032671370963e-07
53.215453588	0.011381814954983178	4.505026728832367e-07
54.424895715000005	0.01174330948627059	4.961387696702915e-07
55.634337842	0.01209985463406241	5.428309672760436e-07
56.843779969	0.012450926397705188	5.909515104688885e-07
58.053222096000006	0.012796033348520036	6.408581472749144e-07
59.262664223	0.013134718331062356	6.928585670833541e-07
60.472106350000004	0.013466559918036377	7.471966186296579e-07
61.68154847700001	0.0137911736223543	8.040515515241317e-07
62.890990604	0.014108212869629436	8.635446515876054e-07
64.100432731	0.0144173697340764	9.257503818031528e-07
65.309874858	0.014718375441233975	9.90710754355896e-07
66.519316985	0.015011000641959017	1.0584525603890037e-06
67.728759112	0.01529505546333001	1.1290076311522626e-06
68.93820123900001	0.015570389342912046	1.202436517727569e-06
70.14764336600001	0.015836890652938397	1.2788556784562773e-06
71.357085493	0.016094486120167343	1.358467101810512e-06
72.56652762	0.0163431400457122	1.4415869753842154e-06
73.775969747	0.01658285332871642	1.5286669296363687e-06
74.98541187400001	0.0168136623024703	1.6203000835791606e-06
76.19485400100001	0.017035637405359183	1.7172093091067287e-06
77.404296128	0.017248881724266626	1.8202271490342734e-06
78.613738255	0.017453529442535844	1.930282516304062e-06
79.823180382	0.017649744195223343	2.0483959000897877e-06
81.032622509	0.017837717319383304	2.1756671437693106e-06
82.24206463600001	0.018017666010002688	2.313242041368441e-06
83.45150676300001	0.018189831426026152	2.4622612472467863e-06
84.66094889	0.018354476807801834	2.6238077102744797e-06
85.870391017	0.01851188566337748	2.7988698933649424e-06
87.079833144	0.01866236005436149	2.988330735093465e-06
88.28927527100001	0.0188062189595042	3.192980794218107e-06
89.49871739800001	0.018943796634842306	3.413543124595173e-06
90.708159525	0.019075440868347945	3.650692992385091e-06
91.917601652	0.019201511074734362	3.905060029548907e-06
93.127043779	0.019322376263047808	4.177210507997079e-06
94.33648590600001	0.019438412968996233	4.467617669415279e-06
95.54592803300001	0.0195500032403177	4.776634861418229e-06
96.75537016000001	0.019657532719696585	5.104486688377238e-06
97.964812287	0.019761388829207478	5.451284407793461e-06
99.174254414	0.01986195904580953	5.81705481520516e-06
100.383696541	0.019959629263025167	6.201758193985154e-06
101.59313866800001	0.020054782240666317	6.605276395116662e-06
102.80258079500001	0.02014779614150324	7.0273779535284205e-06
104.01202292200001	0.02023904314778636	7.467690921320779e-06
105.221465049	0.020328888152744865	7.925712227821231e-06
106.430907176	0.020417687531706936	8.400857436900795e-06
107.64034930300001	0.020505788003517784	8.892529072138063e-06
108.84979143000001	0.020593525589192054	9.400171996152634e-06
110.05923355700001	0.02068122466490417	9.923291993114298e-06
111.268675684	0.020769197099353792	1.0461430779498758e-05
112.478117811	0.02085774146537187	1.1014106542347402e-05
113.687559938	0.020947142315732477	1.1580735807022594e-05
114.89700206500001	0.02103766951099096	1.2160553378892223e-05
116.10644419200001	0.0211295775960707	1.2752550145293464e-05
117.31588631900001	0.021223105238736294	1.3355446051800456e-05
118.525328446	0.021318474746379868	1.396770158499617e-05
119.734770573	0.021415891668438797	1.458755852908644e-05
120.94421270000001	0.02151554448229078	1.5213097305823367e-05
122.15365482700001	0.02161760435605461	1.5842299503145966e-05
123.36309695400001	0.021722224982886472	1.6473106481039802e-05
124.572539081	0.021829542486707383	1.710346827315814e-05
125.781981208	0.02193967540578224	1.7731382477454886e-05
126.99142333500001	0.022052724762537574	1.835493024266164e-05
128.200865462	0.022168774217992133	1.8972320947163195e-05
129.410307589	0.02228789029042206	1.9581946858091517e-05
130.619749716	0.022410122622380187	2.0182423235798483e-05
131.82919184300002	0.022535504324826993	2.0772588123839722e-05
133.03863397	0.022664052438225158	2.1351482355992872e-05
134.24807609700002	0.022795768488987452	2.1918348583182643e-05
135.457518224	0.022930639091612984	2.2472641934076246e-05
136.666960351	0.0230686365785881	2.3014017265254788e-05
137.87640247800002	0.02320971964870712	2.354228174450833e-05
139.085844605	0.02335383401275744	2.4057328274781816e-05
140.29528673200002	0.023500913026353546	2.4559067561982996e-05
141.504728859	0.02365087831926475	2.5047368362249634e-05
142.714170986	0.02380364043441756	2.5522011193057427e-05
143.92361311300002	0.023959099483421353	2.5982658584125433e-05
145.13305524	0.024117145820161886	2.6428841140878227e-05
146.34249736700002	0.024277660731611615	2.6859955347800555e-05
147.551939494	0.024440517144135514	2.7275267881949993e-05
148.761381621	0.02460558034350444	2.767392174010767e-05
149.97082374800002	0.024772708707088843	2.8054940828445728e-05
151.180265875	0.024941754446917902	2.8417231773768e-05
152.38970800200002	0.025112564362316674	2.8759584369341233e-05
153.599150129	0.02528498060090082	2.9080674468167632e-05
154.808592256	0.0254588414270346	2.937907398241502e-05
156.018034383	0.025633981997013472	2.965327138717507e-05
157.22747651	0.025810235139230257	2.9901703659574287e-05
158.43691863700002	0.025987432135025915	3.0122798400643033e-05
159.646360764	0.026165403492720278	3.031502379879951e-05
160.85580289100002	0.02634397970508958	3.0476943591547946e-05
162.065245018	0.026522991980263227	3.060727342477347e-05
163.274687145	0.0267022729374829	3.0704933810599175e-05
164.48412927200002	0.026881657261732566	3.076909369405677e-05
165.693571399	0.027060982314045873	3.079919817738011e-05
166.90301352600002	0.027240088696237806	3.0794974686418724e-05
168.112455653	0.027418820769424965	3.075641433166685e-05
169.32189778	0.027597027126355526	3.068372978827674e-05
170.53133990700002	0.02777456102024505	3.05772970718191e-05
171.740782034	0.02795128075684601	3.0437593354367342e-05
172.95022416100002	0.02812705005807701	3.0265143304080685e-05
174.159666288	0.02830173840258581	3.006048203660929e-05
175.369108415	0.02847522134327228	2.9824136527360673e-05
176.57855054200002	0.02864738079800969	2.9556622809245325e-05
177.787992669	0.028818105309059133	2.9258454811126487e-05
178.99743479600002	0.02898729026790919	2.8930161444060773e-05
180.206876923	0.029154838103390302	2.8572309705597953e-05
181.41631905	0.0293206584308744	2.8185531156375026e-05
182.62576117700002	0.02948466816017835	2.7770546624764723e-05
183.835203304	0.029646791561710874	2.7328181937962346e-05
185.04464543100002	0.029806960294510257	2.6859369612236052e-05
186.254087558	0.029965113402717895	2.636513747250387e-05
187.46352968500003	0.030121197286151424	2.5846590226965548e-05
188.67297181200001	0.030275165647628874	2.5304890634782986e-05
189.882413939	0.03042697941766567	2.47412444247444e-05
191.09185606600002	0.03057660665697986	2.4156890773892494e-05
192.301298193	0.030724022437413814	2.3553099593524664e-05
193.51074032000002	0.030869208700932273	2.293117692672514e-05
194.720182447	0.031012154095823145	2.229247725499512e-05
195.929624574	0.031152853792676058	2.163841770478467e-05
197.13906670100002	0.031291309287030535	2.097049059066452e-05
198.348508828	0.03142752819361126	2.0290275522037186e-05
199.55795095500002	0.031561524031299526	1.9599452153504664e-05
200.767393082	0.03169331599536888	1.889981143629456e-05
201.976835209	0.03182292871465683	1.8193263048682005e-05
203.18627733600002	0.03195039199331222	1.748183868585204e-05
204.395719463	0.03207574053783831	1.676769156050694e-05
205.60516159000002	0.032199013670381686	1.6053091682475448e-05
206.814603717	0.03232025502950686	1.534041606403437e-05
208.02404584400003	0.032439512260571866	1.4632133733996092e-05
209.23348797100002	0.03255683669884424	1.3930786755223487e-05
210.442930098	0.03267228304894823	1.3238969337688795e-05
211.65237222500002	0.032785909063838464	1.255930719330922e-05
212.861814352	0.032897775225593055	1.1894438596488694e-05
214.07125647900003	0.033007944429460895	1.1246997741781703e-05
215.28069860600002	0.03311648167203107	1.0619600308820629e-05
216.490140733	0.03322345374416693	1.0014830784876062e-05
217.69958286000002	0.03332892892936108	9.43523102849155e-06
218.909024987	0.033432976708204803	8.883289627549402e-06
220.11846711400003	0.033535667469759396	8.361431716653242e-06
221.32790924100001	0.03363707223060954	7.87200902414123e-06
222.537351368	0.03373726236236645	7.417289986923537e-06
223.74679349500002	0.03383630932833434	6.999449830874494e-06
224.956235622	0.033934284429992884	6.620560544028746e-06
226.16567774900003	0.03403125856390969	6.2825807253876294e-06
227.375119876	0.03412730198970853	5.987345305157592e-06
228.584562003	0.03422248410973136	5.736555205038577e-06
229.79400413000002	0.03431687326106741	5.53176711421648e-06
231.003446257	0.0344105365205715	5.3743837155610976e-06
232.21288838400002	0.034503539523399226	5.265644782014859e-06
233.422330511	0.03459594629550876	5.206619440167984e-06
234.63177263800003	0.03468781910048363	5.1981996167656576e-06
235.84121476500002	0.03477921830087329	5.241094433910647e-06
237.050656892	0.034870202233950987	5.335825215553065e-06
238.26009901900002	0.03496082710144605	5.48272075374498e-06
239.469541146	0.03505114687254737	5.681912533800659e-06
240.67898327300003	0.03514121319934223	5.933329691777154e-06
241.88842540000002	0.03523107534385731	6.236693590353411e-06
243.097867527	0.03532078011597986	6.591512046085352e-06
244.30730965400002	0.03541037182168421	6.997073402058329e-06
245.516751781	0.03549989222115506	7.452440788424655e-06
246.72619390800003	0.03558938049650904	7.95644705400104e-06
247.93563603500002	0.03567887322888067	8.507690951713157e-06
249.145078162	0.035768404384610736	9.104535234288607e-06
250.35452028900002	0.03585800531018303	9.74510733691173e-06
251.563962416	0.03594770473540466	1.0427303286269686e-05
252.77340454300003	0.03603752878412639	1.114879535689803e-05
253.98284667000001	0.03612750099163668	1.1907043795033893e-05
255.192288797	0.03621764232772927	1.2699312648720215e-05
256.401730924	0.03630797122444387	1.3522689403526068e-05
257.61117305100004	0.036398503607589706	1.4374107795663258e-05
258.820615178	0.036489252931440806	1.52503729080929e-05
260.030057305	0.03658023021631855	1.614818751317197e-05
261.239499432	0.036671444089182055	1.706417865572229e-05
262.448941559	0.03676290082763999	1.799492363389423e-05
263.65838368600004	0.03685460440800556	1.8936974798592394e-05
264.867825813	0.03694655655806756	1.9886882864599687e-05
266.07726794	0.0370387568151631	2.084121864266312e-05
267.286710067	0.03713120258995809	2.1796593198081594e-05
268.49615219400005	0.03722388923610114	2.2749676455140138e-05
269.70559432100004	0.037316810125660585	2.3697214249818977e-05
270.915036448	0.03740995673001917	2.4636043812866505e-05
272.124478575	0.03750331870572637	2.5563107755179883e-05
273.333920702	0.03759688398469589	2.6475466701144917e-05
274.54336282900005	0.03769063886811792	2.7370310813042127e-05
275.75280495600003	0.037784568123457395	2.8244970454224653e-05
276.962247083	0.037878655083968024	2.9096926192876246e-05
278.17168921	0.03797288175020036	2.992381823815136e-05
279.381131337	0.038067228893055714	3.07234553002358e-05
280.59057346400004	0.038161676157981245	3.149382275167897e-05
281.80001559100003	0.03825620216997154	3.223308989742738e-05
283.009457718	0.03835078463903814	3.2939616116936696e-05
284.218899845	0.03844540046583441	3.361195566309132e-05
285.428341972	0.03854002584710403	3.42488609558138e-05
286.63778409900004	0.038634636380619314	3.4849284308682504e-05
287.84722622600003	0.03872920716926379	3.5412378094529974e-05
289.056668353	0.03882371292392816	3.5937493355666994e-05
290.26611048	0.03891812806491341	3.64241768522501e-05
291.475552607	0.03901242682157546	3.687216662403854e-05
292.68499473400004	0.03910658332996226	3.728138627219297e-05
293.89443686100003	0.039200571728211196	3.7651938210617434e-05
295.103878988	0.03929436624945804	3.798409605444232e-05
296.313321115	0.03938794131205349	3.8278296275085684e-05
297.522763242	0.03948127160689311	3.8535129231116405e-05
298.73220536900004	0.039574332181690056	3.875532970614132e-05
299.94164749600003	0.039667098522034955	3.893976707394096e-05
301.151089623	0.03975954662907808	3.908943522036903e-05
302.36053175	0.039851653093683506	3.92054423286708e-05
303.569973877	0.039943395166899716	3.9289000621117825e-05
304.77941600400004	0.04003475082659625	3.934141613059033e-05
305.98885813100003	0.04012569884013468	3.936407856256679e-05
307.198300258	0.04021621882295482	3.935845127992045e-05
308.407742385	0.04030629129297207	3.932606144836419e-05
309.617184512	0.04039589772071723	3.92684903613223e-05
310.82662663900004	0.040485020575148974	3.918736397112174e-05
312.036068766	0.040573643365102344	3.908434364870994e-05
313.245510893	0.04066175067634477	3.8961117199897657e-05
314.45495302	0.04074932820421972	3.88193901712375e-05
315.664395147	0.04083636278187395	3.866087747519325e-05
316.87383727400004	0.040922842404073984	3.848729537334587e-05
318.083279401	0.04100875624662049	3.830035385174297e-05
319.292721528	0.04109409468138737	3.81017494279858e-05
320.502163655	0.041178849287017094	3.7893158430184856e-05
321.71160578200005	0.04126301285533429	3.767623079454582e-05
322.92104790900004	0.041346579393570386	3.745258442656549e-05
324.130490036	0.041429544122543724	3.722380017284228e-05
325.339932163	0.041511903470976455	3.69914174178663e-05
326.54937429	0.041593655066174705	3.6756930309398065e-05
327.75881641700005	0.04167479772128394	3.6521784561179524e-05
328.96825854400004	0.041755331419292795	3.628737475369317e-05
330.177700671	0.04183525729389167	3.6055042037764525e-05
331.387142798	0.0419145776072339	3.582607214979956e-05
332.596584925	0.041993295724637086	3.56016936638869e-05
333.80602705200005	0.04207141608629224	3.538307644116224e-05
335.01546917900004	0.042148944176093606	3.5171330248333704e-05
336.224911306	0.04222588648776394	3.496750353866867e-05
337.434353433	0.04230225048845366	3.4772582385831114e-05
338.64379556	0.04237804458001677	3.458748956633111e-05
339.85323768700005	0.042453278058150024	3.441308377714353e-05
341.06267981400003	0.04252796106958	3.425015898911236e-05
342.272121941	0.04260210456747318	3.409944392007938e-05
343.481564068	0.04267572026524644	3.396160163171718e-05
344.691006195	0.04274882058894321	3.3837229247053396e-05
345.90044832200005	0.04282141862835225	3.3726857789449065e-05
347.10989044900003	0.04289352808703496	3.363095214353357e-05
348.319332576	0.04296516323143536	3.354991114311877e-05
349.528774703	0.04303633883924497	3.3484067785851354e-05
350.73821683	0.04310707014718718	3.3433689579088916e-05
351.94765895700004	0.043177372798397506	3.339897901710348e-05
353.15710108400003	0.043247262789560405	3.338007418670332e-05
354.366543211	0.04331675641796838	3.3377049509982617e-05
355.575985338	0.04338587022866339	3.338991661066793e-05
356.785427465	0.043454620961818666	3.3418625316670966e-05
357.99486959200004	0.04352302550051057	3.3463064788039945e-05
359.20431171900003	0.04359110081903391	3.3523064771036114e-05
360.413753846	0.04365886393189625	3.359839698064047e-05
361.623195973	0.04372633184363994	3.368877660505526e-05
362.8326381	0.04379352149961465	3.379386393435398e-05
364.04208022700004	0.04386044973783569	3.3913266114981666e-05
365.25152235400003	0.04392713324205086	3.404653902388608e-05
366.460964481	0.0439935884961284	3.419318926667568e-05
367.670406608	0.04405983173988312	3.4352676296150726e-05
368.87984873500005	0.04412587892644703	3.4524414657543785e-05
370.08929086200004	0.044191745681283666	3.4707776351096255e-05
371.29873298900003	0.04425744726294445	3.490209331600641e-05
372.508175116	0.04432299852565451	3.510666003649099e-05
373.717617243	0.044388413883817236	3.532073626404068e-05
374.92705937000005	0.04445370727851255	3.5543549854932245e-05
376.13650149700004	0.04451889214606504	3.5774299721124506e-05
377.34594362400003	0.04458398138874364	3.601215888619379e-05
378.555385751	0.04464898734766261	3.6256277644351764e-05
379.764827878	0.044713921777928954	3.650578681299658e-05
380.97427000500005	0.04477879582609195	3.675980107019131e-05
382.18371213200004	0.04484362000992677	3.7017422370444516e-05
383.393154259	0.04490840420059702	3.727774342220972e-05
384.602596386	0.04497315760720927	3.753985121695133e-05
385.812038513	0.04503788876379083	3.780283059763504e-05
387.02148064000005	0.04510260551869087	3.806576784653428e-05
388.23092276700004	0.045167315026415814	3.832775427972433e-05
389.440364894	0.04523202374188417	3.8587889827331605e-05
390.649807021	0.045296737417093995	3.884528658525538e-05
391.859249148	0.0453614611001769	3.909907231454333e-05
393.06869127500005	0.04542619913680581	3.934839387279514e-05
394.27813340200004	0.04549095517391881	3.9592420555382575e-05
395.487575529	0.045555732165707144	3.983034732952404e-05
396.697017656	0.04562053238181352	4.006139793988391e-05
397.906459783	0.04568535741767051	4.028482786805231e-05
399.11590191000005	0.04575020820690867	4.049992712626358e-05
400.32534403700004	0.04581508503575246	4.0706022873237084e-05
401.534786164	0.045879987559312	4.0902481830718894e-05
402.744228291	0.04594491481967749	4.1088712489402225e-05
403.953670418	0.04600986526571505	4.1264167092010594e-05
405.16311254500005	0.04607483677445217	4.142834337945177e-05
406.37255467200004	0.04613982667394444	4.158078609571185e-05
407.581996799	0.04620483176750432	4.172108823769003e-05
408.791438926	0.04626984835917253	4.184889205072651e-05
410.000881053	0.04633487228030934	4.1963889762510175e-05
411.21032318000005	0.04639989891718338	4.206582405424947e-05
412.41976530700003	0.046464923239428746	4.215448827436934e-05
413.629207434	0.046529939829248024	4.222972638947129e-05
414.838649561	0.046594942911237065	4.229143268977339e-05
416.04809168800006	0.04665992638270228	4.233955124155208e-05
417.25753381500004	0.04672488384435534	4.237407511079122e-05
418.46697594200003	0.04678980863125974	4.2395045354938836e-05
419.676418069	0.0468546938439155	4.240254980770649e-05
420.885860196	0.046919532379364845	4.239672166298108e-05
422.09530232300006	0.04698431696221181	4.2377737873343146e-05
423.30474445000004	0.047049040175445846	4.234581738744415e-05
424.51418657700003	0.04711369449096887	4.230121923239934e-05
425.723628704	0.04717827229972521	4.224424046582651e-05
426.933070831	0.04724276594134371	4.2175214014416576e-05
428.14251295800005	0.04730716773320288	4.2094506415129944e-05
429.35195508500004	0.047371469998832856	4.20025154784109e-05
430.56139721200003	0.047435665095575535	4.1899667889768996e-05
431.770839339	0.047499745441435516	4.17864167678288e-05
432.980281466	0.04756370354104138	4.1663239194817217e-05
434.18972359300005	0.047627532010667294	4.153063373371669e-05
435.39916572000004	0.04769122360224966	4.13891179473779e-05
436.60860784700003	0.04775477122634391	4.1239225933466945e-05
437.818049974	0.04781816797398056	4.1081505886576975e-05
439.027492101	0.047881407137372295	4.091651769905623e-05
440.23693422800005	0.047944482229439506	4.074483061061738e-05
441.44637635500004	0.04800738700211218	4.056702091710822e-05
442.65581848200003	0.048070115463394535	4.0383669742421444e-05
443.865260609	0.048132661893152795	4.019536088360715e-05
445.074702736	0.04819502085761993	4.00026787344792e-05
446.28414486300005	0.04825718722260051	3.98062062891377e-05
447.49358699000004	0.04831915616535947	3.960652323288062e-05
448.703029117	0.04838092318520054	3.9404204122619e-05
449.912471244	0.048442484112722665	3.91998166550934e-05
451.121913371	0.048503835117766195	3.899392002992833e-05
452.33135549800005	0.04856497271605074	3.8787063405029186e-05
453.54079762500004	0.04862589377451793	3.8579784443701515e-05
454.750239752	0.04868659551539587	3.837260795963327e-05
455.959681879	0.04874707551900182	3.8166044649897854e-05
457.169124006	0.048807331725308004	3.7960589924933104e-05
458.37856613300005	0.0488673624342939	3.775672282873728e-05
459.58800826000004	0.04892716630511844	3.755490504879599e-05
460.797450387	0.04898674235414428	3.735558001755936e-05
462.006892514	0.04904608995184559	3.7159172099019295e-05
463.216334641	0.04910520881864242	3.6966085861846616e-05
464.42577676800005	0.049164099019701264	3.6776705433821385e-05
465.63521889500004	0.0492227609587401	3.6591393936650135e-05
466.844661022	0.04928119537089047	3.641049300026788e-05
468.054103149	0.04933940331465844	3.623432234861758e-05
469.26354527600006	0.049397386163030535	3.606317946141622e-05
470.47298740300005	0.04945514559378058	3.589733930663039e-05
471.68242953000004	0.04951268357902165	3.573705413772104e-05
472.891871657	0.04957000237406268	3.558255336471035e-05
474.101313784	0.049627104505615596	3.543404348626848e-05
475.31075591100006	0.04968399275941018	3.5291708085226546e-05
476.52019803800005	0.04974067016727284	3.515570789250065e-05
477.72964016500003	0.049797139993720596	3.502618090570114e-05
478.939082292	0.049853405722127785	3.490324257065643e-05
480.148524419	0.04990947104051401	3.478698601933359e-05
481.35796654600006	0.04996533982701851	3.467748236298739e-05
482.56740867300005	0.05002101613510367	3.4574781038493014e-05
483.77685080000003	0.05007650417854692	3.4478910202577084e-05
484.986292927	0.05013180831627119	3.438987717795623e-05
486.195735054	0.050186933037065	3.4307668940691877e-05
487.40517718100006	0.05024188294424379	3.42322526548138e-05
488.61461930800004	0.05029666274030113	3.416357624705661e-05
489.82406143500003	0.05035127721159481	3.410156902219555e-05
491.033503562	0.0504057312131199	3.404614231871952e-05
492.242945689	0.05046002965340638	3.3997190198585505e-05
493.45238781600005	0.050514177479589924	3.395459016951907e-05
494.66182994300004	0.05056817966269515	3.391820393783414e-05
495.87127207000003	0.05062204118316921	3.388787818900757e-05
497.080714197	0.050675767016706334	3.386344539090582e-05
498.290156324	0.05072936212040057	3.3844724620689634e-05
499.49959845100005	0.05078283141925425	3.383152241180887e-05
500.70904057800004	0.05083617979308374	3.382363361781638e-05
501.91848270500003	0.05088941206384661	3.382084229244952e-05
503.127924832	0.05094253298341959	3.382292258222443e-05
504.337366959	0.05099554722185948	3.382963963000337e-05
505.54680908600005	0.05104845935616229	3.384075048484113e-05
506.75625121300004	0.05110127385955133	3.385600502049521e-05
507.96569334000003	0.051153995091309364	3.3875146854488805e-05
509.175135467	0.05120662728717751	3.389791426542003e-05
510.384577594	0.051259174550334394	3.392404111439419e-05
511.59401972100005	0.05131164084297101	3.395325775268962e-05
512.803461848	0.05136402997847376	3.3985291928270824e-05
514.0129039750001	0.05141634561422575	3.401986967514658e-05
515.2223461020001	0.051468591245033835	3.4056716193973214e-05
516.4317882290001	0.05152077019718945	3.409555671237737e-05
517.641230356	0.05157288562316671	3.413611732626856e-05
518.850672483	0.05162494049695909	3.417812581819336e-05
520.06011461	0.05167693761005612	3.42213124510674e-05
521.269556737	0.05172887956805717	3.426541073084414e-05
522.478998864	0.05178076878792336	3.431015814098495e-05
523.688440991	0.05183260749585528	3.435529684160618e-05
524.897883118	0.051884397725792224	3.440057433240206e-05
526.1073252450001	0.05193614131853006	3.444574407837511e-05
527.3167673720001	0.05198783992143423	3.449056609331405e-05
528.5262094990001	0.052039494988751156	3.4534807482861126e-05
529.735651626	0.05209110778248952	3.4578242942608325e-05
530.945093753	0.05214267937386951	3.4620655212564594e-05
532.15453588	0.05219421064531096	3.466183548450228e-05
533.363978007	0.05224570229295257	3.470158376334924e-05
534.573420134	0.05229715482967905	3.47397091808925e-05
535.782862261	0.05234856858863079	3.4776030264179055e-05
536.9923043880001	0.05239994372718663	3.481037515621323e-05
538.2017465150001	0.05245128023138215	3.484258178974788e-05
539.4111886420001	0.05250257792075587	3.487249801892175e-05
540.6206307690001	0.052553836453585585	3.489998170442679e-05
541.830072896	0.05260505533249795	3.492490075903954e-05
543.039515023	0.05265623391042563	3.494713314884887e-05
544.24895715	0.052707371396880295	3.4966566862791425e-05
545.458399277	0.05275846686452335	3.498309983913844e-05
546.667841404	0.05280951925600068	3.499663986407199e-05
547.877283531	0.05286052739101999	3.500710443598375e-05
549.0867256580001	0.052911489973639175	3.5014420603895836e-05
550.2961677850001	0.05296240559974168	3.5018524779483516e-05
551.5056099120001	0.053013272764674366	3.5019362528248514e-05
552.715052039	0.05306408987101162	3.5016888338673e-05
553.924494166	0.05311485523643219	3.5011065378645525e-05
555.133936293	0.053165567101670703	3.5001865234848394e-05
556.34337842	0.053216223638525975	3.4989267644326345e-05
557.552820547	0.05326682295789701	3.4973260214933015e-05
558.762262674	0.0533173631178226	3.495383814417459e-05
559.971704801	0.05336784213149981	3.4931003929598036e-05
561.1811469280001	0.053418257975255845	3.490476708302396e-05
562.3905890550001	0.05346860859645619	3.4875143843087676e-05
563.6000311820001	0.05351889192131882	3.484215689103528e-05
564.809473309	0.05356910586261742	3.4805835069844006e-05
566.018915436	0.053619248327252164	3.476621311249464e-05
567.228357563	0.053669317223668696	3.4723331371813106e-05
568.43779969	0.05371931046910219	3.467723556126864e-05
569.647241817	0.05376922599663403	3.4627976501210634e-05
570.856683944	0.053819061762042264	3.4575609878409256e-05
572.066126071	0.053868815750424584	3.452019600794443e-05
573.2755681980001	0.053918485982585695	3.4461799609520674e-05
574.4850103250001	0.053968070521170065	3.44004895882046e-05
575.6944524520001	0.05401756747653105	3.4336338825301594e-05
576.903894579	0.05406697501231896	3.426942397665404e-05
578.113336706	0.054116291350781026	3.419982527815432e-05
579.322778833	0.054165514777761756	3.412762635597971e-05
580.53222096	0.05421464364739523	3.4052914045384946e-05
581.741663087	0.054263676386483245	3.397577821011068e-05
582.951105214	0.054312611498547554	3.389631156981215e-05
584.160547341	0.054361447567556676	3.3814609526718945e-05
585.3699894680001	0.054410183261318	3.373076999546486e-05
586.5794315950001	0.0544588173345354	3.36448932344786e-05
587.7888737220001	0.05450734863152758	3.35570816755671e-05
588.998315849	0.05455577608860771	3.34674397540061e-05
590.207757976	0.054604098736120966	3.3376073736420975e-05
591.417200103	0.05465231570014511	3.328309154587162e-05
592.62664223	0.054700426203854596	3.3188602584752185e-05
593.836084357	0.054748429568546426	3.3092717552998635e-05
595.045526484	0.054796325214338484	3.2995548261373636e-05
596.2549686110001	0.05484411266054391	3.2897207443936175e-05
597.4644107380001	0.054891791525720254	3.279780856174965e-05
598.6738528650001	0.05493936152741032	3.269746560283431e-05
599.8832949920001	0.05498682248157297	3.259629287928389e-05
601.092737119	0.05503417430171972	3.249440481775007e-05
602.302179246	0.055081416997759036	3.239191574523227e-05
603.511621373	0.05512855067456441	3.228893967085309e-05
604.7210635	0.05517557553027279	3.2185590065222735e-05
605.930505627	0.0552224918543247	3.20819796337957e-05
607.139947754	0.05526930002526075	3.1978220091342095e-05
608.3493898810001	0.05531600050828153	3.1874421929147044e-05
609.5588320080001	0.05536259385259055	3.177069418481426e-05
610.7682741350001	0.05540908068852481	3.1667144210802297e-05
611.9777162620001	0.05545546172449499	3.156387744255093e-05
613.187158389	0.055501737743744575	3.146099716749338e-05
614.396600516	0.05554790960094166	3.135860429613486e-05
615.606042643	0.05559397821861889	3.125679713819371e-05
616.81548477	0.05563994458348055	3.11556711801298e-05
618.024926897	0.055685809742581464	3.10553188676809e-05
619.234369024	0.055731574799401835	3.0955829398173816e-05
620.4438111510001	0.05577724090983068	3.085728851394457e-05
621.6532532780001	0.055822809278067466	3.075977830866811e-05
622.8626954050001	0.055868281152465754	3.066337704000254e-05
624.072137532	0.05591365782132213	3.056815895154917e-05
625.281579659	0.05595894060863674	3.047419410727774e-05
626.491021786	0.056004130869852016	3.03815482353133e-05
627.700463913	0.056049229987585776	3.029028258528258e-05
628.90990604	0.05609423936737183	3.0200453799152954e-05
630.119348167	0.056139160433420494	3.0112113791825682e-05
631.328790294	0.0561839946244175	3.0025309650448042e-05
632.5382324210001	0.056228743389364705	2.9940083545358333e-05
633.7476745480001	0.05627340818348414	2.9856472657670324e-05
634.9571166750001	0.05631799046418712	2.9774509122077067e-05
636.166558802	0.056362491687130784	2.9694219984435078e-05
637.376000929	0.05640691330236372	2.9615627176509078e-05
638.585443056	0.056451256750572144	2.9538747507073452e-05
639.794885183	0.05649552345944248	2.946359266778084e-05
641.00432731	0.056539714840139435	2.9390169257296782e-05
642.213769437	0.05658383228391755	2.9318478820930404e-05
643.4232115640001	0.056627877158863894	2.9248517906047545e-05
644.6326536910001	0.0566718508067904	2.918027813321842e-05
645.8420958180001	0.05671575454027254	2.9113746284364784e-05
647.0515379450001	0.05675958963984259	2.90489044050661e-05
648.260980072	0.05680335735134743	2.8985729922323008e-05
649.470422199	0.056847058883468984	2.892419577548542e-05
650.679864326	0.0568906954054144	2.8864270563487393e-05
651.889306453	0.05693426804477754	2.8805918703471773e-05
653.09874858	0.056977777885579166	2.874910060003589e-05
654.308190707	0.05702122596647875	2.8693772832593403e-05
655.5176328340001	0.05706461327916754	2.8639888346748547e-05
656.7270749610001	0.057107940766940986	2.8587396660616373e-05
657.9365170880001	0.057151209323446764	2.853624407784405e-05
659.1459592150001	0.057194419791615075	2.848637391159839e-05
660.355401342	0.05723757296276472	2.8437726713795866e-05
661.564843469	0.05728066957588568	2.8390240513595203e-05
662.774285596	0.05732371031709227	2.8343851058468446e-05
663.983727723	0.05736669581925348	2.8298492062468004e-05
665.19316985	0.057409626661787616	2.825409545756208e-05
666.402611977	0.05745250337062213	2.8210591648281812e-05
667.6120541040001	0.05749532641831371	2.816790976628113e-05
668.8214962310001	0.057538096224328136	2.8125977927970393e-05
670.0309383580001	0.057580813155465836	2.8084723492008383e-05
671.2403804850001	0.057623477526440176	2.8044073312674722e-05
672.449822612	0.057666089600593655	2.8003953995517755e-05
673.659264739	0.057708649590749644	2.7964292146519177e-05
674.868706866	0.0577511576601944	2.7925014619603702e-05
676.078148993	0.05779361392378148	2.7886048759738685e-05
677.28759112	0.057836018449155334	2.784732263799678e-05
678.497033247	0.057878371258081394	2.7808765283467617e-05
679.7064753740001	0.057920672327881284	2.777030690611869e-05
680.9159175010001	0.05796292159296595	2.7731879113499793e-05
682.1253596280001	0.05800511894645531	2.7693415117680967e-05
683.3348017550001	0.05804726424188246	2.765484993473115e-05
684.544243882	0.05808935729496987	2.7616120573702787e-05
685.753686009	0.05813139788547802	2.757716621657598e-05
686.963128136	0.05817338575910785	2.7537928386162886e-05
688.172570263	0.058215320629464294	2.7498351105995887e-05
689.38201239	0.05825720218005791	2.7458381045760405e-05
690.5914545170001	0.058299030066352134	2.741796765845197e-05
691.8008966440001	0.058340803917837115	2.7377063302249834e-05
693.0103387710001	0.05838252334012976	2.7335623354625294e-05
694.2197808980001	0.058424187917094215	2.729360631149612e-05
695.429223025	0.05846579721296963	2.7250973874448788e-05
696.638665152	0.05850735077450464	2.7207691026698498e-05
697.848107279	0.058548848133089734	2.7163726095370672e-05
699.057549406	0.05859028880688057	2.7119050804054915e-05
700.266991533	0.058631672302906446	2.7073640309928963e-05
701.47643366	0.05867299811916139	2.702747323203921e-05
702.6858757870001	0.058714265746666196	2.6980531664938128e-05
703.8953179140001	0.058755474671500746	2.6932801182147327e-05
705.1047600410001	0.05879662437679961	2.6884270828049405e-05
706.3142021680001	0.0588377143447062	2.6834933097460888e-05
707.523644295	0.05887874405828193	2.678478390606575e-05
708.733086422	0.05891971300336228	2.67338225488346e-05
709.942528549	0.058960620670359364	2.6682051647959296e-05
711.151970676	0.059001466556007534	2.662947709259436e-05
712.361412803	0.059042250165044406	2.657610796673805e-05
713.57085493	0.05908297101182696	2.6521956469730697e-05
714.7802970570001	0.059123628621878095	2.6467037827416186e-05
715.9897391840001	0.05916422253336389	2.6411370196155548e-05
717.1991813110001	0.05920475229849477	2.635497455728657e-05
718.4086234380001	0.059245217484849	2.6297874605400065e-05
719.618065565	0.05928561767662203	2.6240096630390907e-05
720.827507692	0.059325952475791366	2.6181669391526935e-05
722.036949819	0.05936622150320227	2.612262398879896e-05
723.246391946	0.05940642439956967	2.6062993726046656e-05
724.455834073	0.05944656082639815	2.600281397075313e-05
725.6652762	0.05948663046681427	2.5942122009428778e-05
726.8747183270001	0.05952663302631903	2.588095690085481e-05
728.0841604540001	0.05956656823344987	2.5819359324744463e-05
729.2936025810001	0.05960643584036369	2.5757371426500678e-05
730.5030447080001	0.05964623562333022	2.569503666419741e-05
731.712486835	0.05968596738314454	2.56323996506906e-05
732.921928962	0.059725630945457776	2.5569505996480805e-05
734.131371089	0.05976522616102182	2.550640215006632e-05
735.340813216	0.059804752905855595	2.5443135240995418e-05
736.550255343	0.05984421108133321	2.5379752923094266e-05
737.7596974700001	0.059883600614191713	2.5316303217042562e-05
738.9691395970001	0.059922921456463725	2.5252834355614e-05
740.1785817240001	0.0599621735853369	2.5189394631498394e-05
741.3880238510001	0.06000135700294195	2.512603224720954e-05
742.5974659780001	0.06004047173606885	2.5062795166839144e-05
743.806908105	0.060079517835817164	2.499973097235943e-05
745.016350232	0.06011849537718238	2.4936886722275416e-05
746.225792359	0.06015740445857845	2.4874308817871682e-05
747.435234486	0.060196245201304684	2.4812042868400784e-05
748.644676613	0.06023501774895303	2.4750133564555556e-05
749.8541187400001	0.060273722266763044	2.4688624557520933e-05
751.0635608670001	0.060312358940928824	2.462755834095007e-05
752.2730029940001	0.060350927977855726	2.456697614018843e-05
753.4824451210001	0.06038942960337656	2.4506917805774064e-05
754.6918872480001	0.06042786406192533	2.444742171579766e-05
755.901329375	0.060466231615675485	2.4388524681710413e-05
757.110771502	0.06050453254364113	2.4330261862216927e-05
758.320213629	0.06054276714075243	2.427266668344512e-05
759.529655756	0.060580935716903817	2.4215770763962906e-05
760.739097883	0.0606190385959727	2.4159603850350125e-05
761.9485400100001	0.060657076114824765	2.4104193756663584e-05
763.1579821370001	0.0606950486223007	2.404956631232689e-05
764.3674242640001	0.06073295647818635	2.3995745315588434e-05
765.5768663910001	0.06077080005217746	2.3942752495792232e-05
766.786308518	0.06080857972283461	2.389060748217804e-05
767.995750645	0.060846295876534194	2.3839327777517642e-05
769.205192772	0.060883948906424075	2.378892874309006e-05
770.414634899	0.06092153921137347	2.3739423585323698e-05
771.624077026	0.06095906719493405	2.369082335368818e-05
772.833519153	0.060996533264311564	2.3643136942028627e-05
774.0429612800001	0.061033937829343216	2.3596371098768366e-05
775.2524034070001	0.061071281301492426	2.3550530440604143e-05
776.4618455340001	0.06110856409286166	2.3505617477129655e-05
777.6712876610001	0.0611457866152228	2.3461632636641747e-05
778.880729788	0.06118294927906954	2.3418574299555928e-05
780.090171915	0.061220052492694695	2.33764388383733e-05
781.299614042	0.06125709666129365	2.3335220661128254e-05
782.509056169	0.061294082186096714	2.3294912263390745e-05
783.718498296	0.06133100946353074	2.3255504279241777e-05
784.9279404230001	0.061367878884415215	2.3216985544652865e-05
786.1373825500001	0.061404690833190625	2.3179343156775676e-05
787.3468246770001	0.06144144568718024	2.3142562545186184e-05
788.5562668040001	0.06147814381589584	2.310662754031647e-05
789.7657089310001	0.06151478558037309	2.307152045011124e-05
790.975151058	0.06155137133255296	2.303722213786436e-05
792.184593185	0.061587901414698096	2.3003712102197555e-05
793.394035312	0.06162437615885582	2.2970968560824136e-05
794.603477439	0.06166079588635747	2.2938968537171704e-05
795.812919566	0.06169716090736463	2.290768794607175e-05
797.0223616930001	0.06173347152045615	2.2877101685186355e-05
798.2318038200001	0.061769728012256775	2.284718372357547e-05
799.4412459470001	0.061805930657114226	2.2817907195525873e-05
800.6506880740001	0.06184207971681266	2.2789244488585435e-05
801.8601302010001	0.061878175440333444	2.2761167341854157e-05
803.069572328	0.061914218063661375	2.2733646934778802e-05
804.279014455	0.061950207809626574	2.270665398050871e-05
805.488456582	0.06198614488779317	2.2680158819101086e-05
806.697898709	0.06202202949439011	2.265413150742683e-05
807.907340836	0.06205786181228019	2.2628541910078898e-05
809.1167829630001	0.062093642010969785	2.2603359788251973e-05
810.3262250900001	0.062129370246657996	2.2578554888064228e-05
811.5356672170001	0.06216504666232396	2.255409702537445e-05
812.7451093440001	0.06220067138785113	2.2529956169666736e-05
813.9545514710001	0.06223624454018774	2.2506102526049748e-05
815.163993598	0.06227176622353964	2.2482506613980038e-05
816.373435725	0.06230723652959718	2.2459139344827092e-05
817.582877852	0.06234265553779654	2.2435972093782915e-05
818.792319979	0.062378023315606004	2.2412976772684676e-05
820.001762106	0.062413339918845526	2.239012589713694e-05
821.2112042330001	0.06244860539203063	2.2367392650601646e-05
822.4206463600001	0.06248381976874364	2.2344750946207146e-05
823.6300884870001	0.06251898307202705	2.2322175483061202e-05
824.8395306140001	0.06255409531479812	2.229964180273156e-05
826.0489727410001	0.06258915650028737	2.227712633760932e-05
827.258414868	0.06262416662249076	2.2254606459063934e-05
828.467856995	0.06265912566664253	2.2232060519412652e-05
829.677299122	0.06269403360969951	2.220946789107114e-05
830.886741249	0.06272889042084301	2.2186809002980276e-05
832.0961833760001	0.06276369606198656	2.216406536956046e-05
833.3056255030001	0.06279845048829774	2.2141219620543302e-05
834.5150676300001	0.06283315364872467	2.211825552325964e-05
835.7245097570001	0.06286780548653007	2.209515800146858e-05
836.9339518840001	0.0629024059398296	2.2071913153895644e-05
838.143394011	0.06293695494213132	2.2048508262569615e-05
839.352836138	0.0629714524228767	2.202493180316169e-05
840.562278265	0.06300589830798242	2.2001173448158202e-05
841.771720392	0.06304029252037623	2.1977224069251316e-05
842.981162519	0.06307463498053194	2.195307573214587e-05
844.1906046460001	0.06310892560699798	2.1928721692125586e-05
845.4000467730001	0.06314316431691647	2.190415638330167e-05
846.6094889000001	0.06317735102653949	2.1879375405459772e-05
847.8189310270001	0.06321148565172954	2.1854375507502403e-05
849.0283731540001	0.06324556810845325	2.182915456984502e-05
850.237815281	0.06327959831325965	2.1803711579344335e-05
851.447257408	0.06331357618374799	2.1778046606822653e-05
852.656699535	0.06334750163901708	2.1752160777710757e-05
853.866141662	0.06338137460010546	2.172605624005763e-05
855.075583789	0.06341519499040736	2.1699736136151503e-05
856.2850259160001	0.06344896273607632	2.1673204563343384e-05
857.4944680430001	0.06348267776641077	2.1646466539000695e-05
858.7039101700001	0.06351634001421566	2.1619527959996404e-05
859.9133522970001	0.0635499494161503	2.159239556332272e-05
861.1227944240001	0.06358350591305428	2.156507688293729e-05
862.332236551	0.06361700945024876	2.1537580204685526e-05
863.541678678	0.06365045997782288	2.150991452346562e-05
864.751120805	0.06368385745089243	2.1482089493657482e-05
865.960562932	0.06371720182984321	2.1454115384097677e-05
867.170005059	0.06375049308054553	2.142600302959289e-05
868.3794471860001	0.06378373117455191	2.1397763780967307e-05
869.5888893130001	0.06381691608927098	2.136940945713244e-05
870.7983314400001	0.06385004780811575	2.1340952293570022e-05
872.0077735670001	0.0638831263206337	2.1312404894790383e-05
873.2172156940001	0.06391615162261494	2.1283780182092832e-05
874.426657821	0.06394912371617502	2.1255091346334992e-05
875.636099948	0.06398204260981984	2.1226351796313248e-05
876.845542075	0.0640149083184856	2.119757511093962e-05
878.054984202	0.06404772086356116	2.116877499137173e-05
879.2644263290001	0.06408048027288837	2.1139965212271158e-05
880.4738684560001	0.06411318658074035	2.111115957562388e-05
881.6833105830001	0.06414583982778614	2.1082371864005503e-05
882.8927527100001	0.0641784400610293	2.1053615796526167e-05
884.1021948370001	0.06421098733373128	2.102490498650077e-05
885.3116369640001	0.06424348170532038	2.0996252896335363e-05
886.521079091	0.06427592324127876	2.09676727998369e-05
887.730521218	0.06430831201301472	2.0939177738815945e-05
888.939963345	0.06434064809772044	2.0910780491426627e-05
890.149405472	0.0643729315782168	2.0882493530118477e-05
891.3588475990001	0.06440516254277869	2.085432899086585e-05
892.5682897260001	0.0644373410849544	2.082629864040734e-05
893.7777318530001	0.06446946730336554	2.079841384375038e-05
894.9871739800001	0.06450154130150608	2.077068553828006e-05
896.1966161070001	0.06453356318751774	2.0743124205338178e-05
897.406058234	0.06456553307396767	2.071573984649723e-05
898.615500361	0.06459745107761065	2.0688541959889776e-05
899.824942488	0.06462931731914712	2.066153952283562e-05
901.034384615	0.06466113192297454	2.0634740969287246e-05
902.243826742	0.06469289501693098	2.0608154177034637e-05
903.4532688690001	0.06472460673203304	2.0581786452607514e-05
904.6627109960001	0.06475626720221675	2.055564451806297e-05
905.8721531230001	0.06478787656406673	2.0529734502787178e-05
907.0815952500001	0.06481943495654743	2.050406193539843e-05
908.2910373770001	0.06485094252073524	2.0478631738384596e-05
909.500479504	0.06488239939954628	2.0453448222718007e-05
910.709921631	0.06491380573746654	2.042851508898633e-05
911.919363758	0.06494516168028243	2.0403835424193234e-05
913.128805885	0.06497646737481562	2.0379411708795947e-05
914.338248012	0.06500772296865856	2.0355245816528066e-05
915.5476901390001	0.06503892860991425	2.033133902178216e-05
916.7571322660001	0.06507008444693922	2.030769200774304e-05
917.9665743930001	0.0651011906280951	2.0284304875511925e-05
919.1760165200001	0.06513224730150019	2.0261177154631837e-05
920.3854586470001	0.06516325461479301	2.0238307816238263e-05
921.594900774	0.06519421271489804	2.021569528746198e-05
922.804342901	0.06522512174780348	2.0193337464372593e-05
924.013785028	0.06525598185834199	2.0171231732528603e-05
925.223227155	0.06528679318998239	2.014937498075472e-05
926.432669282	0.06531755588463103	2.0127763623133363e-05
927.6421114090001	0.06534827008243939	2.0106393618595848e-05
928.8515535360001	0.06537893592162446	2.0085260490018853e-05
930.0609956630001	0.0654095535382978	2.0064359349589683e-05
931.2704377900001	0.06544012306630374	2.0043684917545718e-05
932.4798799170001	0.06547064463706857	2.002323154900267e-05
933.689322044	0.06550111837946093	2.0002993255865725e-05
934.898764171	0.06553154441966332	1.9982963732098905e-05
936.108206298	0.06556192288105303	1.996313637856325e-05
937.317648425	0.06559225388409351	1.994350432729779e-05
938.5270905520001	0.06562253754624228	1.992406047000026e-05
939.7365326790001	0.06565277398186174	1.9904797480207794e-05
940.9459748060001	0.06568296330214847	1.9885707839772524e-05
942.1554169330001	0.06571310561506762	1.9866783867096855e-05
943.3648590600001	0.06574320102530314	1.984801773905426e-05
944.5743011870001	0.0657732496342157	1.9829401519255862e-05
945.783743314	0.06580325153981297	1.9810927181546524e-05
946.993185441	0.06583320683672968	1.9792586636253842e-05
948.202627568	0.06586311561621866	1.9774371752860236e-05
949.412069695	0.06589297796615154	1.9756274386398526e-05
950.6215118220001	0.06592279397103037	1.973828639920418e-05
951.8309539490001	0.06595256371200565	1.9720399683883565e-05
953.0403960760001	0.06598228726690897	1.9702606186284236e-05
954.2498382030001	0.06601196471029146	1.9684897926122765e-05
955.4592803300001	0.06604159611346934	1.9667267019590432e-05
956.6687224570001	0.06607118154458097	1.9649705697494925e-05
957.878164584	0.06610072106865175	1.9632206324431218e-05
959.087606711	0.06613021474766526	1.9614761419216057e-05
960.297048838	0.06615966264063987	1.9597363669829967e-05
961.506490965	0.06618906480371683	1.9580005950524387e-05
962.7159330920001	0.0662184212902511	1.9562681338254008e-05
963.9253752190001	0.0662477321509083	1.954538312617658e-05
965.1348173460001	0.06627699743376882	1.9528104837276213e-05
966.3442594730001	0.06630621718443658	1.951084023629167e-05
967.5537016000001	0.06633539144614964	1.9493583342570098e-05
968.763143727	0.06636452025990124	1.947632843855048e-05
969.972585854	0.06639360366455647	1.9459070079830398e-05
971.182027981	0.06642264169697737	1.9441803102992043e-05
972.391470108	0.06645163439215104	1.9424522632261276e-05
973.600912235	0.06648058178331812	1.9407224086567562e-05
974.8103543620001	0.06650948390210304	1.9389903183729182e-05
976.0197964890001	0.0665383407786457	1.937255594475005e-05
977.2292386160001	0.06656715244173748	1.9355178696611626e-05
978.4386807430001	0.06659591891895283	1.9337768072836565e-05
979.6481228700001	0.06662464023678527	1.9320321015296788e-05
980.857564997	0.06665331642077928	1.9302834775321902e-05
982.067007124	0.06668194749566542	1.928530691009465e-05
983.276449251	0.06671053348549079	1.9267735281881348e-05
984.485891378	0.0667390744137515	1.9250118056162208e-05
985.6953335050001	0.06676757030352193	1.9232453695010964e-05
986.9047756320001	0.06679602117757981	1.9214740955411857e-05
988.1142177590001	0.06682442705853187	1.9196978883387367e-05
989.3236598860001	0.06685278796893566	1.9179166804293485e-05
990.5331020130001	0.06688110393141851	1.916130432146966e-05
991.7425441400001	0.06690937496879262	1.9143391304861248e-05
992.951986267	0.06693760110416533	1.9125427883507655e-05
994.161428394	0.06696578236104991	1.910741443774248e-05
995.370870521	0.06699391876346773	1.9089351589181298e-05
996.580312648	0.06702201033604649	1.907124019054211e-05
997.7897547750001	0.06705005710411774	1.9053081316409886e-05
998.9991969020001	0.06707805909380533	1.9034876251403435e-05
1000.2086390290001	0.06710601633211254	1.901662648003063e-05
1001.4180811560001	0.06713392884700008	1.8998333674670495e-05
1002.6275232830001	0.06716179666746444	1.8979999683704095e-05
1003.8369654100001	0.06718961982360647	1.8961626519742692e-05
1005.046407537	0.06721739834669535	1.8943216348094182e-05
1006.255849664	0.06724513226923053	1.8924771474337417e-05
1007.465291791	0.06727282162499336	1.8906294332182628e-05
1008.674733918	0.06730046644909908	1.888778746878126e-05
1009.8841760450001	0.06732806677803614	1.8869253535783932e-05
1011.0936181720001	0.06735562264970638	1.8850695275054897e-05
1012.3030602990001	0.06738313410345814	1.8832115505235505e-05
1013.5125024260001	0.06741060118011215	1.8813517111711142e-05
1014.7219445530001	0.06743802392198213	1.879490303330021e-05
1015.9313866800001	0.06746540237289358	1.8776276250475462e-05
1017.140828807	0.06749273657819453	1.8757639773343888e-05
1018.350270934	0.06752002658475911	1.8738996630211558e-05
1019.559713061	0.06754727244099296	1.8720349856509672e-05
1020.769155188	0.06757447419682501	1.8701702483721495e-05
1021.9785973150001	0.06760163190370351	1.868305752872546e-05
1023.1880394420001	0.06762874561457938	1.8664417983283987e-05
1024.397481569	0.0676558153838897	1.864578680457772e-05
1025.606923696	0.06768284126753754	1.862716690463318e-05
1026.816365823	0.06770982332286431	1.860856114224299e-05
1028.0258079500002	0.06773676160862072	1.8589972314584767e-05
1029.235250077	0.06776365618493246	1.857140314702683e-05
1030.4446922040001	0.06779050711326476	1.8552856287526123e-05
1031.654134331	0.06781731445637974	1.8534334297087197e-05
1032.8635764580001	0.06784407827829511	1.8515839645107702e-05
1034.073018585	0.06787079864423591	1.8497374701097043e-05
1035.282460712	0.06789747562058601	1.8478941730129376e-05
1036.491902839	0.0679241092748361	1.8460542887060315e-05
1037.701344966	0.06795069967552995	1.844218021087911e-05
1038.9107870930002	0.06797724689220828	1.8423855621453262e-05
1040.12022922	0.06800375099535122	1.840557091470805e-05
1041.3296713470002	0.06803021205631735	1.8387327760489876e-05
1042.539113474	0.06805663014728358	1.8369127697990545e-05
1043.7485556010001	0.06808300534118453	1.8350972134199456e-05
1044.957997728	0.06810933771164748	1.833286234253258e-05
1046.167439855	0.06813562733292897	1.831479946035778e-05
1047.376881982	0.06816187427984995	1.8296784489692038e-05
1048.586324109	0.06818807862773296	1.8278818294627523e-05
1049.795766236	0.0682142404523351	1.8260901601858986e-05
1051.005208363	0.06824035982978464	1.824303500162946e-05
1052.2146504900002	0.06826643683651581	1.822521894916141e-05
1053.424092617	0.06829247154920504	1.8207453764588276e-05
1054.6335347440001	0.06831846404470883	1.8189739634392976e-05
1055.842976871	0.06834441439999875	1.8172076614127123e-05
1057.0524189980001	0.06837032269210205	1.815446463237944e-05
1058.261861125	0.06839618899804037	1.813690348897954e-05
1059.471303252	0.06842201339476983	1.8119392862284453e-05
1060.680745379	0.06844779595912562	1.8101932310831643e-05
1061.890187506	0.06847353676776441	1.8084521275785972e-05
1063.0996296330002	0.0684992358971106	1.8067159087982742e-05
1064.30907176	0.06852489342330276	1.8049844968610925e-05
1065.5185138870002	0.06855050942214473	1.803257803521638e-05
1066.727956014	0.06857608396905722	1.801535730635927e-05
1067.9373981410001	0.06860161713903164	1.799818170591089e-05
1069.146840268	0.06862710900658332	1.79810500675329e-05
1070.356282395	0.06865255964571468	1.796396114053055e-05
1071.565724522	0.06867796912987342	1.7946913595138645e-05
1072.775166649	0.06870333753191628	1.792990602741337e-05
1073.9846087760002	0.06872866492407376	1.791293696279589e-05
1075.194050903	0.06875395137792117	1.789600486548986e-05
1076.4034930300002	0.06877919696434766	1.7879108140762264e-05
1077.612935157	0.06880440175353103	1.7862245142573937e-05
1078.8223772840001	0.06882956581491377	1.784541417589028e-05
1080.031819411	0.06885468921718178	1.7828613505295485e-05
1081.2412615380001	0.06887977202824754	1.7811841362273935e-05
1082.450703665	0.06890481431523263	1.779509594412253e-05
1083.660145792	0.06892981614445598	1.7778375424603912e-05
1084.869587919	0.06895477758142325	1.7761677959746646e-05
1086.079030046	0.06897969869081955	1.7745001689255737e-05
1087.2884721730002	0.06900457953650495	1.7728344744746216e-05
1088.4979143	0.06902942018150972	1.7711705255064594e-05
1089.7073564270001	0.0690542206880376	1.7695081348871178e-05
1090.916798554	0.06907898111746505	1.7678471161301464e-05
1092.1262406810001	0.0691037015303474	1.7661872837821194e-05
1093.335682808	0.06912838198642667	1.764528453961904e-05
1094.545124935	0.0691530225446393	1.762870444847264e-05
1095.754567062	0.06917762326312836	1.7612130768825435e-05
1096.964009189	0.06920218419925743	1.7595561733878722e-05
1098.1734513160002	0.0692267054096258	1.757899560802371e-05
1099.382893443	0.06925118695008617	1.7562430692669702e-05
1100.5923355700002	0.06927562887576318	1.7545865327337694e-05
1101.801777697	0.06930003124107544	1.752929789397137e-05
1103.0112198240001	0.06932439409975698	1.7512726819889533e-05
1104.220661951	0.06934871750488147	1.749615058184219e-05
1105.430104078	0.06937300150888845	1.7479567706876202e-05
1106.639546205	0.06939724616360986	1.7462976774754657e-05
1107.848988332	0.06942145152029831	1.74463764229279e-05
1109.058430459	0.06944561762965437	1.742976534454177e-05
1110.267872586	0.06946974454185875	1.7413142292575774e-05
1111.4773147130002	0.06949383230660278	1.739650608267827e-05
1112.68675684	0.06951788097311956	1.737985559188916e-05
1113.8961989670001	0.06954189059021576	1.736318976045507e-05
1115.105641094	0.06956586120630591	1.7346507594739342e-05
1116.3150832210001	0.06958979286944489	1.7329808165343203e-05
1117.524525348	0.06961368562736114	1.7313090608609386e-05
1118.733967475	0.06963753952749269	1.729635412824125e-05
1119.943409602	0.06966135461701628	1.7279597993398853e-05
1121.152851729	0.06968513094288685	1.7262821539186982e-05
1122.3622938560002	0.06970886855186766	1.7246024167952792e-05
1123.571735983	0.06973256749056572	1.722920534670689e-05
1124.7811781100002	0.06975622780546513	1.721236460817153e-05
1125.990620237	0.06977984954295913	1.7195501549271116e-05
1127.2000623640001	0.06980343274938319	1.7178615830235748e-05
1128.409504491	0.06982697747104685	1.716170717284708e-05
1129.618946618	0.06985048375426617	1.714477536192099e-05
1130.828388745	0.06987395164539144	1.7127820239392172e-05
1132.037830872	0.06989738119084041	1.7110841707594872e-05
1133.2472729990002	0.06992077243712445	1.7093839724896074e-05
1134.456715126	0.06994412543087807	1.707681430361337e-05
1135.6661572530002	0.06996744021888661	1.7059765510299305e-05
1136.87559938	0.06999071684810972	1.704269346285989e-05
1138.0850415070001	0.07001395536570763	1.7025598326595138e-05
1139.294483634	0.07003715581906564	1.7008480315768648e-05
1140.5039257610001	0.07006031825581424	1.699133968879716e-05
1141.713367888	0.07008344272385089	1.6974176746610197e-05
1142.922810015	0.07010652927136157	1.6956991830141754e-05
1144.132252142	0.07012957794683713	1.693978531873332e-05
1145.341694269	0.07015258879909178	1.692255762823896e-05
1146.5511363960002	0.07017556187727633	1.690530920677149e-05
1147.760578523	0.07019849723089666	1.688804053376223e-05
1148.9700206500002	0.07022139490982149	1.687075211767221e-05
1150.179462777	0.07024425496429629	1.6853444492539668e-05
1151.3889049040001	0.07026707744495392	1.6836118216321873e-05
1152.598347031	0.07028986240282016	1.6818773869339192e-05
1153.807789158	0.0703126098893239	1.6801412049456157e-05
1155.017231285	0.07033531995629881	1.6784033372491132e-05
1156.226673412	0.07035799265599058	1.6766638468364266e-05
1157.4361155390002	0.07038062804105688	1.674922797948887e-05
1158.645557666	0.07040322616457047	1.673180255910927e-05
1159.8549997930002	0.07042578708001747	1.671436286799471e-05
1161.06444192	0.07044831084129545	1.6696909573440466e-05
1162.2738840470001	0.07047079750271053	1.667944334717115e-05
1163.483326174	0.07049324711897223	1.6661964863307932e-05
1164.6927683010001	0.0705156597451908	1.6644474796050317e-05
1165.902210428	0.07053803543686492	1.6626973819820264e-05
1167.111652555	0.07056037424987734	1.6609462606387624e-05
1168.321094682	0.07058267624048406	1.6591941822427153e-05
1169.530536809	0.07060494146530465	1.657441213077223e-05
1170.7399789360002	0.07062716998130739	1.6556874187193105e-05
1171.949421063	0.07064936184580055	1.6539328639977426e-05
1173.1588631900001	0.07067151711641695	1.6521776129191443e-05
1174.368305317	0.07069363585109831	1.6504217284692683e-05
1175.5777474440001	0.07071571810808243	1.648665272696628e-05
1176.787189571	0.07073776394588363	1.6469083065135947e-05
1177.996631698	0.07075977342327758	1.645150889688237e-05
1179.206073825	0.07078174659928423	1.6433930809052617e-05
1180.415515952	0.07080368353314663	1.6416349375608905e-05
1181.6249580790002	0.07082558428431521	1.6398765157901653e-05
1182.834400206	0.07084744891242666	1.638117870550838e-05
1184.0438423330002	0.0708692774772844	1.6363590554810514e-05
1185.25328446	0.07089107003884011	1.6346001231206962e-05
1186.4627265870001	0.0709128266571692	1.6328411246305713e-05
1187.672168714	0.07093454739245424	1.6310821101460297e-05
1188.881610841	0.07095623230496198	1.6293231286024547e-05
1190.091052968	0.07097788145502454	1.6275642279601058e-05
1191.300495095	0.07099949490301506	1.6258054548852515e-05
1192.5099372220002	0.07102107270933036	1.624046855251113e-05
1193.719379349	0.07104261493436796	1.62228847403043e-05
1194.9288214760002	0.07106412163850642	1.6205303552832215e-05
1196.138263603	0.07108559288208481	1.6187725423640418e-05
1197.3477057300001	0.07110702872538262	1.617015077972778e-05
1198.557147857	0.07112842922860009	1.6152580042180998e-05
1199.7665899840001	0.07114979445183801	1.6135013625998303e-05
1200.976032111	0.0711711244550809	1.6117451942629318e-05
1202.185474238	0.07119241929817574	1.609989540117755e-05
1203.394916365	0.07121367904081684	1.608234440785725e-05
1204.604358492	0.07123490374252742	1.6064799366852066e-05
1205.8138006190002	0.0712560934626432	1.6047260683105067e-05
1207.023242746	0.07127724826029609	1.602972876036586e-05
1208.2326848730002	0.071298368194399	1.6012204004619653e-05
1209.442127	0.0713194533236318	1.5994686824009524e-05
