0.0	0.0	0.0
1.209442127	6.8568721987491055e-06	-2.426728883871671e-09
2.418884254	2.7383421902284527e-05	-2.5478042884674983e-09
3.6283263810000004	6.143367374483319e-05	-2.6453461996994967e-09
4.837768508	0.00010877373142287196	-2.6161541105460813e-09
6.047210635000001	0.00016908341089424503	-2.8041533918273707e-09
7.256652762000001	0.0002419619737537474	-2.9886541728885848e-09
8.466094889	0.0003269334748695297	-3.1913885313413506e-09
9.675537016	0.00042345334899063897	-3.457968622199063e-09
10.884979143	0.0005309157254121037	-3.687924921271676e-09
12.094421270000002	0.0006486610252987168	-3.832240514551483e-09
13.303863397	0.0007759843446872622	-3.8505457216975935e-09
14.513305524000002	0.0009121440354489508	-3.6955752473656844e-09
15.722747651	0.0010563705155874892	-3.3097713797593713e-09
16.932189778	0.001207875150476731	-2.631289284864594e-09
18.141631905	0.0013658590850479779	-1.6047784280066113e-09
19.351074032	0.0015295218778129075	-1.9084085500680492e-10
20.560516159000002	0.0016980698166727565	1.621351029541208e-09
21.769958286	0.0018707238169864064	3.7999031646476074e-09
22.979400413	0.0020467268073623246	6.259676944653132e-09
24.188842540000003	0.002225350529882845	8.86519464481664e-09
25.398284667000002	0.0024059017164405	1.1467239735838318e-08
26.607726794	0.002587727604454787	1.4051391719894956e-08
27.817168921	0.0027702205431465224	1.7005737106872793e-08
29.026611048000003	0.0029528215177006237	2.0987336397743017e-08
30.236053175000002	0.003135023008306605	2.644175640915237e-08
31.445495302	0.003316371102229382	3.35539600785633e-08
32.654937429	0.0034964668034976024	4.241108902333657e-08
33.864379556	0.00367496657340606	5.313541144487385e-08
35.073821683000006	0.0038515821412922055	6.593520249973037e-08
36.28326381	0.00402607970618178	8.108449597156124e-08
37.492705937000004	0.004198278711189734	9.886437975442285e-08
38.702148064	0.004368050341291395	1.1947379686309238e-07
39.911590191	0.0045353156239392595	1.4288615971261535e-07
41.121032318000005	0.004700042523618937	1.6871587985202446e-07
42.330474445	0.004862241490408781	1.9633112883405585e-07
43.539916572	0.0050219602049482144	2.252770304753922e-07
44.749358699000005	0.005179279015721672	2.556160785971191e-07
45.958800826	0.005334307339830056	2.8787004871089205e-07
47.168242953000004	0.0054871801792703775	3.2270513829671935e-07
48.377685080000006	0.005638054202742662	3.6067130921344886e-07
49.587127207	0.005787103543370987	4.021740430949416e-07
50.796569334000004	0.005934515651847792	4.476760221971749e-07
52.00601146100001	0.00608048734491321	4.980011172995063e-07
53.215453588	0.006225221041588985	5.544729392369276e-07
54.424895715000005	0.0063689211883042485	6.186310063025669e-07
55.634337842	0.006511790946464748	6.916957235104016e-07
56.843779969	0.006654029227186593	7.742773116653205e-07
58.053222096000006	0.006795828090891628	8.664598100963008e-07
59.262664223	0.006937370487624357	9.680016781863566e-07
60.472106350000004	0.007078828331309371	1.0784636321385336e-06
61.68154847700001	0.007220360917415735	1.1972541431514346e-06
62.890990604	0.007362113687101495	1.3236454757984696e-06
64.100432731	0.007504217324426796	1.4568038669356995e-06
65.309874858	0.007646787156206245	1.5958544616677677e-06
66.519316985	0.007789922811499618	1.7399792202262976e-06
67.728759112	0.00793370809381066	1.888524656732991e-06
68.93820123900001	0.008078211028115527	2.0410790673263082e-06
70.14764336600001	0.00822348406859912	2.1974752419770783e-06
71.357085493	0.008369564483953746	2.3576949543170156e-06
72.56652762	0.008516474955170982	2.521693995338596e-06
73.775969747	0.008664224405460075	2.689207946124235e-06
74.98541187400001	0.008812809037413214	2.8596080832204034e-06
76.19485400100001	0.008962213513326255	3.0318466836688367e-06
77.404296128	0.00911241220484662	3.204487253878571e-06
78.613738255	0.009263370442220167	3.3757866574982363e-06
79.823180382	0.009415045709422757	3.5437936740796215e-06
81.032622509	0.00956738876302013	3.7064465389217864e-06
82.24206463600001	0.009720344675738466	3.861673830643658e-06
83.45150676300001	0.009873853826701777	4.0075141354789585e-06
84.66094889	0.010027852884833955	4.142261019259457e-06
85.870391017	0.010182275807264088	4.264617901393642e-06
87.079833144	0.010337054830214862	4.373842082319866e-06
88.28927527100001	0.010492121461853842	4.4698871457747646e-06
89.49871739800001	0.010647407533522233	4.553617773701058e-06
90.708159525	0.010802846360838968	4.6272394636249045e-06
91.917601652	0.010958374004173772	4.695042017362124e-06
93.127043779	0.011113930502539738	4.764268852158922e-06
94.33648590600001	0.011269460846000464	4.845520785573897e-06
95.54592803300001	0.011424915381384352	4.95201775316258e-06
96.75537016000001	0.011580249283931681	5.097466554013912e-06
97.964812287	0.011735420890159382	5.292942654913921e-06
99.174254414	0.011890389383195752	5.543881549835195e-06
100.383696541	0.012045113092093319	5.848678921030902e-06
101.59313866800001	0.012199549487107143	6.199773294953675e-06
102.80258079500001	0.012353656768304182	6.5865231897768365e-06
104.01202292200001	0.012507395968162858	6.998215719774491e-06
105.221465049	0.012660732538286508	7.426007439063127e-06
106.430907176	0.012813637047551125	7.863623642679313e-06
107.64034930300001	0.012966085154132022	8.307214187203022e-06
108.84979143000001	0.013118057186835378	8.754789347604259e-06
110.05923355700001	0.013269537609492866	9.20550480346749e-06
111.268675684	0.013420514509861928	9.65895933134635e-06
112.478117811	0.013570979143100521	1.011462004491803e-05
113.687559938	0.013720925502947838	1.057144711101344e-05
114.89700206500001	0.01387034989031034	1.1027739225720087e-05
116.10644419200001	0.014019250478817339	1.1481176500800651e-05
117.31588631900001	0.014167626916415228	1.1929010100308196e-05
118.525328446	0.014315480033508443	1.2368335892161567e-05
119.734770573	0.014462811725766616	1.2796382419174128e-05
120.94421270000001	0.014609625019960467	1.321074572800636e-05
122.15365482700001	0.014755924251598123	1.3609529944932499e-05
123.36309695400001	0.014901715255659143	1.3991392292393559e-05
124.572539081	0.015047005504836479	1.4355516653269907e-05
125.781981208	0.015191804176948513	1.4701543789940681e-05
126.99142333500001	0.015336122162322179	1.5029480211303705e-05
128.200865462	0.015479972030893272	1.5339600841854457e-05
129.410307589	0.01562336797664532	1.5632355650185997e-05
130.619749716	0.015766325751577423	1.5908286871833313e-05
131.82919184300002	0.01590886259652264	1.616796082169863e-05
133.03863397	0.01605099717282241	1.6411916164245162e-05
134.24807609700002	0.016192749496857145	1.664062849120055e-05
135.457518224	0.016334140878257172	1.6854489002888947e-05
136.666960351	0.01647519386217076	1.705379326635041e-05
137.87640247800002	0.01661593217609413	1.7238735396285412e-05
139.085844605	0.01675638068142498	1.740940476121129e-05
140.29528673200002	0.01689656532706747	1.7565786638319024e-05
141.504728859	0.017036513096889142	1.770777166503411e-05
142.714170986	0.017176251939529655	1.7835175775098176e-05
143.92361311300002	0.017315810673140395	1.794776326193778e-05
145.13305524	0.017455218865388263	1.8045260485360784e-05
146.34249736700002	0.017594506691753758	1.812735260191167e-05
147.551939494	0.017733704771621117	1.8193665222685974e-05
148.761381621	0.017872843977694595	1.824373953479176e-05
149.97082374800002	0.018011955213932843	1.8277011527242273e-05
151.180265875	0.0181510691604251	1.8292805257903463e-05
152.38970800200002	0.018290215988767178	1.8290347756825285e-05
153.599150129	0.018429425056848078	1.826880936744422e-05
154.808592256	0.018568724596014823	1.8227368338519286e-05
156.018034383	0.018708141405154054	1.816529325492029e-05
157.22747651	0.018847700564753978	1.808203283531087e-05
158.43691863700002	0.01898742517997711	1.797730096003397e-05
159.646360764	0.019127336156493768	1.7851145968927814e-05
160.85580289100002	0.019267452007967298	1.770399666518587e-05
162.065245018	0.019407788690912302	1.75366817325731e-05
163.274687145	0.01954835946163148	1.7350423101444632e-05
164.48412927200002	0.019689174750675404	1.7146806506152516e-05
165.693571399	0.019830242052091725	1.692773418523444e-05
166.90301352600002	0.019971565827086358	1.6695365711769728e-05
168.112455653	0.02011314742423706	1.6452053387077044e-05
169.32189778	0.020254985020641134	1.6200278210672467e-05
170.53133990700002	0.02039707358968229	1.5942591085499357e-05
171.740782034	0.020539404900939657	1.5681561894698496e-05
172.95022416100002	0.02068196755603367	1.5419737120712256e-05
174.159666288	0.020824747061332034	1.5159605441892067e-05
175.369108415	0.020967725935096583	1.490357054341517e-05
176.57855054200002	0.021110883843384283	1.4653930870259925e-05
177.787992669	0.02125419775606732	1.441286676896971e-05
178.99743479600002	0.021397642112058194	1.418243601036297e-05
180.206876923	0.021541188982096324	1.3964578738367782e-05
181.41631905	0.02168480821958026	1.3761131935856836e-05
182.62576117700002	0.02182846759538148	1.357385129874084e-05
183.835203304	0.0219721329197157	1.340443565109786e-05
185.04464543100002	0.02211576815964489	1.3254547382533784e-05
186.254087558	0.02225933556214076	1.3125823300572488e-05
187.46352968500003	0.022402795790439876	1.3019873639772569e-05
188.67297181200001	0.02254610807839871	1.2938270650107598e-05
189.882413939	0.022689230405167835	1.2882529652281745e-05
191.09185606600002	0.02283211969011024	1.285408395948203e-05
192.301298193	0.022974732004938728	1.2854252545314569e-05
193.51074032000002	0.023117022793432022	1.288419815632358e-05
194.720182447	0.02325894708091438	1.294487855534536e-05
195.929624574	0.02340045966431085	1.3037004123899853e-05
197.13906670100002	0.023541515295851582	1.3161015552125868e-05
198.348508828	0.02368206887842887	1.3317081468203494e-05
199.55795095500002	0.023822075676174774	1.350510592869516e-05
200.767393082	0.023961491531590867	1.3724738530201313e-05
201.976835209	0.024100273078403754	1.3975386466912625e-05
203.18627733600002	0.02423837794260055	1.4256230094075084e-05
204.395719463	0.02437576492808456	1.4566242093842592e-05
205.60516159000002	0.024512394186166398	1.4904208700452136e-05
206.814603717	0.024648227369569734	1.5268750974321984e-05
208.02404584400003	0.024783227772199032	1.5658344379002527e-05
209.23348797100002	0.024917360456064137	1.6071335458919966e-05
210.442930098	0.025050592366644735	1.6505955129613833e-05
211.65237222500002	0.025182892437668174	1.6960328925914362e-05
212.861814352	0.025314231685770364	1.7432485276851186e-05
214.07125647900003	0.025444583295007702	1.792036317931847e-05
215.28069860600002	0.025573922690839322	1.8421820435958786e-05
216.490140733	0.025702227603105445	1.893464310695845e-05
217.69958286000002	0.0258294781176257	1.9456556306818534e-05
218.909024987	0.02595565671619863	1.998523621663228e-05
220.11846711400003	0.026080748304900217	2.0518323208649574e-05
221.32790924100001	0.026204740230677107	2.1053436184331838e-05
222.537351368	0.026327622286373982	2.158818845686225e-05
223.74679349500002	0.0264493867045828	2.2120205640472676e-05
224.956235622	0.026570028141021596	2.2647145926959066e-05
226.16567774900003	0.02668954364846254	2.3166722824880206e-05
227.375119876	0.02680793264238237	2.3676729936149408e-05
228.584562003	0.026925196859466115	2.4175066774868022e-05
229.79400413000002	0.027041340309838197	2.465976416688735e-05
231.003446257	0.027156369223511282	2.5129007509441768e-05
232.21288838400002	0.02727029199120939	2.5581156217223725e-05
233.422330511	0.027383119099474083	2.601475806853173e-05
234.63177263800003	0.027494863059939853	2.6428557850803865e-05
235.84121476500002	0.027605538332785957	2.682150036076699e-05
237.050656892	0.027715161244663264	2.7192728170568906e-05
238.26009901900002	0.027823749901704175	2.7541574732594906e-05
239.469541146	0.027931324098470215	2.7867553523763482e-05
240.67898327300003	0.028037905223716325	2.8170344035433747e-05
241.88842540000002	0.02814351616369452	2.8449775471419024e-05
243.097867527	0.028248181203420653	2.870580900278703e-05
244.30730965400002	0.028351925926059694	2.893851941694096e-05
245.516751781	0.028454777110406938	2.9148077003047377e-05
246.72619390800003	0.028556762626471652	2.9334730557088956e-05
247.93563603500002	0.028657911329344275	2.949879243422166e-05
249.145078162	0.028758252951830182	2.964062652557589e-05
250.35452028900002	0.028857817996620395	2.9760639858091716e-05
251.563962416	0.02895663762895172	2.985927818005474e-05
252.77340454300003	0.029054743570754684	2.993702544767705e-05
253.98284667000001	0.029152167997143357	2.9994406691128485e-05
255.192288797	0.029248943435899788	3.003199338543127e-05
256.401730924	0.029345102670354273	3.0050410275371828e-05
257.61117305100004	0.029440678645870938	3.0050342588800548e-05
258.820615178	0.029535704380024418	3.0032542721358116e-05
260.030057305	0.029630212876473234	2.9997835761459264e-05
261.239499432	0.029724237042538782	2.994712361009269e-05
262.448941559	0.029817809610545382	2.9881387767066335e-05
263.65838368600004	0.02991096306306476	2.9801690796461464e-05
264.867825813	0.03000372956208774	2.9709176051225206e-05
266.07726794	0.030096140881603235	2.9605064941758204e-05
267.286710067	0.03018822834260391	2.949065152784714e-05
268.49615219400005	0.03028002274977144	2.9367295096010018e-05
269.70559432100004	0.030371554329853993	2.923641174136023e-05
270.915036448	0.03046285267224536	2.90994656605105e-05
272.124478575	0.03055394667230399	2.8957960414266257e-05
273.333920702	0.030644864478004335	2.881343022915082e-05
274.54336282900005	0.03073563344091113	2.8667431391742873e-05
275.75280495600003	0.03082628007300784	2.8521533761805134e-05
276.962247083	0.0309168300111652	2.837731216212796e-05
278.17168921	0.03100730799040858	2.823633695791046e-05
279.381131337	0.031097737825387637	2.8100162693223895e-05
280.59057346400004	0.03118814239706813	2.7970313698544742e-05
281.80001559100003	0.03127854363994752	2.7848266343985744e-05
283.009457718	0.03136896252531569	2.7735428846234977e-05
284.218899845	0.031459419038246804	2.7633120506225547e-05
285.428341972	0.03154993214881344	2.7542552460988095e-05
286.63778409900004	0.03164051977995213	2.7464811533810126e-05
287.84722622600003	0.03173119877487788	2.7400848010280393e-05
289.056668353	0.03182198486639403	2.7351467541705844e-05
290.26611048	0.03191289264957191	2.7317327013034316e-05
291.475552607	0.032003935558558155	2.7298934056094845e-05
292.68499473400004	0.03209512584784883	2.7296649828487987e-05
293.89443686100003	0.032186474578157875	2.731069467492392e-05
295.103878988	0.032277991606947234	2.7341156256249406e-05
296.313321115	0.03236968558364206	2.738799972611969e-05
297.522763242	0.032461563949546364	2.7451079510555392e-05
298.73220536900004	0.032553632942425664	2.753015223413134e-05
299.94164749600003	0.03264589760568076	2.7624890343345103e-05
301.151089623	0.03273836180197577	2.773489599024713e-05
302.36053175	0.03283102823111667	2.7859714756055705e-05
303.569973877	0.032923898451921445	2.7998848838816692e-05
304.77941600400004	0.03301697290776638	2.815176936134558e-05
305.98885813100003	0.03311025095544889	2.8317927514492717e-05
307.198300258	0.033203730896977486	2.8496764301254206e-05
308.407742385	0.03329741001387741	2.8687718715354326e-05
309.617184512	0.03339128460358644	2.8890234238494757e-05
310.82662663900004	0.03348535001753213	2.9103763617352923e-05
312.036068766	0.03357960070048086	2.9327771928287633e-05
313.245510893	0.033674030230785454	2.9561737995374884e-05
314.45495302	0.03376863136118859	2.9805154275162276e-05
315.664395147	0.03386339605987767	3.005752535362676e-05
316.87383727400004	0.033958315551539484	3.031836523014017e-05
318.083279401	0.034053380358196106	3.058719358193246e-05
319.292721528	0.034148580339661797	3.086353121222057e-05
320.502163655	0.0342439047334886	3.114689488677777e-05
321.71160578200005	0.034339342194308016	3.1436791771448585e-05
322.92104790900004	0.03443488083250427	3.173271367869448e-05
324.130490036	0.03453050825216956	3.2034131338928216e-05
325.339932163	0.034626211588319696	3.2340488917672426e-05
326.54937429	0.03472197754337283	3.265119900604509e-05
327.75881641700005	0.03481779242292186	3.296563833580547e-05
328.96825854400004	0.034913642170884926	3.328314444675587e-05
330.177700671	0.03500951240418696	3.360301353111247e-05
331.387142798	0.03510538844717486	3.392449958393698e-05
332.596584925	0.03520125536597874	3.4246814883896245e-05
333.80602705200005	0.03529709800296983	3.45691316937997e-05
335.01546917900004	0.0353929010113207	3.489058503728877e-05
336.224911306	0.03548864888959874	3.5210276494526497e-05
337.434353433	0.03558432601636179	3.552727911074157e-05
338.64379556	0.035679916684898935	3.584064353411332e-05
339.85323768700005	0.035775405138370645	3.6149405378505993e-05
341.06267981400003	0.03587077560558678	3.645259360205829e-05
342.272121941	0.03596601233753089	3.67492395746977e-05
343.481564068	0.03606109964461393	3.7038386494461015e-05
344.691006195	0.03615602193455542	3.731909884670684e-05
345.90044832200005	0.03625076375076326	3.759047167158281e-05
347.10989044900003	0.03634530981105245	3.785163943714798e-05
348.319332576	0.03643964504653128	3.8101784353290325e-05
349.528774703	0.03653375464047211	3.834014398500217e-05
350.73821683	0.03662762406694958	3.856601804310826e-05
351.94765895700004	0.03672123912902741	3.877877424771841e-05
353.15710108400003	0.03681458599626136	3.8977853177772446e-05
354.366543211	0.03690765124128588	3.916277204621697e-05
355.575985338	0.037000421875255714	3.9333127359811314e-05
356.785427465	0.03709288538192016	3.948859645899134e-05
357.99486959200004	0.03718502975011921	3.962893795056484e-05
359.20431171900003	0.03727684350450371	3.9753991068880775e-05
360.413753846	0.03736831573429326	3.986367403202475e-05
361.623195973	0.037459436119906146	3.995798146349049e-05
362.8326381	0.0375501949573175	4.003698097125445e-05
364.04208022700004	0.03764058318001612	4.010080898521916e-05
365.25152235400003	0.03773059237846124	4.014966596468987e-05
366.460964481	0.03782021481696488	4.018381108384886e-05
367.670406608	0.03790944344794484	4.0203556524415955e-05
368.87984873500005	0.037998271923523244	4.020926150346398e-05
370.08929086200004	0.038086694604461103	4.020132615939774e-05
371.29873298900003	0.03817470656644562	4.018018542056785e-05
372.508175116	0.038262303603764404	4.014630297824823e-05
373.717617243	0.038349482230417724	4.010016546066246e-05
374.92705937000005	0.03843623967874262	4.004227691739301e-05
376.13650149700004	0.038522573895627084	3.997315368653493e-05
377.34594362400003	0.038608483536421094	3.989331972548588e-05
378.555385751	0.038693967956646744	3.98033024536121e-05
379.764827878	0.038779027201630914	3.970362915680572e-05
380.97427000500005	0.03886366199418348	3.959482397500741e-05
382.18371213200004	0.03894787372045734	3.9477405486587126e-05
383.393154259	0.03903166441411672	3.935188488822937e-05
384.602596386	0.03911503673895621	3.921876474889066e-05
385.812038513	0.03919799397010355	3.907853831028418e-05
387.02148064000005	0.03928053997393595	3.8931689289937896e-05
388.23092276700004	0.03936267918683823	3.877869213379582e-05
389.440364894	0.03944441659292662	3.8620012660474e-05
390.649807021	0.03952575770085129	3.845610902542762e-05
391.859249148	0.03960670851978423	3.82874329508635e-05
393.06869127500005	0.039687275534698314	3.811443114535826e-05
394.27813340200004	0.039767465681036264	3.7937546865128396e-05
395.487575529	0.039847286318866845	3.775722156411549e-05
396.697017656	0.039926745206633245	3.757389658554969e-05
397.906459783	0.04000585047459411	3.7388014842946854e-05
399.11590191000005	0.04008461059804493	3.7200022434551676e-05
400.32534403700004	0.04016303437039847	3.701037010622179e-05
401.534786164	0.04024113087616241	3.6819514477179894e-05
402.744228291	0.04031890946383121	3.6627918946206375e-05
403.953670418	0.04039637971868869	3.643605421144497e-05
405.16311254500005	0.04047355143553343	3.6244398402072225e-05
406.37255467200004	0.040550434591346586	3.6053436818466424e-05
407.581996799	0.040627039317948845	3.586366132001555e-05
408.791438926	0.04070337587470129	3.5675569381422375e-05
410.000881053	0.04077945462129699	3.548966283815377e-05
411.21032318000005	0.04085528599069432	3.5306446338064216e-05
412.41976530700003	0.04093088046223353	3.512642551599406e-05
413.629207434	0.04100624853497552	3.4950104911659264e-05
414.838649561	0.041081400701306316	3.4777985659129446e-05
416.04809168800006	0.04115634742085156	3.461056298187245e-05
417.25753381500004	0.04123109909474968	3.444832352984793e-05
418.46697594200003	0.041305666040331736	3.429174259728147e-05
419.676418069	0.041380058466267605	3.41412812668194e-05
420.885860196	0.041454286448232056	3.399738351734863e-05
422.09530232300006	0.04152835990514706	3.3860473340027795e-05
423.30474445000004	0.041602288576068666	3.373095190453052e-05
424.51418657700003	0.041676081997770315	3.3609194808693295e-05
425.723628704	0.04174974948309074	3.349554945422947e-05
426.933070831	0.041823300100103974	3.339033257554566e-05
428.14251295800005	0.04189674265217261	3.329382795729286e-05
429.35195508500004	0.041970085658938575	3.3206284361409616e-05
430.56139721200003	0.04204333733831552	3.312791368910402e-05
431.770839339	0.0421165055895278	3.305888939544746e-05
432.980281466	0.04218959797725056	3.299934516836032e-05
434.18972359300005	0.04226262171689763	3.2949373887266666e-05
435.39916572000004	0.04233558366109619	3.290902686324673e-05
436.60860784700003	0.042408490287389584	3.28783133711904e-05
437.818049974	0.04248134768719552	3.285720046451112e-05
439.027492101	0.04255416155605533	3.2845613077768234e-05
440.23693422800005	0.042626937185185065	3.28434344070813e-05
441.44637635500004	0.04269967945435614	3.285050656022717e-05
442.65581848200003	0.04277239282610769	3.2866631464694865e-05
443.865260609	0.04284508134130121	3.2891572021759116e-05
445.074702736	0.042917748616014946	3.29250534907897e-05
446.28414486300005	0.04299039783976992	3.2966765086751605e-05
447.49358699000004	0.04306303177508366	3.3016361773556015e-05
448.703029117	0.043135652758325635	3.307346623614226e-05
449.912471244	0.043208262701860525	3.313767100841667e-05
451.121913371	0.043280863097448434	3.320854074208779e-05
452.33135549800005	0.043353455020874204	3.328561459175813e-05
453.54079762500004	0.04342603913776764	3.336840870081587e-05
454.750239752	0.043498615710578906	3.345641876578932e-05
455.959681879	0.04357118460666122	3.354912266109131e-05
457.169124006	0.04364374530742318	3.364598310475354e-05
458.37856613300005	0.043716296918489786	3.374645034986958e-05
459.58800826000004	0.043788838180829084	3.3849964879014395e-05
460.797450387	0.04386136748278557	3.3955960091999456e-05
462.006892514	0.043933882872965214	3.4063864965296e-05
463.216334641	0.04400638207391084	3.41731066731268e-05
464.42577676800005	0.04407886249650989	3.428311315358571e-05
465.63521889500004	0.044151321255071714	3.439331560876766e-05
466.844661022	0.04422375518301263	3.450315092683899e-05
468.054103149	0.04429616084908232	3.4612064014566265e-05
469.26354527600006	0.04436853457407107	3.4719510031585004e-05
470.47298740300005	0.04444087244793276	3.482495651908491e-05
471.68242953000004	0.04451317034725837	3.492788541112753e-05
472.891871657	0.04458542395303465	3.5027794926794835e-05
474.101313784	0.04465762876863172	3.512420133432719e-05
475.31075591100006	0.04472978013794661	3.521664058378934e-05
476.52019803800005	0.0448018732636495	3.530466980212364e-05
477.72964016500003	0.04487390322546905	3.5387868651895956e-05
478.939082292	0.044945864998457985	3.5465840546411974e-05
480.148524419	0.04501775347118325	3.55382137235891e-05
481.35796654600006	0.04508956346378258	3.560464217687515e-05
482.56740867300005	0.0451612897458344	3.566480644361896e-05
483.77685080000003	0.04523292705399324	3.5718414251174554e-05
484.986292927	0.04530447010933225	3.576520102586095e-05
486.195735054	0.04537591363435118	3.580493026340126e-05
487.40517718100006	0.045447252369600566	3.5837393766660957e-05
488.61461930800004	0.04551848108988298	3.586241175679876e-05
489.82406143500003	0.045589594619980627	3.587983285258373e-05
491.033503562	0.04566058784988471	3.588953393656549e-05
492.242945689	0.04573145574947785	3.589141990010129e-05
493.45238781600005	0.045802193382649174	3.588542328046313e-05
494.66182994300004	0.04587279592079949	3.5871503794016523e-05
495.87127207000003	0.045943258655721055	3.5849647770461194e-05
497.080714197	0.046013577011815555	3.5819867494061046e-05
498.290156324	0.04608374655764401	3.5782200464116746e-05
499.49959845100005	0.046153763016773174	3.573670857234402e-05
500.70904057800004	0.046223622277911026	3.568347721358508e-05
501.91848270500003	0.046293320404317544	3.5622614330556734e-05
503.127924832	0.04636285364247913	3.555424940276231e-05
504.337366959	0.04643221843003127	3.547853238627836e-05
505.54680908600005	0.046501411402934914	3.539563261152833e-05
506.75625121300004	0.046570429401895895	3.530573764535426e-05
507.96569334000003	0.04663926947802487	3.5209052123547436e-05
509.175135467	0.04670792889774294	3.51057965623072e-05
510.384577594	0.046776405146935755	3.499620615437626e-05
511.59401972100005	0.04684469593435896	3.48805295513922e-05
512.803461848	0.046912799194307395	3.475902764606341e-05
514.0129039750001	0.0469807130885486	3.463197235142096e-05
515.2223461020001	0.04704843600754562	3.449964538834002e-05
516.4317882290001	0.04711596657096769	3.436233707963991e-05
517.641230356	0.04718330362751542	3.422034516207947e-05
518.850672483	0.047250446254072244	3.40739736143119e-05
520.06011461	0.04731739375419813	3.3923531506574715e-05
521.269556737	0.04738414565599108	3.376933187490082e-05
522.478998864	0.04745070170933101	3.361169062364521e-05
523.688440991	0.047517061882533795	3.345092545848527e-05
524.897883118	0.04758322635843493	3.3287354849553965e-05
526.1073252450001	0.04764919552992984	3.3121297031856614e-05
527.3167673720001	0.04771496999499552	3.295306903788112e-05
528.5262094990001	0.04778055055121843	3.278298577231553e-05
529.735651626	0.04784593818985976	3.261135911909079e-05
530.945093753	0.04791113408948165	3.2438497092991854e-05
532.15453588	0.047976139609166274	3.226470302610645e-05
533.363978007	0.048040956281355025	3.209027479936717e-05
534.573420134	0.0481055858043369	3.1915504109202504e-05
535.782862261	0.04817003003441893	3.174067577789114e-05
536.9923043880001	0.048234290977802685	3.1566067102677895e-05
538.2017465150001	0.048298370782206675	3.139194724643503e-05
539.4111886420001	0.04836227172825212	3.121857666572665e-05
540.6206307690001	0.04842599622065536	3.104620658245755e-05
541.830072896	0.04848954677924744	3.0875078492780714e-05
543.039515023	0.04855292602985545	3.0705423716246475e-05
544.24895715	0.0486161366950761	3.05374629853857e-05
545.458399277	0.048679181584967694	3.0371406073306692e-05
546.667841404	0.04874206358769371	3.020745146085902e-05
547.877283531	0.048804785660142944	3.0045786042747653e-05
549.0867256580001	0.04886735081855663	2.988658487212725e-05
550.2961677850001	0.04892976212919046	2.973001094353853e-05
551.5056099120001	0.048992022699034826	2.9576215014017258e-05
552.715052039	0.04905413566662749	2.9425335461128816e-05
553.924494166	0.049116104192972354	2.9277498178743732e-05
555.133936293	0.049177931452597363	2.913281650944424e-05
556.34337842	0.04923962062477364	2.8991391214051226e-05
557.552820547	0.049301174884913375	2.8853310476064308e-05
558.762262674	0.04936259739617531	2.8718649941108374e-05
559.971704801	0.0494238913012905	2.8587472793145582e-05
561.1811469280001	0.049485059714632164	2.8459829863085998e-05
562.3905890550001	0.049546105714546984	2.8335759771264317e-05
563.6000311820001	0.04960703233596223	2.821528910230173e-05
564.809473309	0.04966784256328722	2.809843261476878e-05
566.018915436	0.04972853932362112	2.7985193478116633e-05
567.228357563	0.04978912548028053	2.7875563541321782e-05
568.43779969	0.04984960382666143	2.7769523632051844e-05
569.647241817	0.049909977080438504	2.7667043880834806e-05
570.856683944	0.04997024787812276	2.7568084074588743e-05
572.066126071	0.05003041876997133	2.7472594033108924e-05
573.2755681980001	0.05009049221526929	2.738051401067015e-05
574.4850103250001	0.05015047057798126	2.7291775120090312e-05
575.6944524520001	0.05021035612277669	2.720629977438652e-05
576.903894579	0.05027015101143486	2.712400215016146e-05
578.113336706	0.05032985729963048	2.7044788668714077e-05
579.322778833	0.05038947693410103	2.696855848769692e-05
580.53222096	0.05044901175019055	2.6895204010822795e-05
581.741663087	0.05050846346977514	2.682461140685855e-05
582.951105214	0.05056783369956204	2.6756661137743265e-05
584.160547341	0.05062712392976133	2.6691228493856942e-05
585.3699894680001	0.05068633553312256	2.662818413583891e-05
586.5794315950001	0.05074546976433366	2.6567394637844404e-05
587.7888737220001	0.05080452775977187	2.6508723035037747e-05
588.998315849	0.05086351053760299	2.6452029365187098e-05
590.207757976	0.050922418998216354	2.639717121441741e-05
591.417200103	0.050981253924988215	2.6344004251300487e-05
592.62664223	0.05104001598536435	2.629238276090852e-05
593.836084357	0.05109870573224974	2.6242160166238627e-05
595.045526484	0.05115732360569256	2.619318954106247e-05
596.2549686110001	0.051215869934856724	2.614532411203002e-05
597.4644107380001	0.05127434494026012	2.6098417747135993e-05
598.6738528650001	0.05133274873627716	2.605232542742192e-05
599.8832949920001	0.05139108133388342	2.6006903706719566e-05
601.092737119	0.05144934264363287	2.5962011150638172e-05
602.302179246	0.05150753247885186	2.591750875874574e-05
603.511621373	0.0515656505590391	2.5873260367076723e-05
604.7210635	0.05162369651345145	2.5829133029333188e-05
605.930505627	0.05168166988486474	2.5784997378886904e-05
607.139947754	0.051739570133492736	2.5740727965445158e-05
608.3493898810001	0.05179739664105257	2.5696203572697412e-05
609.5588320080001	0.0518551487149568	2.5651307510108037e-05
610.7682741350001	0.051912825592621656	2.5605927882317445e-05
611.9777162620001	0.05197042644587251	2.5559957834842214e-05
613.187158389	0.05202795038543589	2.5513295775073715e-05
614.396600516	0.05208539646549804	2.5465845569761156e-05
615.606042643	0.05214276368832307	2.541751671881519e-05
616.81548477	0.052200051008905596	2.5368224504106916e-05
618.024926897	0.05225725733965663	2.531789011505316e-05
619.234369024	0.052314381555097135	2.526644075075992e-05
620.4438111510001	0.05237142249655101	2.5213809699922972e-05
621.6532532780001	0.052428378976826374	2.51599363954688e-05
622.8626954050001	0.05248524978486882	2.510476645185766e-05
624.072137532	0.05254203369037209	2.5048251675426303e-05
625.281579659	0.05259872944834069	2.499035005803302e-05
626.491021786	0.05265533580358563	2.4931025747877855e-05
627.700463913	0.05271185149514816	2.4870249004005414e-05
628.90990604	0.052768275260636086	2.4807996128045275e-05
630.119348167	0.05282460584046451	2.474424938273916e-05
631.328790294	0.05288084198198903	2.467899689075816e-05
632.5382324210001	0.052936982443527875	2.4612232518604293e-05
633.7476745480001	0.052993025998256976	2.4543955744198385e-05
634.9571166750001	0.05304897143797198	2.4474171513770956e-05
636.166558802	0.05310481757671507	2.4402890081395942e-05
637.376000929	0.05316056325424961	2.4330126840380026e-05
638.585443056	0.053216207339385424	2.4255902140501453e-05
639.794885183	0.05327174873314144	2.4180241096932118e-05
641.00432731	0.053327186371747694	2.410317338869572e-05
642.213769437	0.05338251922947223	2.4024733051738715e-05
643.4232115640001	0.05343774632127903	2.3944958259807187e-05
644.6326536910001	0.053492866705305196	2.3863891103269172e-05
645.8420958180001	0.05354787948516104	2.3781577362189103e-05
647.0515379450001	0.053602783812040776	2.369806627146448e-05
648.260980072	0.053657578886657925	2.3613410287196364e-05
649.470422199	0.05371226396098323	2.352766484544079e-05
650.679864326	0.05376683833980241	2.3440888123250173e-05
651.889306453	0.05382130138208645	2.3353140795514883e-05
653.09874858	0.05387565250216831	2.3264485792322367e-05
654.308190707	0.05392989117074146	2.317498805806524e-05
655.5176328340001	0.053984016915666004	2.308471430784763e-05
656.7270749610001	0.05403802932259385	2.299373279093825e-05
657.9365170880001	0.05409192803541303	2.29021130504563e-05
659.1459592150001	0.054145712756512886	2.2809925690336458e-05
660.355401342	0.05419938324687134	2.2717242144113506e-05
661.564843469	0.05425293932597483	2.262413444817079e-05
662.774285596	0.054306380871566175	2.2530675017674426e-05
663.983727723	0.05435970781922963	2.243693643028379e-05
665.19316985	0.05441292016181656	2.2342991212845446e-05
666.402611977	0.054466017948719095	2.2248911635246748e-05
667.6120541040001	0.05451900128499232	2.215476950995368e-05
668.8214962310001	0.05457187033033553	2.2060635997653036e-05
670.0309383580001	0.05462462529793783	2.1966581419979774e-05
671.2403804850001	0.05467726645318911	2.1872675079581266e-05
672.449822612	0.054729794112271	2.1778985087739906e-05
673.659264739	0.054782208640628896	2.1685578198665196e-05
674.868706866	0.05483451045133353	2.1592519652540507e-05
676.078148993	0.054886700003338076	2.1499873026360797e-05
677.28759112	0.05493877779964285	2.140770009365309e-05
678.497033247	0.05499074438536733	2.1316060690897942e-05
679.7064753740001	0.05504260034574323	2.1225012593589645e-05
680.9159175010001	0.05509434630403388	2.113461140226593e-05
682.1253596280001	0.055145982919386015	2.104491043311939e-05
683.3348017550001	0.05519751088462646	2.0955960623933245e-05
684.544243882	0.05524893092400535	2.086781044080996e-05
685.753686009	0.055300243790895424	2.078050580161123e-05
686.963128136	0.0553514502654623	2.0694090002343054e-05
688.172570263	0.055402551152296434	2.060860365596257e-05
689.38201239	0.05545354727803754	2.052408463773085e-05
690.5914545170001	0.055504439488973885	2.0440568040610444e-05
691.8008966440001	0.05555522864864634	2.0358086139943672e-05
693.0103387710001	0.05560591563544613	2.0276668364739923e-05
694.2197808980001	0.0556565013402271	2.019634127797902e-05
695.429223025	0.05570698666392959	2.0117128567565262e-05
696.638665152	0.055757372515228026	2.0039051041411463e-05
697.848107279	0.055807659808207205	1.996212663341084e-05
699.057549406	0.055857849460072245	1.9886370417914277e-05
700.266991533	0.05590794238890127	1.9811794627309276e-05
701.47643366	0.055957939511443004	1.973840868238108e-05
702.6858757870001	0.056007841740964175	1.9666219226736605e-05
703.8953179140001	0.05605764998516076	1.959523016755128e-05
705.1047600410001	0.05610736514412554	1.9525442724365432e-05
706.3142021680001	0.05615698810838201	1.9456855484106665e-05
707.523644295	0.056206519756994644	1.9389464460968553e-05
708.733086422	0.05625596095574772	1.9323263163082544e-05
709.942528549	0.05630531255540849	1.9258242664025515e-05
711.151970676	0.056354575390069876	1.9194391678780067e-05
712.361412803	0.05640375027557674	1.9131696645160162e-05
713.57085493	0.056452838008043266	1.907014180899327e-05
714.7802970570001	0.056501839362460615	1.900970931525069e-05
715.9897391840001	0.05655075509139449	1.8950379298484378e-05
717.1991813110001	0.05659958592377867	1.889212998133654e-05
718.4086234380001	0.056648332563804034	1.883493777329503e-05
719.618065565	0.05669699568990478	1.8778777371964677e-05
720.827507692	0.056745575953842047	1.872362186768774e-05
722.036949819	0.056794073979884604	1.8669442849650326e-05
723.246391946	0.05684249036408849	1.861621051409957e-05
724.455834073	0.05689082567367818	1.8563893772589232e-05
725.6652762	0.0569390804465195	1.851246036152844e-05
726.8747183270001	0.056987255190693815	1.846187695373442e-05
728.0841604540001	0.05703535038416837	1.841210926827597e-05
729.2936025810001	0.0570833664745602	1.836312218034832e-05
730.5030447080001	0.05713130387899391	1.8314879833124655e-05
731.712486835	0.057179162984052484	1.8267345747221204e-05
732.921928962	0.05722694414581609	1.822048292838286e-05
734.131371089	0.057274647689990674	1.817425397733935e-05
735.340813216	0.05732227391211943	1.8128621194058096e-05
736.550255343	0.05736982307787824	1.8083546683436343e-05
737.7596974700001	0.057417295423453654	1.803899245843462e-05
738.9691395970001	0.05746469115599277	1.7994920539834562e-05
740.1785817240001	0.05751201045412965	1.7951293056014024e-05
741.3880238510001	0.05755925346858531	1.790807233747559e-05
742.5974659780001	0.05760642032282862	1.7865221011692338e-05
743.806908105	0.05765351111380658	1.7822702092177097e-05
745.016350232	0.057700525912732475	1.7780479066651647e-05
746.225792359	0.05774746476593069	1.7738515980534055e-05
747.435234486	0.05779432769573296	1.7696777519153463e-05
748.644676613	0.05784111470142663	1.765522908440761e-05
749.8541187400001	0.05788782576024542	1.7613836868175976e-05
751.0635608670001	0.05793446082840101	1.7572567922683725e-05
752.2730029940001	0.057981019842153064	1.7531390229160833e-05
753.4824451210001	0.05802750271891221	1.7490272756302696e-05
754.6918872480001	0.0580739093583684	1.7449185522890035e-05
755.901329375	0.058120239643650276	1.7408099649644168e-05
757.110771502	0.05816649344250232	1.736698741110242e-05
758.320213629	0.05821267060847597	1.7325822282571333e-05
759.529655756	0.05825877098214192	1.728457897987165e-05
760.739097883	0.058304794392303155	1.7243233500489693e-05
761.9485400100001	0.05835074065721798	1.720176315526656e-05
763.1579821370001	0.05839660958582613	1.7160146599411807e-05
764.3674242640001	0.05844240097896893	1.711836385666378e-05
765.5768663910001	0.05848811463060658	1.707639634245789e-05
766.786308518	0.058533750329027454	1.7034226878731534e-05
767.995750645	0.05857930785804178	1.699183970819325e-05
769.205192772	0.05862478699816196	1.6949220502346728e-05
770.414634899	0.0586701875277675	1.6906356368702052e-05
771.624077026	0.058715509224240445	1.6863235847236046e-05
772.833519153	0.05876075186508454	1.681984891124324e-05
774.0429612800001	0.058805915229009874	1.6776186958672078e-05
775.2524034070001	0.05885099909699507	1.673224280106927e-05
776.4618455340001	0.05889600325331298	1.6688010649247838e-05
777.6712876610001	0.0589409274865198	1.6643486095604493e-05
778.880729788	0.05898577159041318	1.6598666093150122e-05
780.090171915	0.05903053536494811	1.6553548929354407e-05
781.299614042	0.059075218617111	1.6508134198661937e-05
782.509056169	0.05911982116175744	1.646242277269086e-05
783.718498296	0.05916434282239903	1.6416416763805368e-05
784.9279404230001	0.059208783431950227	1.63701194895229e-05
786.1373825500001	0.0592531428334278	1.6323535433009602e-05
787.3468246770001	0.05929742088060362	1.627667020081346e-05
788.5562668040001	0.05934161743860672	1.6229530478032012e-05
789.7657089310001	0.059385732384482026	1.6182123983377088e-05
790.975151058	0.05942976560769355	1.6134459418491384e-05
792.184593185	0.059473717010584314	1.608654641879554e-05
793.394035312	0.05951758650878172	1.603839550128823e-05
794.603477439	0.05956137403155501	1.599001801129361e-05
795.812919566	0.05960507952212339	1.5941426066376315e-05
797.0223616930001	0.059648702937914466	1.5892632502358492e-05
798.2318038200001	0.05969224425077235	1.5843650816445346e-05
799.4412459470001	0.05973570344712036	1.5794495107926796e-05
800.6506880740001	0.05977908052807052	1.5745180020095225e-05
801.8601302010001	0.05982237550949232	1.569572068416308e-05
803.069572328	0.05986558842202925	1.5646132658194887e-05
804.279014455	0.05990871931107539	1.5596431870322423e-05
805.488456582	0.059951768236703486	1.5546634557497622e-05
806.697898709	0.05999473527355277	1.5496757211074355e-05
807.907340836	0.060037620510674836	1.5446816515454998e-05
809.1167829630001	0.060080424051339364	1.5396829292992526e-05
810.3262250900001	0.06012314601280046	1.5346812447409792e-05
811.5356672170001	0.06016578652602745	1.5296782909340647e-05
812.7451093440001	0.060208345735397906	1.5246757580172927e-05
813.9545514710001	0.06025082379836198	1.5196753280549767e-05
815.163993598	0.06029322088506975	1.514678669983774e-05
816.373435725	0.060335537177970466	1.5096874343192648e-05
817.582877852	0.06037777287138466	1.5047032486949933e-05
818.792319979	0.060419928171049186	1.4997277129704586e-05
820.001762106	0.060462003293641424	1.4947623948012546e-05
821.2112042330001	0.06050399846627456	1.4898088254036939e-05
822.4206463600001	0.060545913925977926	1.4848684955315507e-05
823.6300884870001	0.060587749919160355	1.4799428515613782e-05
824.8395306140001	0.06062950670105238	1.475033291889741e-05
826.0489727410001	0.06067118453513966	1.470141163590201e-05
827.258414868	0.06071278369257993	1.4652677591217223e-05
828.467856995	0.06075430445161476	1.4604143135206635e-05
829.677299122	0.06079574709696933	1.4555820016608592e-05
830.886741249	0.06083711191924825	1.4507719359235887e-05
832.0961833760001	0.06087839921432712	1.445985163753471e-05
833.3056255030001	0.060919609282741614	1.4412226660058969e-05
834.5150676300001	0.0609607424290768	1.4364853549898375e-05
835.7245097570001	0.061001798961356914	1.4317740733010474e-05
836.9339518840001	0.0610427791904426	1.4270895924134882e-05
838.143394011	0.06108368342942536	1.422432611758245e-05
839.352836138	0.061124511993038096	1.4178037580574771e-05
840.562278265	0.061165265197066665	1.4132035848796141e-05
841.771720392	0.061205943357775176	1.4086325723449108e-05
842.981162519	0.061246546791345405	1.404091127094379e-05
844.1906046460001	0.06128707581331831	1.3995795826415923e-05
845.4000467730001	0.06132753073806415	1.3950981996202179e-05
846.6094889000001	0.061367911878257644	1.3906471666671898e-05
847.8189310270001	0.06140821954437302	1.3862266009722962e-05
849.0283731540001	0.061448454044198124	1.3818365496753453e-05
850.237815281	0.06148861568236603	1.377476990884986e-05
851.447257408	0.0615287047599066	1.3731478352151832e-05
852.656699535	0.061568721573818194	1.3688489272560628e-05
853.866141662	0.061608666416661496	1.3645800475051665e-05
855.075583789	0.061648539576176595	1.360340914150884e-05
856.2850259160001	0.06168834133491965	1.3561311852100122e-05
857.4944680430001	0.06172807196992501	1.3519504606998956e-05
858.7039101700001	0.061767731752391634	1.3477982849461256e-05
859.9133522970001	0.06180732094739289	1.3436741491503666e-05
861.1227944240001	0.06184683981360885	1.3395774937187717e-05
862.332236551	0.06188628860308826	1.3355077109873996e-05
863.541678678	0.06192566756102702	1.331464147992735e-05
864.751120805	0.06196497692558197	1.3274461091922131e-05
865.960562932	0.06200421692769987	1.323452859503151e-05
867.170005059	0.06204338779097569	1.3194836269908381e-05
868.3794471860001	0.062082489731537537	1.3155376059146075e-05
869.5888893130001	0.06212152295795067	1.3116139596946757e-05
870.7983314400001	0.0621604876711479	1.3077118239671514e-05
872.0077735670001	0.0621993840643851	1.303830309627375e-05
873.2172156940001	0.06223821232321935	1.2999685057307592e-05
874.426657821	0.06227697262550684	1.2961254826966521e-05
875.636099948	0.06231566514142474	1.2923002951092038e-05
876.845542075	0.062354290033518944	1.2884919849778213e-05
878.054984202	0.062392847456765155	1.2846995844747367e-05
879.2644263290001	0.06243133755865568	1.2809221188470721e-05
880.4738684560001	0.062469760479303825	1.2771586093976483e-05
881.6833105830001	0.06250811635156686	1.2734080763682282e-05
882.8927527100001	0.0625464053011876	1.2696695413850328e-05
884.1021948370001	0.06258462744695346	1.2659420304673481e-05
885.3116369640001	0.06262278290086988	1.262224576389613e-05
886.521079091	0.06266087176834938	1.2585162215245882e-05
887.730521218	0.06269889414841914	1.254816019896022e-05
888.939963345	0.06273685013393594	1.2511230398100271e-05
890.149405472	0.06277473981181718	1.2474363660007818e-05
891.3588475990001	0.0628125632632825	1.243755101768382e-05
892.5682897260001	0.06285032056410571	1.2400783710623572e-05
893.7777318530001	0.06288801178487642	1.236405320462634e-05
894.9871739800001	0.06292563699127103	1.232735120891366e-05
896.1966161070001	0.06296319624432903	1.2290669693526485e-05
897.406058234	0.06300068960073714	1.2254000907011962e-05
898.615500361	0.06303811711312023	1.2217337387601725e-05
899.824942488	0.06307547883033368	1.2180671980308238e-05
901.034384615	0.06311277479776232	1.214399784740309e-05
902.243826742	0.0631500050576195	1.2107308480316872e-05
903.4532688690001	0.06318716964924986	1.207059770854549e-05
904.6627109960001	0.06322426860943	1.2033859710061184e-05
905.8721531230001	0.06326130197267198	1.1997089015971862e-05
907.0815952500001	0.06329826977152404	1.1960280518953963e-05
908.2910373770001	0.0633351720368685	1.1923429478482326e-05
909.500479504	0.06337200879821928	1.1886531523331643e-05
910.709921631	0.06340878008401374	1.1849582653845996e-05
911.919363758	0.06344548592189983	1.1812579245254528e-05
913.128805885	0.06348212633901927	1.1775518046902398e-05
914.338248012	0.06351870136228482	1.1738396182009898e-05
915.5476901390001	0.06355521101864993	1.1701211146080116e-05
916.7571322660001	0.06359165533537205	1.1663960802363165e-05
917.9665743930001	0.06362803434026677	1.1626643381000105e-05
919.1760165200001	0.06366434806195627	1.1589257471506928e-05
920.3854586470001	0.06370059653010489	1.1551802019298955e-05
921.594900774	0.06373677977564954	1.1514276316284114e-05
922.804342901	0.0637728978310164	1.1476679996733606e-05
924.013785028	0.06380895073032908	1.1439013026921164e-05
925.223227155	0.0638449385096072	1.1401275696896204e-05
926.432669282	0.06388086120695169	1.1363468610535122e-05
927.6421114090001	0.06391671886271946	1.1325592675646801e-05
928.8515535360001	0.06395251151968821	1.1287649091708587e-05
930.0609956630001	0.06398823922320694	1.1249639340887483e-05
931.2704377900001	0.06402390202133611	1.1211565173346406e-05
932.4798799170001	0.06405949996497563	1.1173428596821131e-05
933.689322044	0.06409503310797997	1.1135231862102108e-05
934.898764171	0.06413050150725993	1.109697745034947e-05
936.108206298	0.06416590522287864	1.1058668059815763e-05
937.317648425	0.06420124431812409	1.1020306592929277e-05
938.5270905520001	0.06423651885958025	1.0981896139975028e-05
939.7365326790001	0.06427172891718116	1.0943439965985405e-05
940.9459748060001	0.06430687456425273	1.0904941497138187e-05
942.1554169330001	0.06434195587754338	1.0866404305555717e-05
943.3648590600001	0.0643769729372444	1.082783209493388e-05
944.5743011870001	0.06441192582699963	1.078922868596209e-05
945.783743314	0.0644468146338988	1.0750598002228235e-05
946.993185441	0.06448163944846731	1.0711944055933287e-05
948.202627568	0.06451640036463857	1.0673270933300898e-05
949.412069695	0.06455109747972289	1.0634582781061663e-05
950.6215118220001	0.0645857308943615	1.0595883792682722e-05
951.8309539490001	0.06462030071247282	1.055717819495391e-05
953.0403960760001	0.06465480704118842	1.0518470234214395e-05
954.2498382030001	0.06468924999078475	1.047976416403439e-05
955.4592803300001	0.06472362967459826	1.0441064231524151e-05
956.6687224570001	0.06475794620894454	1.0402374667195861e-05
957.878164584	0.06479219971301628	1.0363699671282768e-05
959.087606711	0.06482639030878663	1.0325043402302392e-05
960.297048838	0.06486051812089856	1.0286409967940585e-05
961.506490965	0.06489458327654943	1.0247803413416768e-05
962.7159330920001	0.06492858590537572	1.0209227709817123e-05
963.9253752190001	0.06496252613932148	1.017068674788544e-05
965.1348173460001	0.06499640411251598	1.0132184326839093e-05
966.3442594730001	0.06503021996113661	1.0093724146154507e-05
967.5537016000001	0.0650639738232735	1.005530979832179e-05
968.763143727	0.06509766583878877	1.0016944760400838e-05
969.972585854	0.06513129614917613	9.978632387752636e-06
971.182027981	0.06516486489741413	9.940375908078699e-06
972.391470108	0.06519837222782188	9.902178415464065e-06
973.600912235	0.06523181828591207	9.864042865117716e-06
974.8103543620001	0.06526520321824388	9.825972068630464e-06
976.0197964890001	0.06529852717227465	9.787968689205428e-06
977.2292386160001	0.06533179029621203	9.750035239174314e-06
978.4386807430001	0.06536499273886805	9.712174077898485e-06
979.6481228700001	0.06539813464951423	9.67438740655127e-06
980.857564997	0.06543121617773569	9.636677269208493e-06
982.067007124	0.06546423747329017	9.599045549929707e-06
983.276449251	0.06549719868597007	9.56149397087834e-06
984.485891378	0.06553009996546062	9.524024095187418e-06
985.6953335050001	0.06556294146120963	9.486637323938838e-06
986.9047756320001	0.06559572332229702	9.44933489843708e-06
988.1142177590001	0.06562844569730464	9.412117900898235e-06
989.3236598860001	0.06566110873419519	9.374987255585353e-06
990.5331020130001	0.06569371258019345	9.337943731560725e-06
991.7425441400001	0.06572625738167157	9.300987944602836e-06
992.951986267	0.06575874328403697	9.264120360550282e-06
994.161428394	0.06579117043163113	9.227341296503991e-06
995.370870521	0.06582353896762701	9.19065092782941e-06
996.580312648	0.06585584903393472	9.15404928799459e-06
997.7897547750001	0.06588810077111366	9.117536276895037e-06
998.9991969020001	0.06592029431828951	9.081111661407876e-06
1000.2086390290001	0.06595242981307292	9.044775083510518e-06
1001.4180811560001	0.0659845073914908	9.00852606133926e-06
1002.6275232830001	0.06601652718791819	8.972363999840992e-06
1003.8369654100001	0.06604848933501883	8.936288191184962e-06
1005.046407537	0.06608039396369034	8.900297822696798e-06
1006.255849664	0.06611224120301595	8.864391983578148e-06
1007.465291791	0.06614403118022044	8.828569668698142e-06
1008.674733918	0.06617576402063634	8.79282978656886e-06
1009.8841760450001	0.0662074398476712	8.75717116352938e-06
1011.0936181720001	0.06623905878278248	8.721592552668808e-06
1012.3030602990001	0.06627062094545992	8.686092638710794e-06
1013.5125024260001	0.06630212645321193	8.650670043755843e-06
1014.7219445530001	0.06633357542155624	8.615323335752463e-06
1015.9313866800001	0.06636496796401938	8.580051033361735e-06
1017.140828807	0.06639630419213861	8.544851612733422e-06
1018.350270934	0.06642758421547114	8.509723514383365e-06
1019.559713061	0.06645880814160772	8.474665149941459e-06
1020.769155188	0.06648997607618853	8.439674907147737e-06
1021.9785973150001	0.06652108812293017	8.40475115662101e-06
1023.1880394420001	0.06655214438364866	8.369892259293217e-06
1024.397481569	0.06658314495829622	8.335096570531334e-06
1025.606923696	0.06661408994499325	8.300362448603896e-06
1026.816365823	0.06664497944007061	8.265688257989283e-06
1028.0258079500002	0.06667581353811393	8.231072376141014e-06
1029.235250077	0.06670659233200682	8.196513198918434e-06
1030.4446922040001	0.06673731591298816	8.162009145818889e-06
1031.654134331	0.0667679843706999	8.127558665744352e-06
1032.8635764580001	0.06679859779324622	8.09316024145627e-06
1034.073018585	0.06682915626725205	8.058812394644386e-06
1035.282460712	0.06685965987792467	8.024513689205474e-06
1036.491902839	0.06689010870911605	7.990262737754201e-06
1037.701344966	0.06692050284339118	7.95605820496166e-06
1038.9107870930002	0.06695084236209131	7.92189880994525e-06
1040.12022922	0.06698112734540503	7.887783332580605e-06
1041.3296713470002	0.06701135787243638	7.853710614539323e-06
1042.539113474	0.06704153402127505	7.819679564990603e-06
1043.7485556010001	0.06707165586906959	7.785689160605086e-06
1044.957997728	0.06710172349209576	7.75173845106719e-06
1046.167439855	0.06713173696583079	7.717826560145573e-06
1047.376881982	0.0671616963650233	7.683952688495554e-06
1048.586324109	0.06719160176376704	7.650116114948055e-06
1049.795766236	0.06722145323556926	7.61631620021995e-06
1051.005208363	0.06725125085342337	7.5825523852516675e-06
1052.2146504900002	0.06728099468987594	7.548824196441678e-06
1053.424092617	0.06731068481709984	7.515131244387913e-06
1054.6335347440001	0.06734032130695503	7.481473224881594e-06
1055.842976871	0.06736990423106014	7.447849919768989e-06
1057.0524189980001	0.06739943366085357	7.414261199061476e-06
1058.261861125	0.06742890966765845	7.3807070194147874e-06
1059.471303252	0.06745833232274157	7.347187424141348e-06
1060.680745379	0.06748770169737277	7.313702545779572e-06
1061.890187506	0.06751701786288168	7.28025260213614e-06
1063.0996296330002	0.06754628089071217	7.24683789949697e-06
1064.30907176	0.06757549085247454	7.213458829990864e-06
1065.5185138870002	0.06760464781999326	7.180115872664043e-06
1066.727956014	0.06763375186535678	7.146809590313148e-06
1067.9373981410001	0.06766280306096013	7.113540630436537e-06
1069.146840268	0.06769180147954634	7.080309724432448e-06
1070.356282395	0.06772074719424476	7.047117686367017e-06
1071.565724522	0.06774964027860966	7.013965411686058e-06
1072.775166649	0.0677784808066504	6.980853876511244e-06
1073.9846087760002	0.06780726885286165	6.947784135656321e-06
1075.194050903	0.06783600449225252	6.914757322565333e-06
1076.4034930300002	0.0678646878003681	6.881774648831246e-06
1077.612935157	0.06789331885331341	6.848837400694512e-06
1078.8223772840001	0.06792189772776827	6.815946940685344e-06
1080.031819411	0.06795042450100619	6.783104704955332e-06
1081.2412615380001	0.06797889925090413	6.750312203587815e-06
1082.450703665	0.06800732205595253	6.717571018347653e-06
1083.660145792	0.06803569299526167	6.684882803438027e-06
1084.869587919	0.06806401214856611	6.652249285070194e-06
1086.079030046	0.06809227959622467	6.61967225979842e-06
1087.2884721730002	0.06812049541921823	6.587153595803591e-06
1088.4979143	0.06814865969914756	6.55469523261137e-06
1089.7073564270001	0.06817677251822328	6.5222991810870704e-06
1090.916798554	0.06820483395925904	6.489967524689351e-06
1092.1262406810001	0.0682328441056582	6.4577024193185755e-06
1093.335682808	0.06826080304139931	6.425506095700416e-06
1094.545124935	0.06828871085102142	6.393380860733653e-06
1095.754567062	0.06831656761960443	6.361329098116661e-06
1096.964009189	0.06834437343274927	6.329353272803672e-06
1098.1734513160002	0.06837212837655521	6.297455931724337e-06
1099.382893443	0.06839983253759781	6.265639708415078e-06
1100.5923355700002	0.06842748600290127	6.233907325537201e-06
1101.801777697	0.06845508885991344	6.202261599976461e-06
1103.0112198240001	0.06848264119647601	6.170705447325705e-06
1104.220661951	0.06851014310079846	6.139241885818272e-06
1105.430104078	0.06853759466142458	6.107874043991411e-06
1106.639546205	0.0685649959672042	6.076605165174802e-06
1107.848988332	0.06859234710726071	6.045438614812092e-06
1109.058430459	0.06861964817095792	6.014377889698424e-06
1110.267872586	0.06864689924786933	5.9834266243743794e-06
1111.4773147130002	0.06867410042774728	5.9525885991605104e-06
1112.68675684	0.06870125180048747	5.92186775092077e-06
1113.8961989670001	0.06872835345609807	5.891268184490378e-06
1115.105641094	0.06875540548467023	5.860794179608042e-06
1116.3150832210001	0.06878240797634455	5.830450204595321e-06
1117.524525348	0.06880936102128217	5.800240928632089e-06
1118.733967475	0.06883626470963515	5.770171233684321e-06
1119.943409602	0.06886311913151956	5.740246226605196e-06
1121.152851729	0.06888992437698656	5.710471254845764e-06
1122.3622938560002	0.06891668053600018	5.680851917793662e-06
1123.571735983	0.06894338769841207	5.65139408355839e-06
1124.7811781100002	0.06897004595394006	5.622103902917972e-06
1125.990620237	0.06899665539214848	5.592987823572513e-06
1127.2000623640001	0.06902321610243417	5.564052607655302e-06
1128.409504491	0.06904972817400637	5.535305344827986e-06
1129.618946618	0.06907619169587675	5.50675346800641e-06
1130.828388745	0.06910260675685159	5.478404769861072e-06
1132.037830872	0.06912897344552021	5.450267414933713e-06
1133.2472729990002	0.06915529185025429	5.422349956488348e-06
1134.456715126	0.0691815620592066	5.394661348504745e-06
1135.6661572530002	0.06920778416030689	5.36721095979531e-06
1136.87559938	0.06923395824127436	5.3400085841816084e-06
1138.0850415070001	0.06926008438961916	5.313064450341904e-06
1139.294483634	0.06928616269265495	5.286389232499012e-06
1140.5039257610001	0.06931219323751232	5.25999405654988e-06
1141.713367888	0.06933817611115216	5.233890506580738e-06
1142.922810015	0.06936411140038873	5.208090626248682e-06
1144.132252142	0.069389999191907	5.182606919170359e-06
1145.341694269	0.0694158395722884	5.15745234939101e-06
1146.5511363960002	0.06944163262803657	5.132640334315691e-06
1147.760578523	0.06946737844560417	5.108184736706994e-06
1148.9700206500002	0.06949307711142307	5.0840998565864226e-06
1150.179462777	0.06951872871193451	5.060400412347111e-06
1151.3889049040001	0.06954433333362496	5.037101526413966e-06
1152.598347031	0.06956989106305142	5.014218701415592e-06
1153.807789158	0.06959540198688235	4.991767794750872e-06
1155.017231285	0.06962086619192796	4.969764990558718e-06
1156.226673412	0.06964628376517329	4.948226765678031e-06
1157.4361155390002	0.06967165479381013	4.927169849876232e-06
1158.645557666	0.06969697936526961	4.90661118870872e-06
1159.8549997930002	0.06972225756725285	4.886567897371213e-06
1161.06444192	0.06974748948775837	4.867057211241714e-06
1162.2738840470001	0.06977267521510719	4.848096434561373e-06
1163.483326174	0.06979781483796901	4.829702885813502e-06
1164.6927683010001	0.06982290844538117	4.811893839169257e-06
1165.902210428	0.06984795612676857	4.794686463433077e-06
1167.111652555	0.06987295797195611	4.77809775881829e-06
1168.321094682	0.06989791407118158	4.762144491447108e-06
1169.530536809	0.06992282451510327	4.746843127013254e-06
1170.7399789360002	0.06994768939480221	4.732209761809739e-06
1171.949421063	0.06997250880178163	4.718260052603985e-06
1173.1588631900001	0.06999728282796595	4.705009147433279e-06
1174.368305317	0.07002201156569031	4.692471616812842e-06
1175.5777474440001	0.07004669510768759	4.680661382036421e-06
1176.787189571	0.07007133354707394	4.669591649371913e-06
1177.996631698	0.07009592697732689	4.659274840650751e-06
1179.206073825	0.07012047549226448	4.649722528869764e-06
1180.415515952	0.07014497918601599	4.6409453741578975e-06
1181.6249580790002	0.0701694381529922	4.632953064432568e-06
1182.834400206	0.07019385248785193	4.625754254742465e-06
1184.0438423330002	0.0702182222854641	4.619356517483227e-06
1185.25328446	0.07024254764087104	4.6137662871861185e-06
1186.4627265870001	0.07026682864924645	4.608988816842312e-06
1187.672168714	0.07029106540585146	4.605028134765252e-06
1188.881610841	0.07031525800599055	4.601887007313809e-06
1190.091052968	0.07033940654496641	4.599566905549587e-06
1191.300495095	0.07036351111803041	4.598067979022054e-06
1192.5099372220002	0.07038757182033747	4.597389031376361e-06
1193.719379349	0.07041158874689676	4.597527505441774e-06
1194.9288214760002	0.0704355619925243	4.5984794696789105e-06
1196.138263603	0.0704594916517951	4.600239614124434e-06
1197.3477057300001	0.07048337781899772	4.602801249772728e-06
1198.557147857	0.07050722058808659	4.606156311688732e-06
1199.7665899840001	0.07053102005263753	4.610295371128775e-06
1200.976032111	0.0705547763058056	4.615207652402874e-06
1202.185474238	0.0705784894402846	4.62088105373579e-06
1203.394916365	0.07060215954826508	4.627302174090927e-06
1204.604358492	0.07062578672139984	4.6344563449533986e-06
1205.8138006190002	0.07064937105076802	4.642327666245894e-06
1207.023242746	0.07067291262684336	4.65089904917996e-06
1208.2326848730002	0.07069641153946396	4.660152261470359e-06
1209.442127	0.07071986787780561	4.670067975922237e-06
