0.0	0.0	0.0
1.209442127	4.784207724322376e-06	1.465481866733291e-10
2.418884254	1.9153608501985427e-05	4.1551207927596106e-11
3.6283263810000004	4.316062469671794e-05	-1.2427393130131103e-10
4.837768508	7.689410047072703e-05	-2.2206101767383768e-10
6.047210635000001	0.0001204759342962636	-4.4073848742780766e-10
7.256652762000001	0.00017405742062975084	-6.650745901709736e-10
8.466094889	0.00023781362200789652	-9.091195905836578e-10
9.675537016	0.0003119371948633647	-1.1508133193947358e-09
10.884979143	0.0003966310963033843	-1.3976593083354342e-09
12.094421270000002	0.000492100720163745	-1.6473430141198944e-09
13.303863397	0.0005985455191994584	-1.897703234137881e-09
14.513305524000002	0.0007161503668363134	-2.1334442319739847e-09
15.722747651	0.0008450768527295757	-2.3517758934566277e-09
16.932189778	0.0009854547438833182	-2.5445363808088544e-09
18.141631905	0.0011373737836380532	-2.713093360463173e-09
19.351074032	0.0013008760055230443	-2.8780516740805244e-09
20.560516159000002	0.0014759487812462451	-3.082317666858869e-09
21.769958286	0.0016625187194346954	-3.4248657972477003e-09
22.979400413	0.0018604465536748924	-4.081597072684084e-09
24.188842540000003	0.0020695231927935283	-5.2870476630342314e-09
25.398284667000002	0.002289467051502855	-7.246939694610421e-09
26.607726794	0.0025199226013310006	-1.0059784623798768e-08
27.817168921	0.0027604601120582695	-1.375819087833453e-08
29.026611048000003	0.0030105767433390163	-1.8321735561692335e-08
30.236053175000002	0.003269698958027569	-2.3583868016741506e-08
31.445495302	0.003537186231995241	-2.9139127141506298e-08
32.654937429	0.003812336045131852	-3.446358226116084e-08
33.864379556	0.0040943898381267186	-3.929721987258341e-08
35.073821683000006	0.004382539675359665	-4.376838094907542e-08
36.28326381	0.004675935824537304	-4.81152639797921e-08
37.492705937000004	0.004973695204951975	-5.24689167113118e-08
38.702148064	0.005274910382596254	-5.681448993963185e-08
39.911590191	0.005578658901677314	-6.101091922360072e-08
41.121032318000005	0.005884012807296125	-6.480956205113796e-08
42.330474445	0.0061900482106189165	-6.786510622693566e-08
43.539916572	0.006495854742007829	-6.974506227560691e-08
44.749358699000005	0.006800544738178015	-6.994411889642922e-08
45.958800826	0.0071032620165148545	-6.79045944684254e-08
47.168242953000004	0.0074031901053423135	-6.303902524188188e-08
48.377685080000006	0.007699559817922748	-5.475107552402113e-08
49.587127207	0.007991656073225285	-4.245401796612257e-08
50.796569334000004	0.008278823879864294	-2.5587042952618773e-08
52.00601146100001	0.008560473415011	-3.628886636197958e-09
53.215453588	0.008836084147427403	2.3892277967057313e-08
54.424895715000005	0.009105207971502565	5.7393576435945036e-08
55.634337842	0.009367471336629043	9.72372617911452e-08
56.843779969	0.009622576373248612	1.4373574571394023e-07
58.053222096000006	0.009870301033292459	1.971617515143619e-07
59.262664223	0.010110498278345505	2.577634791689288e-07
60.472106350000004	0.010343094363327306	3.257846918345439e-07
61.68154847700001	0.010568086276658001	4.01489627130365e-07
62.890990604	0.01078553840945131	4.851923652444058e-07
64.100432731	0.01099557853612678	5.772896611560879e-07
65.309874858	0.011198393196668896	6.782952451434678e-07
66.519316985	0.011394222576455918	7.888723264029093e-07
67.728759112	0.011583354982981173	9.098597953784686e-07
68.93820123900001	0.011766121019826006	1.0422868162290225e-06
70.14764336600001	0.011942887556970868	1.1873707119918201e-06
71.357085493	0.012114051592946354	1.34649479306237e-06
72.56652762	0.012280034099043585	1.521166141389063e-06
73.775969747	0.012441273929602994	1.7129574443918499e-06
74.98541187400001	0.01259822187644313	1.9234397273237664e-06
76.19485400100001	0.012751334940316612	2.1541120719110607e-06
77.404296128	0.012901070887037345	2.4063294197960117e-06
78.613738255	0.013047883148286055	2.6812224193822507e-06
79.823180382	0.013192216114485974	2.9795982040892697e-06
81.032622509	0.013334500848572454	3.3018123462945875e-06
82.24206463600001	0.013475151227776533	3.6476129698667383e-06
83.45150676300001	0.013614560503587721	4.0159787883310974e-06
84.66094889	0.01375309827101493	4.404999752677259e-06
85.870391017	0.013891107869582735	4.811869442788355e-06
87.079833144	0.01402890429635092	5.2330506026781635e-06
88.28927527100001	0.014166772759667394	5.664622134650656e-06
89.49871739800001	0.014304967984700788	6.1027310867403664e-06
90.708159525	0.014443714274556775	6.544009093112833e-06
91.917601652	0.014583206188812398	6.985821920033511e-06
93.127043779	0.014723609620998128	7.4262998429185365e-06
94.33648590600001	0.014865063082097717	7.864186823271152e-06
95.54592803300001	0.015007679086298785	8.298593247442816e-06
96.75537016000001	0.015151545616815006	8.728732885875431e-06
97.964812287	0.015296727687547073	9.153695677848836e-06
99.174254414	0.015443269016991314	9.572279238193922e-06
100.383696541	0.015591193815740341	9.982883056997863e-06
101.59313866800001	0.015740508673552485	1.0383458820159807e-05
102.80258079500001	0.015891204521429482	1.0771504811682513e-05
104.01202292200001	0.01604325863796905	1.1144090524489963e-05
105.221465049	0.016196636666002285	1.149789906303387e-05
106.430907176	0.016351294604743615	1.1829278724077811e-05
107.64034930300001	0.016507180744340468	1.2134299525257096e-05
108.84979143000001	0.01666423751344541	1.2408813887561283e-05
110.05923355700001	0.016822403215385105	1.2648522401190385e-05
111.268675684	0.016981613633671032	1.2849045863228608e-05
112.478117811	0.01714180349235329	1.300600409743947e-05
113.687559938	0.01730290776070058	1.3115101031366496e-05
114.89700206500001	0.017464862795041836	1.3172214471168256e-05
116.10644419200001	0.017627607313374618	1.3173488198993963e-05
117.31588631900001	0.017791083200852896	1.311542348528279e-05
118.525328446	0.01795523614656784	1.2994966900489017e-05
119.734770573	0.018120016114254223	1.280959139184222e-05
120.94421270000001	0.018285377651716415	1.2557367839237684e-05
122.15365482700001	0.01845128004586613	1.2237024644496055e-05
123.36309695400001	0.01861768733237321	1.184799317650032e-05
124.572539081	0.018784568171105857	1.1390437170650288e-05
125.781981208	0.01895189560080261	1.086526444864011e-05
126.99142333500001	0.019119646688784672	1.0274119909078504e-05
128.200865462	0.019287802093659767	9.619359729349292e-06
129.410307589	0.01945634556051578	8.904008153806008e-06
130.619749716	0.019625263368541573	8.131699829724635e-06
131.82919184300002	0.01979454375018967	7.306611852316152e-06
133.03863397	0.019964176299083498	6.4333901412359154e-06
134.24807609700002	0.020134151381440254	5.517074319354808e-06
135.457518224	0.020304459563341887	4.563024200205395e-06
136.666960351	0.0204750910641143	3.5768497410731346e-06
137.87640247800002	0.020646035244421834	2.564345205938873e-06
139.085844605	0.020817280136292485	1.5314275332121749e-06
140.29528673200002	0.020988812021064694	4.840784715240569e-07
141.504728859	0.021160615060076632	-5.717101281654654e-07
142.714170986	0.021332670981779624	-1.6299884450526007e-06
143.92361311300002	0.021504958827901932	-2.6848986798420713e-06
145.13305524	0.021677454760313818	-3.7307230818019563e-06
146.34249736700002	0.021850131929386993	-4.761929847422202e-06
147.551939494	0.022022960403884184	-5.773216394747479e-06
148.761381621	0.022195907161733412	-6.759549213673446e-06
149.97082374800002	0.022368936140356083	-7.716199319005422e-06
151.180265875	0.022542008344501534	-8.638772338945681e-06
152.38970800200002	0.022715082008697856	-9.523232472191828e-06
153.599150129	0.02288811281053402	-1.036591986284109e-05
154.808592256	0.02306105413002361	-1.1163561371522743e-05
156.018034383	0.02323385734943457	-1.1913275076449074e-05
157.22747651	0.023406472187232408	-1.2612569117459032e-05
158.43691863700002	0.02357884705928512	-1.3259335635572393e-05
159.646360764	0.023750929460209996	-1.3851840578753579e-05
160.85580289100002	0.023922666357726628	-1.4388710103935836e-05
162.065245018	0.024094004593055805	-1.4868914244016654e-05
163.274687145	0.024264891280743533	-1.5291748478857787e-05
164.48412927200002	0.024435274201762548	-1.5656813848775793e-05
165.693571399	0.02460510218432377	-1.5963996275154374e-05
166.90301352600002	0.024774325467466298	-1.621344580023804e-05
168.112455653	0.024942896043176073	-1.640555647111844e-05
169.32189778	0.025110767973476167	-1.6540947581424582e-05
170.53133990700002	0.02527789767955428	-1.6620446896962372e-05
171.740782034	0.025444244200548645	-1.6645076318419955e-05
172.95022416100002	0.02560976942006649	-1.661604018981225e-05
174.159666288	0.025774438258802768	-1.6534716090899415e-05
175.369108415	0.02593821883192399	-1.640264757692322e-05
176.57855054200002	0.026101082570147604	-1.6221537967910636e-05
177.787992669	0.026263004303877152	-1.5993244038075014e-05
178.99743479600002	0.026423962310361145	-1.571976843607966e-05
180.206876923	0.026583938324644774	-1.540324984750875e-05
181.41631905	0.026742917515964644	-1.5045950339679429e-05
182.62576117700002	0.026900888432072452	-1.465023981923073e-05
183.835203304	0.02705784291460994	-1.4218578051203136e-05
185.04464543100002	0.027213775989037695	-1.3753495051918196e-05
186.254087558	0.027368685732730245	-1.3257570853172567e-05
187.46352968500003	0.027522573124748356	-1.2733415629285442e-05
188.67297181200001	0.027675441880583053	-1.2183651026573093e-05
189.882413939	0.02782729827490156	-1.1610893300004918e-05
191.09185606600002	0.02797815095506945	-1.1017738584363328e-05
192.301298193	0.02812801074801027	-1.0406750400245776e-05
193.51074032000002	0.028276890462792997	-9.780449289361523e-06
194.720182447	0.028424804691206607	-9.141304342898113e-06
195.929624574	0.02857176960848319	-8.49172631901322e-06
197.13906670100002	0.02871780277620836	-7.834061992772496e-06
198.348508828	0.028862922949342375	-7.170589413568088e-06
199.55795095500002	0.029007149889110254	-6.503513759613943e-06
200.767393082	0.029150504183307047	-5.834963585155384e-06
201.976835209	0.029293007075345528	-5.166987336979155e-06
203.18627733600002	0.029434680303130102	-4.5015501446729565e-06
204.395719463	0.029575545948598212	-3.840530998372674e-06
205.60516159000002	0.029715626298584815	-3.185720501062999e-06
206.814603717	0.02985494371745594	-2.538819417515756e-06
208.02404584400003	0.02999352053180905	-1.9014382114268791e-06
209.23348797100002	0.03013137892737626	-1.27509768727656e-06
210.442930098	0.030268540858100074	-6.612307505614357e-07
211.65237222500002	0.030405027967203107	-6.118518498472851e-08
212.861814352	0.03054086151988683	5.237727510759562e-07
214.07125647900003	0.03067606234715838	1.0924541730763668e-06
215.28069860600002	0.030810650800125673	1.6437431630788692e-06
216.490140733	0.030944646713995952	2.1765923782843686e-06
217.69958286000002	0.031078069380931717	2.6900189290786415e-06
218.909024987	0.031210937530875817	3.1831007148943163e-06
220.11846711400003	0.03134326931945723	3.654973348324607e-06
221.32790924100001	0.03147508232209966	4.104827742550089e-06
222.537351368	0.03160639353350545	4.5319083902508665e-06
223.74679349500002	0.03173721937172209	4.935512334653077e-06
224.956235622	0.03186757568605771	5.31498880535373e-06
226.16567774900003	0.03199747776813683	5.669739491082751e-06
227.375119876	0.03212694036543604	5.999219408886735e-06
228.584562003	0.03225597769665809	6.302938328747238e-06
229.79400413000002	0.03238460346833763	6.5804626940122425e-06
231.003446257	0.03251283089211469	6.831417970830481e-06
232.21288838400002	0.03264067270215615	7.0554913136525455e-06
233.422330511	0.0327681411722786	7.252434416490792e-06
234.63177263800003	0.03289524813240036	7.42206637124233e-06
235.84121476500002	0.03302200498404816	7.564276369355229e-06
237.050656892	0.03314842271472637	7.679026046512968e-06
238.26009901900002	0.033274511911027954	7.766351322219744e-06
239.469541146	0.03340028277046308	7.82636360807169e-06
240.67898327300003	0.03352574511199839	7.859250318678622e-06
241.88842540000002	0.033650908385371346	7.865274658205218e-06
243.097867527	0.03377578167924221	7.844774716816589e-06
244.30730965400002	0.03390037372828581	7.798161926941574e-06
245.516751781	0.03402469291933491	7.725918968948142e-06
246.72619390800003	0.03414874729668698	7.628597219234343e-06
247.93563603500002	0.0342725445667116	7.5068138406643755e-06
249.145078162	0.03439609210189036	7.361248605397339e-06
250.35452028900002	0.0345193969444206	7.192640541309061e-06
251.563962416	0.03464246580951915	7.0017844704959e-06
252.77340454300003	0.034765305088537944	6.789527502375264e-06
253.98284667000001	0.03488792085200097	6.556765512163436e-06
255.192288797	0.035010318852653696	6.304439619135218e-06
256.401730924	0.03513250452860897	6.0335326649721e-06
257.61117305100004	0.03525448300667022	5.745065665618479e-06
258.820615178	0.035376259105907415	5.4400942020251405e-06
260.030057305	0.03549783734157354	5.119704726042223e-06
261.239499432	0.03561922192943151	4.785010752012422e-06
262.448941559	0.03574041679057697	4.437148920821383e-06
263.65838368600004	0.0358614255568102	4.077274949675607e-06
264.867825813	0.0359822515766112	3.706559483028354e-06
266.07726794	0.03610289792173979	3.326183881696333e-06
267.286710067	0.036223367394468235	2.9373359968359274e-06
268.49615219400005	0.036343662535428645	2.5412059747654685e-06
269.70559432100004	0.03646378563204195	2.1389821434280315e-06
270.915036448	0.03658373872747736	1.731847022842383e-06
272.124478575	0.03670352363008151	1.3209735089292724e-06
273.333920702	0.03682314192320094	9.075212549466946e-07
274.54336282900005	0.036942594975325906	4.926332845023813e-07
275.75280495600003	0.03706188395046636	7.743285576864927e-08
276.962247083	0.03718100981867708	-3.369794158920769e-07
278.17168921	0.03729997336664698	-7.495281623842389e-07
279.381131337	0.037418775208260514	-1.159165602096259e-06
280.59057346400004	0.03753741579506198	-1.564873611164962e-06
281.80001559100003	0.03765589542652691	-1.9656655459897905e-06
283.009457718	0.037774214260079535	-2.3605878181592993e-06
284.218899845	0.03789237232077739	-2.748721248218083e-06
285.428341972	0.03801036951060814	-3.129182215644446e-06
286.63778409900004	0.038128205617339185	-3.501123618045878e-06
287.84722622600003	0.038245880322871746	-3.86373567146984e-06
289.056668353	0.038363393211064314	-4.216246567035176e-06
290.26611048	0.038480743774991395	-4.557923006830365e-06
291.475552607	0.038597931423620356	-4.888070642474622e-06
292.68499473400004	0.038714955487890196	-5.206034433636032e-06
293.89443686100003	0.038831815226185104	-5.5111989445675555e-06
295.103878988	0.0389485098292195	-5.802988596283162e-06
296.313321115	0.03906503842433255	-6.080867888448236e-06
297.522763242	0.03918140007922588	-6.344341600825643e-06
298.73220536900004	0.03929759380516039	-6.592954983069844e-06
299.94164749600003	0.03941361855965776	-6.826293939885156e-06
301.151089623	0.039529473248738185	-7.043985215406707e-06
302.36053175	0.039645156728743566	-7.245696577045411e-06
303.569973877	0.03976066780779455	-7.431136992954755e-06
304.77941600400004	0.03987600524693297	-7.600056808432453e-06
305.98885813100003	0.03999116776100576	-7.752247907159942e-06
307.198300258	0.04010615401934744	-7.887543852376178e-06
308.407742385	0.04022096264631584	-8.00581999649173e-06
309.617184512	0.04033559222173725	-8.106993556155787e-06
310.82662663900004	0.04045004128132459	-8.191023630175726e-06
312.036068766	0.0405643083171085	-8.257911158301545e-06
313.245510893	0.04067839177794669	-8.307698803545755e-06
314.45495302	0.040792290070151456	-8.340470749260153e-06
315.664395147	0.04090600155827683	-8.356352397566134e-06
316.87383727400004	0.04101952456611836	-8.35550996259191e-06
318.083279401	0.041132857377941624	-8.338149941691027e-06
319.292721528	0.04124599823998821	-8.304518467672465e-06
320.502163655	0.04135894536226288	-8.25490052249267e-06
321.71160578200005	0.041471696920642384	-8.189619019201795e-06
322.92104790900004	0.0415842510592986	-8.109033742476442e-06
324.130490036	0.04169660589345774	-8.013540143075818e-06
325.339932163	0.041808759512486623	-7.903567997157887e-06
326.54937429	0.041920709983306874	-7.779579922072023e-06
327.75881641700005	0.04203245535412654	-7.642069756761803e-06
328.96825854400004	0.042143993658471685	-7.491560811503795e-06
330.177700671	0.04225532291950232	-7.328603996855044e-06
331.387142798	0.042366441154587306	-7.153775833170408e-06
332.596584925	0.04247734638010635	-6.967676362061316e-06
333.80602705200005	0.04258803661645494	-6.770926959827611e-06
335.01546917900004	0.04269850989321367	-6.564168068119363e-06
336.224911306	0.04280876425444753	-6.348056862475287e-06
337.434353433	0.04291879776409629	-6.123264859191752e-06
338.64379556	0.04302860851141685	-5.890475485231218e-06
339.85323768700005	0.04313819461643805	-5.650381620481549e-06
341.06267981400003	0.043247554235386475	-5.403683130693211e-06
342.272121941	0.04335668556604637	-5.151084397170246e-06
343.481564068	0.04346558685301102	-4.8932918694777955e-06
344.691006195	0.043574256392787586	-4.63101164083998e-06
345.90044832200005	0.04368269253872799	-4.364947074783858e-06
347.10989044900003	0.0437908937057382	-4.09579648202532e-06
348.319332576	0.043898858374743666	-3.82425086482491e-06
349.528774703	0.04400658509688016	-3.5509917416338813e-06
350.73821683	0.044114072497380745	-3.276689059869038e-06
351.94765895700004	0.044221319279142635	-3.0019992033994637e-06
353.15710108400003	0.04432832422594309	-2.727563104833002e-06
354.366543211	0.04443508620529954	-2.4540044728440334e-06
355.575985338	0.0445416041709528	-2.181928132393198e-06
356.785427465	0.044647877164967105	-1.9119184909506177e-06
357.99486959200004	0.044753904319436065	-1.6445381261337828e-06
359.20431171900003	0.04485968485779978	-1.3803265061625697e-06
360.413753846	0.04496521809576171	-1.1197988371243846e-06
361.623195973	0.04507050344181595	-8.634450418533156e-07
362.8326381	0.045175540397387394	-6.117288698983809e-07
364.04208022700004	0.045280328556593565	-3.6508713843063747e-07
365.25152235400003	0.04538486760563768	-1.239290967593005e-07
366.460964481	0.04548915732184637	1.1136407595678764e-07
367.670406608	0.045593197572365816	3.404396579841232e-07
368.87984873500005	0.04569698831253549	5.629736471402556e-07
370.08929086200004	0.045800529583951616	7.786709085291343e-07
371.29873298900003	0.04590382151224503	9.872652144308974e-07
372.508175116	0.046006864304590216	1.1885191734640554e-06
373.717617243	0.04610965824696971	1.3822240609883215e-06
374.92705937000005	0.04621220370120798	1.5681995493811985e-06
376.13650149700004	0.046314501101807376	1.7462933531028229e-06
377.34594362400003	0.046416550952596544	1.916380781524449e-06
378.555385751	0.04651835382322224	2.078364215974345e-06
379.764827878	0.046619910345502114	2.232172511579156e-06
380.97427000500005	0.0467212212096609	2.3777603277701483e-06
382.18371213200004	0.04682228716046717	2.5151073961608448e-06
383.393154259	0.046923108993298546	2.6442177325351944e-06
384.602596386	0.04702368755014902	2.7651187920699492e-06
385.812038513	0.04712402371559962	2.8778605799818148e-06
387.02148064000005	0.04722411841276868	2.9825147164946595e-06
388.23092276700004	0.04732397259926352	3.079173468576149e-06
389.440364894	0.04742358726314293	3.167948745992141e-06
390.649807021	0.0475229634189138	3.248971068653555e-06
391.859249148	0.04762210210356755	3.322388513187236e-06
393.06869127500005	0.04772100437267976	3.388365637969325e-06
394.27813340200004	0.04781967129657939	3.447082394619824e-06
395.487575529	0.047918103956596514	3.498733029022996e-06
396.697017656	0.04801630344140933	3.543524975451554e-06
397.906459783	0.048114270843489126	3.581677745874831e-06
399.11590191000005	0.048212007255661944	3.6134218220543195e-06
400.32534403700004	0.0483095137677857	3.6389975507353695e-06
401.534786164	0.04840679146356093	3.658654045983169e-06
402.744228291	0.04850384141746972	3.6726481027487335e-06
403.953670418	0.04860066469185925	3.6812431232912996e-06
405.16311254500005	0.04869726233416781	3.6847080615587592e-06
406.37255467200004	0.04879363537430256	3.683316385693216e-06
407.581996799	0.048889784822170074	3.6773450622535882e-06
408.791438926	0.04898571166536315	3.6670735655674275e-06
410.000881053	0.049081416867006684	3.652782913372062e-06
411.21032318000005	0.04917690136376546	3.634754732589972e-06
412.41976530700003	0.049272166064014064	3.613270355503904e-06
413.629207434	0.04936721184617059	3.588609947504481e-06
414.838649561	0.04946203955719411	3.561051672730009e-06
416.04809168800006	0.04955665001124625	3.5308708933437884e-06
417.25753381500004	0.04965104398851454	3.498339409784724e-06
418.46697594200003	0.04974522223419985	3.4637247353511553e-06
419.676418069	0.04983918545766215	3.427289417678176e-06
420.885860196	0.049932934331727484	3.389290394375957e-06
422.09530232300006	0.05002646949214682	3.3499783997740223e-06
423.30474445000004	0.05011979153721417	3.3095974065246795e-06
424.51418657700003	0.050212901027527124	3.268384115607055e-06
425.723628704	0.05030579848590158	3.2265674879427583e-06
426.933070831	0.05039848439742332	3.184368322319773e-06
428.14251295800005	0.05049095920963935	3.1419988739508235e-06
429.35195508500004	0.05058322333288118	3.0996625199709783e-06
430.56139721200003	0.050675277140719115	3.0575534703512935e-06
431.770839339	0.050767120970535866	3.0158565160075653e-06
432.980281466	0.05085875512422021	2.974746823852986e-06
434.18972359300005	0.05095017986896944	2.934389772915233e-06
435.39916572000004	0.05104139543819816	2.894940832220245e-06
436.60860784700003	0.0511324020325433	2.856545475816947e-06
437.818049974	0.05122319982096624	2.8193391375603553e-06
439.027492101	0.05131378894193435	2.7834472039419177e-06
440.23693422800005	0.051404169504683496	2.74898504421425e-06
441.44637635500004	0.051494341590551	2.716058068083959e-06
442.65581848200003	0.05158430525437507	2.6847618245127973e-06
443.865260609	0.05167406052594819	2.6551821259430957e-06
445.074702736	0.05176360741152052	2.6273952032685858e-06
446.28414486300005	0.05185294589535024	2.601467886383453e-06
447.49358699000004	0.05194207594128143	2.577457813194506e-06
448.703029117	0.052030997494360146	2.555413657017935e-06
449.912471244	0.05211971048246417	2.535375379745787e-06
451.121913371	0.05220821481795174	2.517374503234969e-06
452.33135549800005	0.05229651039931708	2.5014343941107783e-06
453.54079762500004	0.0523845971128487	2.4875705701600273e-06
454.750239752	0.05247247483428089	2.475791013350436e-06
455.959681879	0.05256014343043618	2.466096499699358e-06
457.169124006	0.05264760276085352	2.4584809341328685e-06
458.37856613300005	0.05273485267938817	2.452931697155323e-06
459.58800826000004	0.052821893035791684	2.4494299929406154e-06
460.797450387	0.05290872367725369	2.4479512043039655e-06
462.006892514	0.05299534444991548	2.448465250057775e-06
463.216334641	0.05308175520032937	2.4509369414775146e-06
464.42577676800005	0.0531679557768864	2.4553263394091452e-06
465.63521889500004	0.053253946031189464	2.4615891089571482e-06
466.844661022	0.05333972581937375	2.4696768718754974e-06
468.054103149	0.05342529500337378	2.479537553589405e-06
469.26354527600006	0.053510653452135126	2.4911157245010526e-06
470.47298740300005	0.05359580104276349	2.504352935529117e-06
471.68242953000004	0.0536807376616145	2.5191880451044236e-06
472.891871657	0.0537654632053188	2.5355575400255415e-06
474.101313784	0.05384997758174579	2.5533958454527006e-06
475.31075591100006	0.05393428071089929	2.5726356262853785e-06
476.52019803800005	0.05401837252574823	2.593208078859681e-06
477.72964016500003	0.054102252972992135	2.615043211342967e-06
478.939082292	0.05418592201376137	2.6380701155274185e-06
480.148524419	0.054269379624247806	2.6622172231371545e-06
481.35796654600006	0.05435262579627139	2.6874125568166623e-06
482.56740867300005	0.05443566053778716	2.713583966183235e-06
483.77685080000003	0.05451848387331918	2.7406593514386994e-06
484.986292927	0.05460109584434008	2.768566878607786e-06
486.195735054	0.054683496509582735	2.7972351817844564e-06
487.40517718100006	0.05476568594529657	2.826593554345312e-06
488.61461930800004	0.05484766424544326	2.856572129459689e-06
489.82406143500003	0.054929431521833987	2.8871020468176763e-06
491.033503562	0.05501098790421672	2.9181156128064554e-06
492.242945689	0.05509233354030805	2.9495464466126873e-06
493.45238781600005	0.055173468595770415	2.9813296166491224e-06
494.66182994300004	0.05525439325414917	3.013401767599987e-06
495.87127207000003	0.055335107716754664	3.0457012361158654e-06
497.080714197	0.05541561220250599	3.0781681570926447e-06
498.290156324	0.05549590694773084	3.110744561185405e-06
499.49959845100005	0.055575992205924504	3.143374461046189e-06
500.70904057800004	0.055655868247473476	3.1760039314650115e-06
501.91848270500003	0.05573553535934562	3.208581176364493e-06
503.127924832	0.05581499384474301	3.2410565925803686e-06
504.337366959	0.055894244022728766	3.273382819485435e-06
505.54680908600005	0.05597328622782469	3.3055147852384827e-06
506.75625121300004	0.05605212080958333	3.3374097425715266e-06
507.96569334000003	0.0561307481321345	3.3690272979190884e-06
509.175135467	0.0562091685737153	3.400329431867397e-06
510.384577594	0.05628738252617673	3.431280513737815e-06
511.59401972100005	0.05636539039447649	3.4618473072454183e-06
512.803461848	0.056443192596152436	3.4919989734682828e-06
514.0129039750001	0.05652078956078923	3.52170706124725e-06
515.2223461020001	0.056598181729469156	3.550945497005323e-06
516.4317882290001	0.056675369554214296	3.5796905633266633e-06
517.641230356	0.056752353497423226	3.6079208749409523e-06
518.850672483	0.0568291340313017	3.635617348061097e-06
520.06011461	0.056905711637286346	3.66276316409959e-06
521.269556737	0.05698208680547043	3.6893437283919215e-06
522.478998864	0.05705826003402408	3.715346621997949e-06
523.688440991	0.057134231828618286	3.740761551321051e-06
524.897883118	0.05721000270184945	3.7655802927050563e-06
526.1073252450001	0.05728557317266828	3.789796630166739e-06
527.3167673720001	0.057360943765809046	3.813406293401353e-06
528.5262094990001	0.057436115011232095	3.836406887969308e-06
529.735651626	0.05751108744356637	3.858797823133662e-06
530.945093753	0.0575858616015613	3.880580239177138e-06
532.15453588	0.05766043802755117	3.9017569278231515e-06
533.363978007	0.05773481726692663	3.92233225264093e-06
534.573420134	0.05780899986761756	3.942312064985823e-06
535.782862261	0.05788298637958715	3.96170362321114e-06
536.9923043880001	0.05795677735434085	3.980515501061366e-06
538.2017465150001	0.05803037334444582	3.99875750293897e-06
539.4111886420001	0.05810377490306699	4.016440575505436e-06
540.6206307690001	0.0581769825835169	4.033576714191608e-06
541.830072896	0.05824999693881907	4.050178879148486e-06
543.039515023	0.05832281852129052	4.06626089905153e-06
544.24895715	0.05839544788213773	4.081837383646678e-06
545.458399277	0.05846788557106997	4.096923633527675e-06
546.667841404	0.05854013213593052	4.1115355498484395e-06
547.877283531	0.05861218812234375	4.125689548113563e-06
549.0867256580001	0.05868405407337967	4.139402469830726e-06
550.2961677850001	0.05875573052923804	4.152691496111991e-06
551.5056099120001	0.05882721802694813	4.1655740658355665e-06
552.715052039	0.058898517100086555	4.178067792498594e-06
553.924494166	0.058969628278515276	4.1901903848960185e-06
555.133936293	0.05904055208813082	4.2019595687545366e-06
556.34337842	0.05911128905064264	4.213393013691025e-06
557.552820547	0.059181839683357926	4.22450826013986e-06
558.762262674	0.05925220449899025	4.235322649623305e-06
559.971704801	0.05932238400548512	4.245853259723374e-06
561.1811469280001	0.059392378705858534	4.256116840696149e-06
562.3905890550001	0.05946218909805792	4.266129754170629e-06
563.6000311820001	0.05953181567483821	4.275907919493581e-06
564.809473309	0.05960125892364974	4.285466758431369e-06
566.018915436	0.059670519326549716	4.294821145401321e-06
567.228357563	0.05973959736012346	4.303985364127345e-06
568.43779969	0.059808493495422575	4.312973062455222e-06
569.647241817	0.059877208197919855	4.321797214384986e-06
570.856683944	0.05994574192747579	4.330470085477317e-06
572.066126071	0.060014095138319984	4.339003199930873e-06
573.2755681980001	0.06008226827904595	4.347407313697948e-06
574.4850103250001	0.06015026179262152	4.355692389110997e-06
575.6944524520001	0.06021807611640596	4.363867575558913e-06
576.903894579	0.060285711682185356	4.371941189616455e-06
578.113336706	0.06035316891621261	4.379920703588163e-06
579.322778833	0.06042044823926551	4.3878127326240504e-06
580.53222096	0.06048755006670981	4.395623031089527e-06
581.741663087	0.06055447480857454	4.40335648478124e-06
582.951105214	0.06062122286963437	4.411017112558617e-06
584.160547341	0.060687794649502635	4.418608069146862e-06
585.3699894680001	0.06075419054273129	4.426131649640198e-06
586.5794315950001	0.0608204109389188	4.433589299180462e-06
587.7888737220001	0.060886456222823494	4.440981625068248e-06
588.998315849	0.060952326774486955	4.448308410659662e-06
590.207757976	0.061018022969356545	4.4555686315522684e-06
591.417200103	0.061083545178418915	4.462760478275377e-06
592.62664223	0.061148893768337334	4.469881376527285e-06
593.836084357	0.0612140691015901	4.476928014328277e-06
595.045526484	0.0612790715366152	4.483896367938e-06
596.2549686110001	0.06134390142795826	4.490781733571306e-06
597.4644107380001	0.0614085591264205	4.49757875739346e-06
598.6738528650001	0.06147304497921044	4.504281471069625e-06
599.8832949920001	0.06153735933009899	4.51088332855564e-06
601.092737119	0.06160150251957155	4.517377242915165e-06
602.302179246	0.06166547488498437	4.523755627187465e-06
603.511621373	0.061729276760720105	4.530010436448254e-06
604.7210635	0.0617929084783434	4.53613320957405e-06
605.930505627	0.06185637036675692	4.542115116024713e-06
607.139947754	0.061919662752352125	4.547946999621646e-06
608.3493898810001	0.06198278595916693	4.553619428115045e-06
609.5588320080001	0.06204574030903333	4.559122739318404e-06
610.7682741350001	0.062108526121732094	4.56444709146895e-06
611.9777162620001	0.06217114371513645	4.569582513654346e-06
613.187158389	0.06223359340536055	4.574518954702637e-06
614.396600516	0.06229587550690214	4.579246337476446e-06
615.606042643	0.06235799033278402	4.583754607017847e-06
616.81548477	0.06241993819469036	4.5880337840010415e-06
618.024926897	0.0624817194031031	4.592074016992912e-06
619.234369024	0.06254333426743304	4.595865633068376e-06
620.4438111510001	0.06260478309614803	4.5993991902417646e-06
621.6532532780001	0.06266606619689756	4.6026655279465966e-06
622.8626954050001	0.06272718387663608	4.6056558169126615e-06
624.072137532	0.06278813644173939	4.60836161086456e-06
625.281579659	0.0628489241981173	4.610774893806365e-06
626.491021786	0.06290954745132622	4.612888127341699e-06
627.700463913	0.06297000650667427	4.614694300213297e-06
628.90990604	0.0630303016693245	4.616186970830849e-06
630.119348167	0.06309043324439503	4.617360312030435e-06
631.328790294	0.06315040153705143	4.618209153621992e-06
632.5382324210001	0.06321020685259995	4.618729021567083e-06
633.7476745480001	0.06326984949657344	4.618916178330192e-06
634.9571166750001	0.06332932977481613	4.618767658586235e-06
636.166558802	0.06338864799356234	4.618281301551349e-06
637.376000929	0.06344780445951358	4.61745578694171e-06
638.585443056	0.06350679947990846	4.616290660884718e-06
639.794885183	0.06356563336259345	4.6147863630007005e-06
641.00432731	0.06362430641608634	4.612944253907629e-06
642.213769437	0.0636828189496381	4.610766633344437e-06
643.4232115640001	0.0637411712732906	4.608256760034433e-06
644.6326536910001	0.06379936369793035	4.605418868342214e-06
645.8420958180001	0.06385739653534057	4.602258180168653e-06
647.0515379450001	0.06391527009824703	4.598780915626013e-06
648.260980072	0.06397298470036249	4.594994298865722e-06
649.470422199	0.06403054065642735	4.590906561235843e-06
650.679864326	0.0640879382822496	4.586526943180286e-06
651.889306453	0.0641451778947351	4.581865689827963e-06
653.09874858	0.06420225981192303	4.576934046357161e-06
654.308190707	0.06425918435301121	4.571744246698403e-06
655.5176328340001	0.06431595183838262	4.566309502635505e-06
656.7270749610001	0.06437256258962909	4.56064398679981e-06
657.9365170880001	0.06442901692956803	4.5547628146839545e-06
659.1459592150001	0.06448531518226062	4.54868202156129e-06
660.355401342	0.06454145767302598	4.542418535672086e-06
661.564843469	0.06459744472845214	4.53599015284156e-06
662.774285596	0.06465327667640394	4.529415501995141e-06
663.983727723	0.06470895384602794	4.522714011641412e-06
665.19316985	0.06476447656775718	4.515905873406922e-06
666.402611977	0.06481984517331148	4.5090120001252676e-06
667.6120541040001	0.06487505999569425	4.502053982723189e-06
668.8214962310001	0.0649301213691885	4.495054047127178e-06
670.0309383580001	0.06498502962934984	4.488035004468084e-06
671.2403804850001	0.0650397851129964	4.48102019945612e-06
672.449822612	0.06509438815819875	4.474033461235274e-06
673.659264739	0.06514883910426249	4.467099047824809e-06
674.868706866	0.06520313829171707	4.460241588142704e-06
676.078148993	0.0652572860622884	4.453486027219601e-06
677.28759112	0.06531128275888731	4.446857565567752e-06
678.497033247	0.06536512872558053	4.440381598840259e-06
679.7064753740001	0.06541882430756744	4.434083657132614e-06
680.9159175010001	0.06547236985115279	4.427989343006154e-06
682.1253596280001	0.06552576570371707	4.4221242697541704e-06
683.3348017550001	0.06557901221368562	4.416513996115612e-06
684.544243882	0.06563210973049446	4.411183966397185e-06
685.753686009	0.06568505860455887	4.406159445451531e-06
686.963128136	0.06573785918723234	4.401465459563025e-06
688.172570263	0.06579051183077315	4.397126731505587e-06
689.38201239	0.06584301688830105	4.393167622660716e-06
690.5914545170001	0.06589537471375864	4.389612072695152e-06
691.8008966440001	0.06594758566186829	4.3864835412841e-06
693.0103387710001	0.06599965008808795	4.383804954359751e-06
694.2197808980001	0.06605156834856794	4.381598645688734e-06
695.429223025	0.06610334080010373	4.37988630823591e-06
696.638665152	0.06615496780009004	4.378688942808514e-06
697.848107279	0.06620644970647376	4.3780268091455275e-06
699.057549406	0.06625778687770122	4.377919384890945e-06
700.266991533	0.06630897967267675	4.378385320330468e-06
701.47643366	0.06636002845070851	4.379442400807536e-06
702.6858757870001	0.06641093357145599	4.381107509990605e-06
703.8953179140001	0.06646169539488705	4.3833965982124934e-06
705.1047600410001	0.06651231428121945	4.386324653237047e-06
706.3142021680001	0.06656279059087455	4.389905674149104e-06
707.523644295	0.06661312468442804	4.394152647757412e-06
708.733086422	0.06666331692255537	4.399077531676716e-06
709.942528549	0.06671336766598296	4.404691237440118e-06
711.151970676	0.06676327727543821	4.411003620493816e-06
712.361412803	0.06681304611159922	4.41802347051969e-06
713.57085493	0.06686267453504559	4.4257585086103955e-06
714.7802970570001	0.06691216290620879	4.434215382954124e-06
715.9897391840001	0.0669615115853267	4.443399673578734e-06
717.1991813110001	0.06701072093239038	4.453315897629141e-06
718.4086234380001	0.0670597913071046	4.4639675175618104e-06
719.618065565	0.06710872306883459	4.475356953886715e-06
720.827507692	0.06715751657656753	4.487485600151484e-06
722.036949819	0.06720617218886257	4.500353840794123e-06
723.246391946	0.06725469026381098	4.513961071207496e-06
724.455834073	0.06730307115899568	4.528305720737922e-06
725.6652762	0.06735131523144591	4.543385281181851e-06
726.8747183270001	0.06739942283760228	4.559196332272924e-06
728.0841604540001	0.06744739433327523	4.5757345716890344e-06
729.2936025810001	0.06749523007360987	4.592994849612241e-06
730.5030447080001	0.0675429304130485	4.6109712002784774e-06
731.712486835	0.06759049570529742	4.629656879490885e-06
732.921928962	0.06763792630329464	4.649044398500621e-06
734.131371089	0.06768522255917886	4.669125566142227e-06
735.340813216	0.0677323848242547	4.689891524997575e-06
736.550255343	0.06777941344897101	4.711332792319831e-06
737.7596974700001	0.0678263087828897	4.733439300729225e-06
738.9691395970001	0.06787307117465982	4.756200439347501e-06
740.1785817240001	0.06791970097199614	4.779605095810114e-06
741.3880238510001	0.06796619852165538	4.803641697092719e-06
742.5974659780001	0.06801256416941497	4.828298251241285e-06
743.806908105	0.06805879826005268	4.853562389611631e-06
745.016350232	0.06810490113733365	4.87942140724142e-06
746.225792359	0.06815087314398913	4.905862304110706e-06
747.435234486	0.06819671462170473	4.932871824833163e-06
748.644676613	0.0682424259111033	4.9604364986206355e-06
749.8541187400001	0.06828800735174091	4.988542677597887e-06
751.0635608670001	0.06833345928209034	5.0171765746809196e-06
752.2730029940001	0.06837878203953403	5.046324299131084e-06
753.4824451210001	0.06842397596035961	5.075971893080557e-06
754.6918872480001	0.06846904137975245	5.106105365435638e-06
755.901329375	0.06851397863179129	5.136710724893249e-06
757.110771502	0.06855878804944812	5.167774010657417e-06
758.320213629	0.06860346996458418	5.199281322211312e-06
759.529655756	0.06864802470795311	5.231218850324387e-06
760.739097883	0.06869245260919954	5.263572900023073e-06
761.9485400100001	0.06873675399686434	5.296329919431079e-06
763.1579821370001	0.06878092919838807	5.329476519463065e-06
764.3674242640001	0.06882497854011624	5.362999500079168e-06
765.5768663910001	0.06886890234730716	5.396885868074938e-06
766.786308518	0.06891270094413735	5.43112285402703e-06
767.995750645	0.06895637465371217	5.465697932589203e-06
769.205192772	0.06899992379807571	5.500598835254038e-06
770.414634899	0.06904334869822149	5.535813564540762e-06
771.624077026	0.0690866496741048	5.571330404088789e-06
772.833519153	0.0691298270446544	5.607137929011589e-06
774.0429612800001	0.06917288112778686	5.643225014464257e-06
775.2524034070001	0.06921581224042017	5.679580843568892e-06
776.4618455340001	0.06925862069849104	5.716194909633378e-06
777.6712876610001	0.06930130681696801	5.753057018529327e-06
778.880729788	0.06934387090986813	5.790157294874384e-06
780.090171915	0.06938631329027588	5.827486178352361e-06
781.299614042	0.06942863427035817	5.865034422410804e-06
782.509056169	0.06947083416138257	5.902793094116683e-06
783.718498296	0.06951291327373496	5.940753565605257e-06
784.9279404230001	0.06955487191694042	5.978907513766241e-06
786.1373825500001	0.06959671039967821	6.01724690848859e-06
787.3468246770001	0.0696384290298019	6.0557640075792825e-06
788.5562668040001	0.06968002811435918	6.094451347358187e-06
789.7657089310001	0.06972150795960795	6.133301730309279e-06
790.975151058	0.06976286887103728	6.1723082160199065e-06
792.184593185	0.0698041111533828	6.211464108704345e-06
793.394035312	0.06984523511064995	6.250762941859481e-06
794.603477439	0.06988624104612849	6.290198467612476e-06
795.812919566	0.06992712926240964	6.329764638368651e-06
797.0223616930001	0.06996790006140774	6.369455594224014e-06
798.2318038200001	0.07000855374437155	6.409265644105184e-06
799.4412459470001	0.07004909061190613	6.4491892530440736e-06
800.6506880740001	0.07008951096398612	6.489221021472482e-06
801.8601302010001	0.07012981509997226	6.529355668692251e-06
803.069572328	0.07017000331862605	6.569588014677254e-06
804.279014455	0.07021007591812438	6.609912965636028e-06
805.488456582	0.07025003319607286	6.650325489043544e-06
806.697898709	0.07028987544952058	6.690820600381454e-06
807.907340836	0.07032960297496997	6.731393342731752e-06
809.1167829630001	0.07036921606839013	6.772038767845144e-06
810.3262250900001	0.07040871502522844	6.812751918128744e-06
811.5356672170001	0.07044810014041937	6.853527808530424e-06
812.7451093440001	0.07048737170839377	6.894361408032217e-06
813.9545514710001	0.07052653002308874	6.935247620928135e-06
815.163993598	0.07056557537795342	6.9761812695569495e-06
816.373435725	0.07060450806595833	7.01715707781047e-06
817.582877852	0.07064332837959972	7.058169651877505e-06
818.792319979	0.07068203661090512	7.099213467014164e-06
820.001762106	0.07072063305143987	7.140282847479709e-06
821.2112042330001	0.07075911799230741	7.1813719531188554e-06
822.4206463600001	0.07079749172415482	7.222474764558317e-06
823.6300884870001	0.07083575453717672	7.2635850689391036e-06
824.8395306140001	0.0708739067211104	7.304696443686558e-06
826.0489727410001	0.07091194856524506	7.345802245514973e-06
827.258414868	0.07094988035841462	7.386895598467448e-06
828.467856995	0.07098770238900196	7.427969380758333e-06
829.677299122	0.07102541494493628	7.469016215063705e-06
830.886741249	0.07106301831368911	7.510028456148802e-06
832.0961833760001	0.0711005127822766	7.550998184938241e-06
833.3056255030001	0.0711378986372542	7.591917197570046e-06
834.5150676300001	0.07117517616471153	7.63277699751662e-06
835.7245097570001	0.07121234565027341	7.673568791208412e-06
836.9339518840001	0.07124940737909133	7.714283479562826e-06
838.143394011	0.07128636163584234	7.754911654353661e-06
839.352836138	0.07132320870472335	7.795443593345512e-06
840.562278265	0.07135994886944567	7.835869258297677e-06
841.771720392	0.07139658241323023	7.876178289243092e-06
842.981162519	0.07143310961880522	7.916360008830701e-06
844.1906046460001	0.07146953076839671	7.956403414945236e-06
845.4000467730001	0.0715058461437274	7.996297186966274e-06
846.6094889000001	0.07154205602600808	8.036029682527873e-06
847.8189310270001	0.07157816069593555	8.075588941016152e-06
849.0283731540001	0.07161416043368621	8.114962689453401e-06
850.237815281	0.07165005551891333	8.15413834090479e-06
851.447257408	0.07168584623074069	8.193103002081627e-06
852.656699535	0.07172153284775831	8.231843478106128e-06
853.866141662	0.07175711564802306	8.270346279340102e-06
855.075583789	0.07179259490904943	8.308597626509141e-06
856.2850259160001	0.07182797090781248	8.346583459077166e-06
857.4944680430001	0.07186324392074246	8.384289443572427e-06
858.7039101700001	0.07189841422372281	8.421700982200662e-06
859.9133522970001	0.07193348209209181	8.458803220563201e-06
861.1227944240001	0.07196844780063999	8.495581061283496e-06
862.332236551	0.07200331162361236	8.532019170444026e-06
863.541678678	0.07203807383470742	8.568101990594969e-06
864.751120805	0.07207273470708	8.603813750898619e-06
865.960562932	0.07210729451334488	8.639138478582786e-06
867.170005059	0.07214175352557824	8.674060010903816e-06
868.3794471860001	0.07217611201532353	8.708562008060893e-06
869.5888893130001	0.07221037025359475	8.742627961149485e-06
870.7983314400001	0.07224452851088507	8.776241209033198e-06
872.0077735670001	0.0722785870571729	8.809384944383584e-06
873.2172156940001	0.07231254616192825	8.842042229926502e-06
874.426657821	0.07234640609412156	8.874196006031011e-06
875.636099948	0.07238016712223576	8.905829102833748e-06
876.845542075	0.07241382951427364	8.936924249860968e-06
878.054984202	0.07244739353777131	8.967464083514921e-06
879.2644263290001	0.07248085945981035	8.997431155642209e-06
880.4738684560001	0.07251422754702837	9.02680794141763e-06
881.6833105830001	0.07254749806563525	9.055576843787293e-06
882.8927527100001	0.072580671281427	9.083720196076905e-06
884.1021948370001	0.07261374745979997	9.111220268460265e-06
885.3116369640001	0.07264672686576681	9.138059263526381e-06
886.521079091	0.0726796097639722	9.164219318720319e-06
887.730521218	0.0727123964187066	9.189682498393009e-06
888.939963345	0.07274508709392474	9.214430791344422e-06
890.149405472	0.07277768205326053	9.238446099841642e-06
891.3588475990001	0.07281018156003952	9.26171022910963e-06
892.5682897260001	0.07284258587729346	9.284204872573705e-06
893.7777318530001	0.07287489526777284	9.305911596642597e-06
894.9871739800001	0.07290710999395619	9.326811820575587e-06
896.1966161070001	0.07293923031805535	9.346886796343343e-06
897.406058234	0.07297125650202119	9.366117586058088e-06
898.615500361	0.07300318880754215	9.384485039795031e-06
899.824942488	0.07303502749604156	9.401969768617416e-06
901.034384615	0.07306677282866224	9.418552126479971e-06
902.243826742	0.07309842506625415	9.4342121873066e-06
903.4532688690001	0.07312998446934772	9.448929731402211e-06
904.6627109960001	0.07316145129812868	9.462684233385891e-06
905.8721531230001	0.07319282581239657	9.475454861885899e-06
907.0815952500001	0.07322410827152709	9.487220485005493e-06
908.2910373770001	0.07325529893442402	9.497959690294942e-06
909.500479504	0.07328639805947408	9.5076508161362e-06
910.709921631	0.0733174059045011	9.516271993822556e-06
911.919363758	0.07334832272672702	9.52380120076912e-06
913.128805885	0.07337914878274662	9.530216328108313e-06
914.338248012	0.07340988432852451	9.535495249270519e-06
915.5476901390001	0.07344052961941117	9.539615886750492e-06
916.7571322660001	0.07347108491019994	9.542556280551909e-06
917.9665743930001	0.0735015504552147	9.544294635676055e-06
919.1760165200001	0.07353192650844287	9.544809357031755e-06
920.3854586470001	0.07356221332370942	9.544079059366825e-06
921.594900774	0.073592411154885	9.542082555808467e-06
922.804342901	0.07362252025612483	9.538798825034796e-06
924.013785028	0.07365254088213417	9.534206964069877e-06
925.223227155	0.07368247328843004	9.528286136613819e-06
926.432669282	0.07371231773160974	9.521015529246677e-06
927.6421114090001	0.07374207446959757	9.512374331004861e-06
928.8515535360001	0.07377174376187322	9.502341739328215e-06
930.0609956630001	0.07380132586965939	9.490897014385917e-06
931.2704377900001	0.07383082105608495	9.478019578509529e-06
932.4798799170001	0.07386022958629937	9.463689160312704e-06
933.689322044	0.073889551727561	9.44788599782581e-06
934.898764171	0.07391878774928057	9.430591073131743e-06
936.108206298	0.07394793792304005	9.411786393931099e-06
937.317648425	0.0739770025225758	9.39145529316696e-06
938.5270905520001	0.07400598182373966	9.369582752362153e-06
939.7365326790001	0.07403487610443056	9.34615573239754e-06
940.9459748060001	0.0740636856445079	9.32116349909634e-06
942.1554169330001	0.07409241072568548	9.294597947790097e-06
943.3648590600001	0.07412105163140548	9.266453905077296e-06
944.5743011870001	0.07414960864670052	9.236729407582156e-06
945.783743314	0.07417808205804004	9.205425963846402e-06
946.993185441	0.07420647215316814	9.17254876911696e-06
948.202627568	0.07423477922093173	9.138106901670221e-06
949.412069695	0.07426300355109691	9.102113470826965e-06
950.6215118220001	0.07429114543416757	9.06458573274502e-06
951.8309539490001	0.07431920516119184	9.025545165861865e-06
953.0403960760001	0.07434718302356809	8.985017508622283e-06
954.2498382030001	0.07437507931284598	8.943032753933697e-06
955.4592803300001	0.07440289432053143	8.899625110750944e-06
956.6687224570001	0.07443062833788201	8.854832926165702e-06
957.878164584	0.07445828165570387	8.80869856944236e-06
959.087606711	0.07448585456414564	8.761268285016296e-06
960.297048838	0.07451334735249146	8.71259201043504e-06
961.506490965	0.07454076030894981	8.662723165431702e-06
962.7159330920001	0.07456809372044111	8.61171841413689e-06
963.9253752190001	0.07459534787237738	8.559637397874258e-06
965.1348173460001	0.07462252304844115	8.506542451983317e-06
966.3442594730001	0.07464961953036037	8.452498294332091e-06
967.5537016000001	0.07467663759767519	8.397571707542733e-06
968.763143727	0.07470357752750535	8.341831198621757e-06
969.972585854	0.07473043959430807	8.28534665520846e-06
971.182027981	0.07475722406963684	8.228188991452774e-06
972.391470108	0.07478393122189675	8.170429792757414e-06
973.600912235	0.07481056131609687	8.11214095837686e-06
974.8103543620001	0.07483711461360366	8.053394350905692e-06
976.0197964890001	0.07486359137189792	7.994261448416924e-06
977.2292386160001	0.07488999184433526	7.934813010131025e-06
978.4386807430001	0.0749163162799089	7.875118751837213e-06
979.6481228700001	0.0749425649230307	7.815247041192215e-06
980.857564997	0.07496873801331279	7.755264606183623e-06
982.067007124	0.07499483578536927	7.695236268853401e-06
983.276449251	0.0750208584686309	7.635224697315791e-06
984.485891378	0.07504680628718645	7.5752901851016655e-06
985.6953335050001	0.07507267945963365	7.515490458359895e-06
986.9047756320001	0.07509847819896243	7.4558805024518165e-06
988.1142177590001	0.07512420271246269	7.396512424761265e-06
989.3236598860001	0.07514985320165696	7.337435338317151e-06
990.5331020130001	0.0751754298622643	7.2786952784009755e-06
991.7425441400001	0.07520093288419387	7.22033514439452e-06
992.951986267	0.07522636245157115	7.162394665550821e-06
994.161428394	0.07525171874279227	7.104910400912635e-06
995.370870521	0.07527700193061343	7.047915755189216e-06
996.580312648	0.075302212182272	6.991441022003264e-06
997.7897547750001	0.07532734965963464	6.93551344833557e-06
998.9991969020001	0.07535241451937733	6.8801573168967465e-06
1000.2086390290001	0.07537740691319536	6.825394049400257e-06
1001.4180811560001	0.07540232698803777	6.771242321430176e-06
1002.6275232830001	0.07542717488636316	6.7177181893435285e-06
1003.8369654100001	0.07545195074642767	6.664835234591623e-06
1005.046407537	0.07547665470257928	6.6126047085706145e-06
1006.255849664	0.07550128688558168	6.56103568981271e-06
1007.465291791	0.07552584742294172	6.510135242109194e-06
1008.674733918	0.07555033643925665	6.459908575313243e-06
1009.8841760450001	0.07557475405656648	6.410359205590329e-06
1011.0936181720001	0.07559910039470846	6.361489116207408e-06
1012.3030602990001	0.07562337557168045	6.313298915024208e-06
1013.5125024260001	0.0756475797039998	6.265787983099729e-06
1014.7219445530001	0.07567171290705903	6.218954621041972e-06
1015.9313866800001	0.0756957752954798	6.1727961893731435e-06
1017.140828807	0.07571976698345391	6.127309238569289e-06
1018.350270934	0.07574368808507706	6.082489630406222e-06
1019.559713061	0.07576753871467139	6.038332650196371e-06
1020.769155188	0.07579131898709078	5.994833113278154e-06
1021.9785973150001	0.07581502901801276	5.951985457821148e-06
1023.1880394420001	0.07583866892421368	5.909783828600374e-06
1024.397481569	0.0758622388238243	5.868222156528188e-06
1025.606923696	0.07588573883656945	5.827294220570889e-06
1026.816365823	0.07590916908398539	5.786993709185353e-06
1028.0258079500002	0.07593252968961782	5.7473142679739145e-06
1029.235250077	0.07595582077920343	5.708249543181807e-06
1030.4446922040001	0.07597904248082762	5.669793216840049e-06
1031.654134331	0.076002194925062	5.631939033846889e-06
1032.8635764580001	0.07602527824508629	5.594680828672452e-06
1034.073018585	0.07604829257678786	5.558012538484175e-06
1035.282460712	0.07607123805884515	5.5219282210243516e-06
1036.491902839	0.0760941148327959	5.4864220617958704e-06
1037.701344966	0.07611692304307502	5.451488381800401e-06
1038.9107870930002	0.0761396628370586	5.417121639541195e-06
1040.12022922	0.07616233436507423	5.383316434029762e-06
1041.3296713470002	0.07618493778040332	5.350067507413738e-06
1042.539113474	0.07620747323927612	5.317369736225289e-06
1043.7485556010001	0.076229940900845	5.285218138998222e-06
1044.957997728	0.07625234092715001	5.253607864993399e-06
1046.167439855	0.07627467348307611	5.222534195036815e-06
1047.376881982	0.07629693873630077	5.1919925375051585e-06
1048.586324109	0.076319136857229	5.1619784262304185e-06
1049.795766236	0.07634126801892475	5.132487515438101e-06
1051.005208363	0.07636333239703114	5.103515575814201e-06
1052.2146504900002	0.07638533016969137	5.075058493367882e-06
1053.424092617	0.07640726151745413	5.047112266108175e-06
1054.6335347440001	0.07642912662318342	5.019673000798702e-06
1055.842976871	0.07645092567195744	4.992736909957105e-06
1057.0524189980001	0.07647265885096656	4.966300309044274e-06
1058.261861125	0.0764943263494082	4.9403596155110725e-06
1059.471303252	0.07651592835837694	4.914911343411082e-06
1060.680745379	0.07653746507075249	4.889952099419844e-06
1061.890187506	0.07655893668108645	4.8654785819786334e-06
1063.0996296330002	0.07658034338548718	4.841487574300087e-06
1064.30907176	0.07660168538150318	4.817975940865954e-06
1065.5185138870002	0.07662296286800534	4.794940621845832e-06
1066.727956014	0.07664417604506482	4.772378626006021e-06
1067.9373981410001	0.07666532511383847	4.750287026144428e-06
1069.146840268	0.07668641027644783	4.72866295082672e-06
1070.356282395	0.07670743173585706	4.707503575125732e-06
1071.565724522	0.07672838969575572	4.686806113215916e-06
1072.775166649	0.07674928436044084	4.666567808912563e-06
1073.9846087760002	0.07677011593469754	4.646785923882729e-06
1075.194050903	0.0767908846236809	4.627457730685225e-06
1076.4034930300002	0.07681159063280514	4.608580499847178e-06
1077.612935157	0.0768322341676236	4.590151487706632e-06
1078.8223772840001	0.07685281543372373	4.572167927475896e-06
1080.031819411	0.07687333463660939	4.554627014732233e-06
1081.2412615380001	0.07689379198160057	4.5375258987794455e-06
1082.450703665	0.07691418767372116	4.520861668445253e-06
1083.660145792	0.07693452191760587	4.504631343050923e-06
1084.869587919	0.0769547949173938	4.48883186006016e-06
1086.079030046	0.07697500687663669	4.473460064704724e-06
1087.2884721730002	0.07699515799820592	4.458512699267264e-06
1088.4979143	0.07701524848420448	4.443986396461784e-06
1089.7073564270001	0.07703527853588522	4.4298776696715564e-06
1090.916798554	0.07705524835356774	4.416182902265564e-06
1092.1262406810001	0.07707515813656543	4.4028983450201976e-06
1093.335682808	0.07709500808311368	4.390020107353392e-06
1094.545124935	0.07711479839030395	4.377544155371057e-06
1095.754567062	0.0771345292540225	4.365466305754055e-06
1096.964009189	0.07715420086889375	4.353782225618748e-06
1098.1734513160002	0.07717381342822947	4.342487428464719e-06
1099.382893443	0.07719336712398304	4.3315772777292e-06
1100.5923355700002	0.07721286214670446	4.321046984631966e-06
1101.801777697	0.07723229868550725	4.31089161149917e-06
1103.0112198240001	0.07725167692803561	4.301106075282992e-06
1104.220661951	0.07727099706044033	4.29168515214835e-06
1105.430104078	0.0772902592673525	4.2826234837093935e-06
1106.639546205	0.07730946373187114	4.273915581018029e-06
1107.848988332	0.07732861063554726	4.265555834366511e-06
1109.058430459	0.07734770015837805	4.257538519640697e-06
1110.267872586	0.07736673247880345	4.249857808604841e-06
1111.4773147130002	0.07738570777370798	4.242507777264772e-06
1112.68675684	0.07740462621842276	4.2354824168189226e-06
1113.8961989670001	0.07742348798673702	4.228775644362983e-06
1115.105641094	0.07744229325090687	4.222381312051644e-06
1116.3150832210001	0.0774610421816762	4.216293220228781e-06
1117.524525348	0.07747973494829036	4.210505126989837e-06
1118.733967475	0.07749837171852075	4.2050107616212605e-06
1119.943409602	0.07751695265868878	4.199803833381385e-06
1121.152851729	0.0775354779336909	4.19487804495831e-06
1122.3622938560002	0.07755394770703115	4.1902271017029375e-06
1123.571735983	0.07757236214084996	4.1858447228818435e-06
1124.7811781100002	0.07759072139595634	4.181724651412671e-06
1125.990620237	0.07760902563186492	4.177860665087471e-06
1127.2000623640001	0.07762727500682978	4.174246584911512e-06
1128.409504491	0.07764546967788075	4.170876283728279e-06
1129.618946618	0.07766360980086161	4.16774369497344e-06
1130.828388745	0.07768169553047059	4.164842820477012e-06
1132.037830872	0.07769972702029501	4.162167735325872e-06
1133.2472729990002	0.07771770442285279	4.159712597563591e-06
1134.456715126	0.07773562788963456	4.157471651669301e-06
1135.6661572530002	0.07775349757113725	4.155439232392891e-06
1136.87559938	0.07777131361690608	4.153609772208314e-06
1138.0850415070001	0.07778907617557466	4.15197780116134e-06
1139.294483634	0.07780678539489937	4.150537952997977e-06
1140.5039257610001	0.07782444142180277	4.149284966024396e-06
1141.713367888	0.07784204440240808	4.148213684962984e-06
1142.922810015	0.07785959448207443	4.14731906245153e-06
1144.132252142	0.07787709180543459	4.146596158809507e-06
1145.341694269	0.07789453651643125	4.1460401425913695e-06
1146.5511363960002	0.07791192875834718	4.14564629183585e-06
1147.760578523	0.07792926867384173	4.145409990730326e-06
1148.9700206500002	0.07794655640498331	4.145326730851524e-06
1150.179462777	0.07796379209327951	4.145392109098188e-06
1151.3889049040001	0.07798097587970687	4.145601826646551e-06
1152.598347031	0.07799810790474233	4.145951685541277e-06
1153.807789158	0.07801518830838901	4.146437590165705e-06
1155.017231285	0.07803221723020386	4.147055541153484e-06
1156.226673412	0.07804919480932622	4.147801636128873e-06
1157.4361155390002	0.07806612118449978	4.148672066235294e-06
1158.645557666	0.07808299649409886	4.149663115038627e-06
1159.8549997930002	0.0780998208761506	4.150771156397452e-06
1161.06444192	0.07811659446835612	4.151992650714588e-06
1162.2738840470001	0.07813331740811548	4.153324145039941e-06
1163.483326174	0.07814998983254139	4.154762269722623e-06
1164.6927683010001	0.07816661187848452	4.156303738836764e-06
1165.902210428	0.07818318368254641	4.1579453436098005e-06
1167.111652555	0.07819970538110299	4.159683957076866e-06
1168.321094682	0.07821617711031428	4.161516526886932e-06
1169.530536809	0.07823259900614349	4.163440080538029e-06
1170.7399789360002	0.07824897120437015	4.165451716359908e-06
1171.949421063	0.07826529384060428	4.167548608524804e-06
1173.1588631900001	0.0782815670502988	4.169728003246359e-06
1174.368305317	0.07829779096876273	4.171987219228714e-06
1175.5777474440001	0.0783139657311684	4.1743236458104285e-06
1176.787189571	0.07833009147256566	4.1767347431351844e-06
1177.996631698	0.07834616832788836	4.179218040498243e-06
1179.206073825	0.07836219643196385	4.1817711378977255e-06
1180.415515952	0.07837817591952177	4.184391702911836e-06
1181.6249580790002	0.07839410692519835	4.1870774720396764e-06
1182.834400206	0.07840998958354164	4.189826249632709e-06
1184.0438423330002	0.0784258240290197	4.192635907359274e-06
1185.25328446	0.07844161039602382	4.195504381985282e-06
1186.4627265870001	0.07845734881887122	4.198429678604022e-06
1187.672168714	0.07847303943180839	4.201409865702464e-06
1188.881610841	0.07848868236901275	4.204443078466804e-06
1190.091052968	0.0785042777645952	4.207527516535722e-06
1191.300495095	0.07851982575259689	4.210661441559628e-06
1192.5099372220002	0.0785353264669928	4.213843177250207e-06
1193.719379349	0.07855078004169143	4.217071108669996e-06
1194.9288214760002	0.07856618661052807	4.220343682279305e-06
1196.138263603	0.07858154630726676	4.223659401480903e-06
1197.3477057300001	0.07859685926559755	4.227016829601515e-06
1198.557147857	0.07861212561913006	4.230414583133027e-06
1199.7665899840001	0.07862734550139047	4.233851336671799e-06
1200.976032111	0.07864251904581891	4.237325815629155e-06
1202.185474238	0.07865764638576067	4.240836795719245e-06
1203.394916365	0.07867272765446294	4.244383102730014e-06
1204.604358492	0.07868776298506676	4.247963610782823e-06
1205.8138006190002	0.07870275251060171	4.25157723699299e-06
1207.023242746	0.07871769636397652	4.255222943969764e-06
1208.2326848730002	0.07873259467797614	4.2588997342973485e-06
1209.442127	0.07874744758524642	4.262606649273177e-06
