0.0	0.0	0.0
1.209442127	1.57262552092479e-05	7.597891662272783e-09
2.418884254	6.297720122320073e-05	7.463649858713602e-09
3.6283263810000004	0.00014204581645386107	7.45260971523228e-09
4.837768508	0.0002534170998441286	7.537459409180048e-09
6.047210635000001	0.00039777522070614293	7.725883165239875e-09
7.256652762000001	0.0005760035578361993	8.009797553402653e-09
8.466094889	0.0007891843638623967	8.480970548595662e-09
9.675537016	0.0010385976727309433	9.06707791053186e-09
10.884979143	0.001325719361967778	9.608505594936735e-09
12.094421270000002	0.0016522180458296593	1.0391758195740015e-08
13.303863397	0.0020199501010552305	1.1422966350622752e-08
14.513305524000002	0.0024309531977047484	1.263728646861869e-08
15.722747651	0.0028874374481063923	1.4005831257731902e-08
16.932189778	0.0033917740895461623	1.5460199544397626e-08
18.141631905	0.003946481435398189	1.6894315413460816e-08
19.351074032	0.004554207895219449	1.8159028694198676e-08
20.560516159000002	0.005217711983822686	1.915150102811744e-08
21.769958286	0.005939839216990391	1.9816264355816063e-08
22.979400413	0.006723495868337449	2.004577634090051e-08
24.188842540000003	0.007571619771145639	1.9597203235892216e-08
25.398284667000002	0.008487148312693808	1.810069173804215e-08
26.607726794	0.009472983882766017	1.5135527668860158e-08
27.817168921	0.01053195712669935	1.028796141727243e-08
29.026611048000003	0.011666788367126592	3.1652876286987923e-09
30.236053175000002	0.012880047633392086	-6.595332180616946e-09
31.445495302	0.014174113827817384	-1.9294471999476705e-08
32.654937429	0.015551133598655285	-3.511773300534655e-08
33.864379556	0.017012980506238777	-5.408757362793714e-08
35.073821683000006	0.018561215075195366	-7.604076329678891e-08
36.28326381	0.020197046291676755	-1.0060831235348398e-07
37.492705937000004	0.021921295133553655	-1.2718401093914256e-07
38.702148064	0.023734360833904514	-1.5491521427959355e-07
39.911590191	0.025636190332218596	-1.827553486900677e-07
41.121032318000005	0.02762625130674186	-2.096485781148964e-07
42.330474445	0.029703509458246697	-2.3499825414985299e-07
43.539916572	0.03186641073784402	-2.5924905220051445e-07
44.749358699000005	0.03411286852203228	-2.8378483120194697e-07
45.958800826	0.03644025552438938	-3.100958079834236e-07
47.168242953000004	0.03884540110103062	-3.392146146800006e-07
48.377685080000006	0.041324594438293456	-3.7161085711804046e-07
49.587127207	0.04387359352238867	-4.071129776727533e-07
50.796569334000004	0.04648763975813359	-4.447093697331348e-07
52.00601146100001	0.04916147804171809	-4.823337145456745e-07
53.215453588	0.051889381787301445	-5.16958993075706e-07
54.424895715000005	0.05466518204871784	-5.45545980630218e-07
55.634337842	0.05748230046452951	-5.668057154188537e-07
56.843779969	0.06033378761868377	-5.822892179233937e-07
58.053222096000006	0.06321236806476598	-5.955198051662156e-07
59.262664223	0.0661104896626353	-6.101822868966062e-07
60.472106350000004	0.06902037416099505	-6.290434652866197e-07
61.68154847700001	0.07193406862956943	-6.537980571909315e-07
62.890990604	0.07484349832698564	-6.852678110699729e-07
64.100432731	0.07774052090728473	-7.236198605548115e-07
65.309874858	0.08061698138164514	-7.685337817571683e-07
66.519316985	0.08346476717066571	-8.193234631797914e-07
67.728759112	0.08627586262814023	-8.750242129054095e-07
68.93820123900001	0.08904240247375168	-9.344526480108156e-07
70.14764336600001	0.0917567236203156	-9.962508192841513e-07
71.357085493	0.0944114149214909	-1.0589347244990145e-06
72.56652762	0.09699936440091629	-1.120974753659391e-06
73.775969747	0.09951380355826005	-1.1809346141298256e-06
74.98541187400001	0.1019483483873026	-1.237680477945197e-06
76.19485400100001	0.10429703678826595	-1.290642987146786e-06
77.404296128	0.10655436210704612	-1.3400782258411643e-06
78.613738255	0.10871530257868334	-1.3872456870330055e-06
79.823180382	0.11077534648366115	-1.4344229494020583e-06
81.032622509	0.11273051284560856	-1.4847212752830015e-06
82.24206463600001	0.11457736752410394	-1.5417401371335538e-06
83.45150676300001	0.11631303461026123	-1.6091605477032666e-06
84.66094889	0.11793520312652894	-1.6903884239071147e-06
85.870391017	0.11944212914625801	-1.7883196723983993e-06
87.079833144	0.1208326335439158	-1.905242091922115e-06
88.28927527100001	0.12210609563668676	-2.042848007032314e-06
89.49871739800001	0.12326244298745619	-2.202315197617775e-06
90.708159525	0.12430213763182742	-2.384415134741971e-06
91.917601652	0.12522615898827674	-2.5896173104251174e-06
93.127043779	0.12603598371768301	-2.8181705863609853e-06
94.33648590600001	0.12673356281342885	-3.0701538962974757e-06
95.54592803300001	0.12732129622021657	-3.345497911223363e-06
96.75537016000001	0.1278020052939699	-3.6439856336412967e-06
97.964812287	0.12817890342368946	-3.965242933640722e-06
99.174254414	0.12845556513782946	-4.308729918254788e-06
100.383696541	0.12863589401299957	-4.67374092223321e-06
101.59313866800001	0.12872408969284901	-5.059415762348298e-06
102.80258079500001	0.1287246143114608	-5.4647593389429885e-06
104.01202292200001	0.12864215860073117	-5.888662467628928e-06
105.221465049	0.1284816079472508	-6.329914783271253e-06
106.430907176	0.1282480086526192	-6.787200667446706e-06
107.64034930300001	0.12794653464218778	-7.259071685107766e-06
108.84979143000001	0.12758245485981753	-7.743894869975711e-06
110.05923355700001	0.127161101577426	-8.239786633992886e-06
111.268675684	0.12668783983505622	-8.74455744618038e-06
112.478117811	0.12616803820996755	-9.255709356972688e-06
113.687559938	0.12560704109469875	-9.770534795550595e-06
114.89700206500001	0.12501014263669624	-1.0286332889768478e-05
116.10644419200001	0.12438256241341229	-1.080065348531713e-05
117.31588631900001	0.12372942274612286	-1.1311336548328316e-05
118.525328446	0.12305572744042659	-1.1816159577476709e-05
119.734770573	0.12236634197265389	-1.2312286475239821e-05
120.94421270000001	0.12166597551066038	-1.279597625206722e-05
122.15365482700001	0.12095916507928149	-1.3262713940528833e-05
123.36309695400001	0.12025026179904286	-1.3707533930918732e-05
124.572539081	0.1195434189709354	-1.412529814533641e-05
125.781981208	0.11884258185770945	-1.4510864607869468e-05
126.99142333500001	0.11815147909667337	-1.4859174194969785e-05
128.200865462	0.11747361570267066	-1.516528925133079e-05
129.410307589	0.1168122676123032	-1.5424401794350747e-05
130.619749716	0.11617047770754577	-1.5631818712142175e-05
131.82919184300002	0.11555105324652251	-1.5782929090773153e-05
133.03863397	0.11495656462281995	-1.5873161753091006e-05
134.24807609700002	0.1143893453728587	-1.5897946767579554e-05
135.457518224	0.11385149335408058	-1.585270007167398e-05
136.666960351	0.11334487302397066	-1.573285121285212e-05
137.87640247800002	0.11287111875669256	-1.553392625804211e-05
139.085844605	0.1124316391334412	-1.525168022533781e-05
140.29528673200002	0.11202762212997303	-1.4882252594272195e-05
141.504728859	0.11166004110395616	-1.4422307841520006e-05
142.714170986	0.1113296614681279	-1.3869129622861246e-05
143.92361311300002	0.11103704793444946	-1.3220659213990665e-05
145.13305524	0.11078257223097802	-1.2475492203821866e-05
146.34249736700002	0.11056642121716002	-1.1632858538090328e-05
147.551939494	0.1103886053420828	-1.0692606302054705e-05
148.761381621	0.11024896739757394	-9.655196315062723e-06
149.97082374800002	0.11014719151640247	-8.521702958624179e-06
151.180265875	0.1100828123620769	-7.2938124124175805e-06
152.38970800200002	0.11005522445599607	-5.973811768390508e-06
153.599150129	0.11006369159098396	-4.56456727492855e-06
154.808592256	0.11010735628599974	-3.0694938036025e-06
156.018034383	0.1101852492427989	-1.4925191697145547e-06
157.22747651	0.1102962987703302	1.6195347014836953e-07
158.43691863700002	0.11043934014590549	1.8890833006435803e-06
159.646360764	0.11061312488362793	3.6836292701842223e-06
160.85580289100002	0.1108163298805058	5.539987891606777e-06
162.065245018	0.11104756640982288	7.452232460979885e-06
163.274687145	0.11130538893082635	9.414154634477062e-06
164.48412927200002	0.11158830368443841	1.1419309060842416e-05
165.693571399	0.1118947770470517	1.3461061442640667e-05
166.90301352600002	0.11222324361820807	1.5532640070401794e-05
168.112455653	0.11257211402249706	1.7627190273579227e-05
169.32189778	0.1129397824106034	1.973783033117579e-05
170.53133990700002	0.11332463364844564	2.18577061895706e-05
171.740782034	0.11372505018648298	2.3980041101013917e-05
172.95022416100002	0.11413941860327759	2.6098175429919835e-05
174.159666288	0.11456613581835023	2.820559157374066e-05
175.369108415	0.11500361496940606	3.029591935734456e-05
176.57855054200002	0.11545029094839901	3.2362918328496755e-05
177.787992669	0.1159046255901313	3.440043529336397e-05
178.99743479600002	0.11636511250644475	3.640233860261046e-05
180.206876923	0.11683028155906175	3.8362436104438995e-05
181.41631905	0.11729870296497948	4.027439218995827e-05
182.62576117700002	0.11776899102968688	4.213167037749987e-05
183.835203304	0.11823980750434361	4.39275375098272e-05
185.04464543100002	0.11870986456276311	4.5655165127373346e-05
186.254087558	0.11917792739424383	4.7307842894250016e-05
187.46352968500003	0.11964281641470409	4.887927589314784e-05
188.67297181200001	0.12010340911637367	5.036388940532809e-05
189.882413939	0.12055864160034256	5.175704541259625e-05
191.09185606600002	0.12100750984728087	5.3055107704187047e-05
192.301298193	0.1214490707631826	5.4255359876088376e-05
193.51074032000002	0.12188244299732064	5.535583460909173e-05
194.720182447	0.12230680749707112	5.6355121175521465e-05
195.929624574	0.12272140775865174	5.725219155287127e-05
197.13906670100002	0.12312554975164937	5.804625689270848e-05
198.348508828	0.12351860152864441	5.873666060534025e-05
199.55795095500002	0.12389999257595649	5.932283890550142e-05
200.767393082	0.12426921300358715	5.9804414455817416e-05
201.976835209	0.12462581265079273	6.018146237541961e-05
203.18627733600002	0.12496940004550043	6.045483061403368e-05
204.395719463	0.1252996410436124	6.062625817386489e-05
205.60516159000002	0.12561625710639568	6.069819236786356e-05
206.814603717	0.12591902338155095	6.067348997789575e-05
208.02404584400003	0.12620776673916548	6.055520406700555e-05
209.23348797100002	0.1264823637820561	6.0346493622232866e-05
210.442930098	0.12674273879603407	6.005060369671868e-05
211.65237222500002	0.12698886162197295	5.9670869099460804e-05
212.861814352	0.1272207454544693	5.9210720669629574e-05
214.07125647900003	0.12743844458165654	5.8673688495455884e-05
215.28069860600002	0.127642052082312	5.8063401842447355e-05
216.490140733	0.12783169749520196	5.738358668951517e-05
217.69958286000002	0.12800754447416207	5.6638061609722555e-05
218.909024987	0.128169788441145	5.583073246198171e-05
220.11846711400003	0.12831865424848982	5.4965586097009954e-05
221.32790924100001	0.12845439386081556	5.4046683221237876e-05
222.537351368	0.12857728406618607	5.3078150459925595e-05
223.74679349500002	0.1286876242254417	5.2064171670106185e-05
224.956235622	0.12878573406789623	5.1008978525071e-05
226.16567774900003	0.12887195154082853	4.9916840404838095e-05
227.375119876	0.128946630719516	4.8792053646812954e-05
228.584562003	0.12901013978376802	4.7638930216207536e-05
229.79400413000002	0.1290628590662157	4.6461785874908106e-05
231.003446257	0.12910517917686426	4.5264927962038224e-05
232.21288838400002	0.12913749920769624	4.40526428913533e-05
233.422330511	0.1291602250204048	4.282918347169934e-05
234.63177263800003	0.12917376761967247	4.159875613757377e-05
235.84121476500002	0.12917854161374065	4.036550813927733e-05
237.050656892	0.12917496376342041	3.9133514701848246e-05
238.26009901900002	0.12916345162010268	3.7906766116354424e-05
239.469541146	0.1291444222527638	3.668915467396713e-05
240.67898327300003	0.12911829106345674	3.5484461364630664e-05
241.88842540000002	0.12908547069023185	3.429634222492095e-05
243.097867527	0.12904636999589197	3.312831429614436e-05
244.30730965400002	0.12900139314047074	3.198374119486368e-05
245.516751781	0.12895093873469768	3.086581843214864e-05
246.72619390800003	0.12889539907122924	2.9777558743567225e-05
247.93563603500002	0.1288351594299305	2.872177783386169e-05
249.145078162	0.12877059745317926	2.770108105305535e-05
250.35452028900002	0.128702082587105	2.671785157528954e-05
251.563962416	0.12862997558474767	2.5774240636683344e-05
252.77340454300003	0.1285546280674311	2.487216030147404e-05
253.98284667000001	0.1284763821409201	2.4013279066633045e-05
255.192288797	0.12839557006321176	2.3199020454194558e-05
256.401730924	0.12831251396092702	2.243056455839263e-05
257.61117305100004	0.12822752559129608	2.1708852353313353e-05
258.820615178	0.12814090614666268	2.103459245282602e-05
260.030057305	0.12805294609832815	2.0408269872634732e-05
261.239499432	0.12796392507648455	1.9830156269502274e-05
262.448941559	0.12787411178292737	1.9300321086347643e-05
263.65838368600004	0.12778376393323893	1.8818643029165554e-05
264.867825813	0.1276931282251951	1.8384821409514187e-05
266.07726794	0.12760244033028073	1.7998387026706496e-05
267.286710067	0.12751192490542662	1.7658712537970815e-05
268.49615219400005	0.12742179562238942	1.736502244283428e-05
269.70559432100004	0.12733225521259167	1.711640305819569e-05
270.915036448	0.12724349552565523	1.691181288622446e-05
272.124478575	0.12715569760026044	1.675009374927125e-05
273.333920702	0.12706903174629608	1.662998286010188e-05
274.54336282900005	0.126983657637504	1.6550125759576698e-05
275.75280495600003	0.12689972441393174	1.6509089794263578e-05
276.962247083	0.12681737079360383	1.6505377680681396e-05
278.17168921	0.12673672519280088	1.6537440621862643e-05
279.381131337	0.12665790585436165	1.6603690531730426e-05
280.59057346400004	0.12658102098344776	1.6702511044642e-05
281.80001559100003	0.12650616889025085	1.683226714933192e-05
283.009457718	0.12643343813921343	1.6991313413278817e-05
284.218899845	0.12636290770446493	1.7178000854492377e-05
285.428341972	0.12629464713127428	1.7390682564566772e-05
286.63778409900004	0.12622871670347405	1.762771819652178e-05
287.84722622600003	0.12616516761689742	1.788747744789736e-05
289.056668353	0.12610404215896903	1.816834265560435e-05
290.26611048	0.12604537389464388	1.8468710626343723e-05
291.475552607	0.12598918785892585	1.878699381629234e-05
292.68499473400004	0.12593550075620957	1.9121620997410743e-05
293.89443686100003	0.12588432116667894	1.9471037516941353e-05
295.103878988	0.12583564975999378	1.9833705287844503e-05
296.313321115	0.12578947951644495	2.0208102599708078e-05
297.522763242	0.1257457959557468	2.0592723881006785e-05
298.73220536900004	0.12570457737355786	2.098607948827298e-05
299.94164749600003	0.12566579508579592	2.1386695616988858e-05
301.151089623	0.12562941368073466	2.1793114402144807e-05
302.36053175	0.12559539127881456	2.2203894276124013e-05
303.569973877	0.1255636798000326	2.2617610615556108e-05
304.77941600400004	0.12553422523872165	2.3032856726957683e-05
305.98885813100003	0.12550696794543542	2.3448245171562237e-05
307.198300258	0.12548184291562664	2.3862409451244746e-05
308.407742385	0.12545878008471445	2.4274006033074588e-05
309.617184512	0.12543770462908976	2.4681716704286386e-05
310.82662663900004	0.12541853727254615	2.508425122691959e-05
312.036068766	0.1254011945975664	2.548035025788544e-05
313.245510893	0.1253855893608557	2.586878849230885e-05
314.45495302	0.12537163081245872	2.6248377982473422e-05
315.664395147	0.125359225017761	2.6617971588505524e-05
316.87383727400004	0.1253482751816448	2.6976466509977482e-05
318.083279401	0.12533868197403344	2.7322807834378496e-05
319.292721528	0.12533034385604797	2.765599206388386e-05
320.502163655	0.1253231574059683	2.7975070561598565e-05
321.71160578200005	0.12531701764419234	2.8279152870799005e-05
322.92104790900004	0.1253118183563846	2.856740985848587e-05
324.130490036	0.12530745241396643	2.8839076646416796e-05
325.339932163	0.12530381209116123	2.9093455276974697e-05
326.54937429	0.12530078937776276	2.9329917085543435e-05
327.75881641700005	0.12529827628683182	2.954790474159408e-05
328.96825854400004	0.1252961651565215	2.9746933924858245e-05
330.177700671	0.12529434894527466	2.992659460636163e-05
331.387142798	0.12529272151962287	3.0086551921436992e-05
332.596584925	0.1252911779338723	3.0226546601098776e-05
333.80602705200005	0.12528961470097544	3.0346394961933195e-05
335.01546917900004	0.12528793005391667	3.0445988440948185e-05
336.224911306	0.1252860241969784	3.052529267334639e-05
337.434353433	0.12528379954631175	3.0584346124155186e-05
338.64379556	0.1252811609592397	3.062325828104672e-05
339.85323768700005	0.1252780159517927	3.064220742809234e-05
341.06267981400003	0.12527427490402798	3.0641438025181454e-05
342.272121941	0.12526985125270243	3.062125772427647e-05
343.481564068	0.1252646616709459	3.0582034044471506e-05
344.691006195	0.12525862623462652	3.052419076594605e-05
345.90044832200005	0.12525166857513262	3.044820405722755e-05
347.10989044900003	0.1252437160183728	3.0354598397958993e-05
348.319332576	0.12523469970982454	3.0243942329991224e-05
349.528774703	0.12522455472553223	3.0116844086135156e-05
350.73821683	0.1252132201689732	2.997394713756384e-05
351.94765895700004	0.12520063925379668	2.9815925708352104e-05
353.15710108400003	0.12518675937246238	2.9643480293774194e-05
354.366543211	0.12517153215085158	2.9457333221944432e-05
355.575985338	0.1251549134889822	2.92582243005727e-05
356.785427465	0.12513686358799453	2.9046906583762718e-05
357.99486959200004	0.1251173469636088	2.882414228288281e-05
359.20431171900003	0.12509633244630886	2.859069885535465e-05
360.413753846	0.12507379316853823	2.834734530038392e-05
361.623195973	0.1250497065392339	2.809484866921174e-05
362.8326381	0.12502405420604887	2.7833970819754664e-05
364.04208022700004	0.12499682200566366	2.7565465422583846e-05
365.25152235400003	0.12496799990260546	2.7290075225747812e-05
366.460964481	0.12493758191703037	2.7008529596980517e-05
367.670406608	0.1249055660419388	2.6721542325697382e-05
368.87984873500005	0.12487195415034498	2.6429809707488728e-05
370.08929086200004	0.1248367518929039	2.6134008887282475e-05
371.29873298900003	0.1247999685865674	2.5834796470073183e-05
372.508175116	0.1247616170948128	2.5532807386512653e-05
373.717617243	0.1247217137000404	2.5228653997492158e-05
374.92705937000005	0.12468027796872665	2.4922925432277647e-05
376.13650149700004	0.12463733260994002	2.4616187141141226e-05
377.34594362400003	0.12459290332783265	2.430898064936876e-05
378.555385751	0.12454701866873631	2.400182349530658e-05
379.764827878	0.1244997098634687	2.3695209331689907e-05
380.97427000500005	0.12445101066550013	2.33896081708081e-05
382.18371213200004	0.12440095718558643	2.3085466762546864e-05
383.393154259	0.12434958772350713	2.2783209071594474e-05
384.602596386	0.12429694259751392	2.2483236847495096e-05
385.812038513	0.12424306397211093	2.2185930257117528e-05
387.02148064000005	0.12418799568477004	2.18916485727265e-05
388.23092276700004	0.12413178307216656	2.160073088347095e-05
389.440364894	0.12407447279652863	2.131349682720935e-05
390.649807021	0.12401611267265286	2.1030247314747763e-05
391.859249148	0.12395675149614926	2.0751265240386195e-05
393.06869127500005	0.12389643887344318	2.0476816161820912e-05
394.27813340200004	0.12383522505404906	2.020714893661731e-05
395.487575529	0.12377316076560994	1.994249631019038e-05
396.697017656	0.12371029705217917	1.9683075439776023e-05
397.906459783	0.1236466851161872	1.9429088359387606e-05
399.11590191000005	0.12358237616451807	1.918072236680627e-05
400.32534403700004	0.1235174212591022	1.8938150344245155e-05
401.534786164	0.1234518711723869	1.870153100552236e-05
402.744228291	0.12338577624803579	1.8471009069073437e-05
403.953670418	0.12331918626717586	1.8246715365482743e-05
405.16311254500005	0.1232521503204738	1.802876687782483e-05
406.37255467200004	0.123184716686305	1.7817266727241943e-05
407.581996799	0.12311693271524389	1.761230410585465e-05
408.791438926	0.12304884472107312	1.741395416914641e-05
410.000881053	0.12298049787848837	1.7222277890446496e-05
411.21032318000005	0.12291193612762463	1.7037321898015533e-05
412.41976530700003	0.12284320208553898	1.685911829452598e-05
413.629207434	0.12277433696470587	1.6687684473526155e-05
414.838649561	0.12270538049859187	1.652302295237335e-05
416.04809168800006	0.12263637087433996	1.636512121095675e-05
417.25753381500004	0.12256734467255168	1.6213951570222865e-05
418.46697594200003	0.12249833681414546	1.606947110587463e-05
419.676418069	0.1224293805142363	1.59316216066393e-05
420.885860196	0.12236050724296318	1.5800329595539803e-05
422.09530232300006	0.12229174669316109	1.5675506410288664e-05
423.30474445000004	0.12222312675475455	1.5557048350340066e-05
424.51418657700003	0.12215467349574069	1.5444836905189616e-05
425.723628704	0.12208641114958656	1.533873905712444e-05
426.933070831	0.12201836210887017	1.5238607664667968e-05
428.14251295800005	0.12195054692497727	1.5144281930321819e-05
429.35195508500004	0.12188298431362182	1.5055587947618935e-05
430.56139721200003	0.121815691165995	1.4972339333302861e-05
431.770839339	0.12174868256528422	1.4894337933126366e-05
432.980281466	0.12168197180832897	1.4821374605649744e-05
434.18972359300005	0.1216155704321517	1.4753230076081023e-05
435.39916572000004	0.12154948824511635	1.4689675854004051e-05
436.60860784700003	0.12148373336242049	1.4630475208733763e-05
437.818049974	0.12141831224566783	1.4575384195931257e-05
439.027492101	0.12135322974624006	1.4524152727922257e-05
440.23693422800005	0.1212884891521795	1.4476525680425339e-05
441.44637635500004	0.12122409223831211	1.443224402251993e-05
442.65581848200003	0.12116003931932318	1.4391045965198371e-05
443.865260609	0.12109632930550875	1.4352668117821666e-05
445.074702736	0.12103295976092164	1.4316846646726444e-05
446.28414486300005	0.12096992696364268	1.4283318421823443e-05
447.49358699000004	0.12090722596789688	1.4251822148039495e-05
448.703029117	0.12084485066775663	1.4222099466103879e-05
449.912471244	0.12078279386216742	1.4193896027271004e-05
451.121913371	0.12072104732103384	1.4166962520722789e-05
452.33135549800005	0.12065960185213175	1.414105565913328e-05
453.54079762500004	0.12059844736859163	1.4115939105649034e-05
454.750239752	0.12053757295672633	1.409138434677584e-05
455.959681879	0.12047696694397772	1.406717150146073e-05
457.169124006	0.12041661696676026	1.4043090062740209e-05
458.37856613300005	0.12035651003800253	1.4018939566680938e-05
459.58800826000004	0.12029663261417922	1.399453019597065e-05
460.797450387	0.12023697066165139	1.3969683304494038e-05
462.006892514	0.12017750972212625	1.3944231865968343e-05
463.216334641	0.12011823497708125	1.3918020853676184e-05
464.42577676800005	0.12005913131097704	1.3890907539941662e-05
465.63521889500004	0.12000018337311935	1.3862761723312385e-05
466.844661022	0.11994137563802791	1.3833465884643136e-05
468.054103149	0.11988269246418083	1.3802915273207386e-05
469.26354527600006	0.11982411815101379	1.3771017922267678e-05
470.47298740300005	0.11976563699406927	1.373769460243866e-05
471.68242953000004	0.11970723333819043	1.370287871075592e-05
472.891871657	0.11964889162867315	1.3666516104947308e-05
474.101313784	0.11959059646029312	1.3628564879043718e-05
475.31075591100006	0.1195323326241338	1.3588995090160724e-05
476.52019803800005	0.11947408515216383	1.3547788438590958e-05
477.72964016500003	0.1194158393595029	1.3504937902903747e-05
478.939082292	0.1193575808843275	1.3460447339660713e-05
480.148524419	0.1192992957253968	1.3414331044503822e-05
481.35796654600006	0.11924097027715436	1.3366613287879247e-05
482.56740867300005	0.11918259136240188	1.3317327818233914e-05
483.77685080000003	0.11912414626252338	1.3266517347875778e-05
484.986292927	0.11906562274526304	1.3214233017326742e-05
486.195735054	0.11900700909005994	1.3160533844306222e-05
487.40517718100006	0.11894829411094916	1.3105486163130924e-05
488.61461930800004	0.11888946717704858	1.304916305622648e-05
489.82406143500003	0.11883051823065822	1.2991643777867043e-05
491.033503562	0.11877143780299732	1.2933013180128709e-05
492.242945689	0.11871221702762247	1.2873361134814234e-05
493.45238781600005	0.11865284765156561	1.2812781965693817e-05
494.66182994300004	0.11859332204423675	1.2751373879922694e-05
495.87127207000003	0.11853363320414757	1.2689238414118888e-05
497.080714197	0.11847377476351505	1.2626479886269281e-05
498.290156324	0.11841374099079285	1.2563204860988768e-05
499.49959845100005	0.11835352679121812	1.2499521632659193e-05
500.70904057800004	0.11829312770541371	1.2435539718055416e-05
501.91848270500003	0.11823253990613977	1.2371369371557484e-05
503.127924832	0.11817176019326343	1.2307121115569469e-05
504.337366959	0.11811078598701405	1.2242905291273587e-05
505.54680908600005	0.11804961531961557	1.2178831628634632e-05
506.75625121300004	0.11798824682536876	1.2115008839727854e-05
507.96569334000003	0.1179266797292671	1.2051544230378057e-05
509.175135467	0.11786491383423713	1.198854333670082e-05
510.384577594	0.11780294950707808	1.192610958201694e-05
511.59401972100005	0.11774078766319204	1.1864343958879486e-05
512.803461848	0.11767842975018752	1.1803344733911251e-05
514.0129039750001	0.11761587773045175	1.1743207171638796e-05
515.2223461020001	0.11755313406276173	1.168402328701921e-05
516.4317882290001	0.11749020168303957	1.1625881619751852e-05
517.641230356	0.11742708398431631	1.15688670257579e-05
518.850672483	0.1173637847960063	1.1513060500178634e-05
520.06011461	0.11730030836256618	1.1458539014916625e-05
521.269556737	0.11723665932162655	1.1405375381656115e-05
522.478998864	0.11717284268167114	1.1353638137025353e-05
523.688440991	0.11710886379934572	1.130339144719853e-05
524.897883118	0.11704472835647732	1.1254695030885842e-05
526.1073252450001	0.11698044233687545	1.1207604105575882e-05
527.3167673720001	0.11691601200298903	1.116216935066292e-05
528.5262094990001	0.11685144387249573	1.1118436890540016e-05
529.735651626	0.11678674469488631	1.1076448292125146e-05
530.945093753	0.11672192142811437	1.1036240583249373e-05
532.15453588	0.1166569812153772	1.0997846282940625e-05
533.363978007	0.11659193136208343	1.096129344885044e-05
534.573420134	0.11652677931307809	1.0926605742087339e-05
535.782862261	0.11646153263016672	1.0893802497756714e-05
536.9923043880001	0.11639619897000165	1.0862898813949452e-05
538.2017465150001	0.11633078606238512	1.0833905650954644e-05
539.4111886420001	0.1162653016890228	1.0806829940307264e-05
540.6206307690001	0.11619975366278634	1.0781674703036089e-05
541.830072896	0.11613414980751809	1.075843917839317e-05
543.039515023	0.11606849793842602	1.073711895779611e-05
544.24895715	0.11600280584309594	1.071770612826305e-05
545.458399277	0.11593708126315605	1.0700189418783243e-05
546.667841404	0.11587133187663295	1.0684554353750883e-05
547.877283531	0.11580556528101224	1.0670783411380819e-05
549.0867256580001	0.11573978897704076	1.065885618042296e-05
550.2961677850001	0.11567401035328663	1.0648749525373835e-05
551.5056099120001	0.11560823667147484	1.0640437747953411e-05
552.715052039	0.11554247505261554	1.0633892752574933e-05
553.924494166	0.11547673246394496	1.0629084210218403e-05
555.133936293	0.11541101570667482	1.0625979722836242e-05
556.34337842	0.11534533140457463	1.0624544984350497e-05
557.552820547	0.11527968599338519	1.062474393942257e-05
558.762262674	0.11521408571106068	1.0626538944197387e-05
559.971704801	0.1151485365888541	1.0629890915325415e-05
561.1811469280001	0.1150830444432316	1.0634759482619002e-05
562.3905890550001	0.11501761486861786	1.064110313597683e-05
563.6000311820001	0.11495225323096914	1.0648879362817823e-05
564.809473309	0.11488696466215458	1.0658044790007356e-05
566.018915436	0.11482175405515545	1.0668555308389126e-05
567.228357563	0.11475662606004754	1.0680366204648155e-05
568.43779969	0.11469158508077179	1.0693432277019407e-05
569.647241817	0.11462663527266921	1.0707707950495752e-05
570.856683944	0.11456178054076337	1.0723147385856072e-05
572.066126071	0.11449702453876964	1.0739704581856888e-05
573.2755681980001	0.1144323706688223	1.0757333469838423e-05
574.4850103250001	0.11436782208188266	1.0775988006348809e-05
575.6944524520001	0.11430338167882066	1.0795622256536446e-05
576.903894579	0.11423905211213206	1.0816190473064917e-05
578.113336706	0.11417483578827985	1.0837647169256734e-05
579.322778833	0.11411073487062454	1.0859947187080958e-05
580.53222096	0.11404675128292299	1.0883045760073098e-05
581.741663087	0.1139828867133651	1.0906898568417738e-05
582.951105214	0.1139191426191194	1.0931461796015359e-05
584.160547341	0.11385552023136306	1.0956692173193743e-05
585.3699894680001	0.11379202056077072	1.09825470258099e-05
586.5794315950001	0.1137286444034207	1.10089843116448e-05
587.7888737220001	0.11366539234709605	1.1035962656224166e-05
588.998315849	0.11360226477795914	1.1063441387863361e-05
590.207757976	0.11353926188755503	1.1091380565477638e-05
591.417200103	0.11347638368011989	1.1119741004574801e-05
592.62664223	0.11341362998017428	1.1148484303611331e-05
593.836084357	0.11335100044035148	1.1177572862491481e-05
595.045526484	0.11328849454945161	1.1206969903347897e-05
596.2549686110001	0.11322611164068035	1.1236639487832458e-05
597.4644107380001	0.11316385090004594	1.1266546533626271e-05
598.6738528650001	0.11310171137488947	1.1296656827148941e-05
599.8832949920001	0.11303969198251763	1.1326937036969046e-05
601.092737119	0.11297779151891325	1.1357354729069867e-05
602.302179246	0.1129160086674886	1.1387878372325144e-05
603.511621373	0.11285434200787071	1.141847735260007e-05
604.7210635	0.11279279002468089	1.1449121981315168e-05
605.930505627	0.11273135111628682	1.1479783503799034e-05
607.139947754	0.11267002360350548	1.1510434107718075e-05
608.3493898810001	0.11260880573823592	1.1541046932312752e-05
609.5588320080001	0.11254769571199345	1.1571596074635793e-05
610.7682741350001	0.1124866916643331	1.1602056597285816e-05
611.9777162620001	0.11242579169113448	1.163240453484158e-05
613.187158389	0.11236499385273	1.166261690057502e-05
614.396600516	0.11230429618186608	1.1692671693150449e-05
615.606042643	0.1122436966914713	1.1722547902338454e-05
616.81548477	0.11218319338222246	1.1752225511812183e-05
618.024926897	0.1121227842498862	1.1781685506303028e-05
619.234369024	0.11206246729243041	1.181090987660879e-05
620.4438111510001	0.11200224051688831	1.1839881620868802e-05
621.6532532780001	0.11194210194596303	1.1868584747017111e-05
622.8626954050001	0.11188204962436751	1.1897004278145324e-05
624.072137532	0.11182208162487858	1.1925126250927878e-05
625.281579659	0.11176219605411676	1.195293771718625e-05
626.491021786	0.1117023910580197	1.1980426741521508e-05
627.700463913	0.11164266482702508	1.2007582402391593e-05
628.90990604	0.1115830156009436	1.2034394787596754e-05
630.119348167	0.11152344167352361	1.2060854990607406e-05
631.328790294	0.11146394139670611	1.2086955104170966e-05
632.5382324210001	0.11140451318456022	1.2112688215641106e-05
633.7476745480001	0.11134515551690835	1.2138048398568457e-05
634.9571166750001	0.11128586694263096	1.2163030701202426e-05
636.166558802	0.11122664608265713	1.2187631137548296e-05
637.376000929	0.11116749163264084	1.2211846674814796e-05
638.585443056	0.1111084023653289	1.223567521832565e-05
639.794885183	0.11104937713261287	1.2259115598285925e-05
641.00432731	0.11099041486728536	1.2282167550410095e-05
642.213769437	0.11093151458448824	1.2304831699051534e-05
643.4232115640001	0.11087267538287356	1.2327109535769873e-05
644.6326536910001	0.11081389644546741	1.2349003399560542e-05
645.8420958180001	0.11075517704026026	1.2370516452253464e-05
647.0515379450001	0.11069651652051807	1.239165265663306e-05
648.260980072	0.1106379143248275	1.2412416746878537e-05
649.470422199	0.11057936997688145	1.2432814204449253e-05
650.679864326	0.11052088308501735	1.245285122802663e-05
651.889306453	0.11046245334151206	1.2472534705434523e-05
653.09874858	0.11040408052165136	1.2491872181870313e-05
654.308190707	0.11034576448257097	1.2510871829503033e-05
655.5176328340001	0.11028750516189276	1.2529542413162213e-05
656.7270749610001	0.11022930257616068	1.2547893256621145e-05
657.9365170880001	0.11017115681908722	1.2565934210148673e-05
659.1459592150001	0.1101130680596188	1.2583675613117414e-05
660.355401342	0.11005503653983775	1.2601128261494018e-05
661.564843469	0.10999706257271168	1.2618303367766058e-05
662.774285596	0.10993914653969183	1.263521252758024e-05
663.983727723	0.10988128888818434	1.2651867680708946e-05
665.19316985	0.10982349012890111	1.2668281076629006e-05
666.402611977	0.10976575083309636	1.2684465234129003e-05
667.6120541040001	0.10970807162971137	1.2700432907462443e-05
668.8214962310001	0.10965045320242596	1.2716197046834827e-05
670.0309383580001	0.10959289628664319	1.2731770762375999e-05
671.2403804850001	0.10953540166640026	1.274716728836022e-05
672.449822612	0.10947797017123523	1.2762399946732573e-05
673.659264739	0.1094206026730046	1.2777482111132256e-05
674.868706866	0.10936330008267416	1.2792427173986981e-05
676.078148993	0.10930606334708197	1.2807248508349269e-05
677.28759112	0.10924889344569824	1.2821959437636606e-05
678.497033247	0.10919179138737627	1.2836573201979136e-05
679.7064753740001	0.10913475820711678	1.2851102926291225e-05
680.9159175010001	0.1090777949628413	1.2865561588759848e-05
682.1253596280001	0.10902090273220258	1.2879961993218312e-05
683.3348017550001	0.1089640826094183	1.2894316737891813e-05
684.544243882	0.10890733570215372	1.2908638189589402e-05
685.753686009	0.10885066312845292	1.2922938457518165e-05
686.963128136	0.10879406601372388	1.2937229365507724e-05
688.172570263	0.10873754548779553	1.2951522433211411e-05
689.38201239	0.10868110268203729	1.2965828850158293e-05
690.5914545170001	0.10862473872655946	1.298015945449534e-05
691.8008966440001	0.10856845474749578	1.2994524716323256e-05
693.0103387710001	0.1085122518643751	1.3008934716051336e-05
694.2197808980001	0.10845613118758356	1.3023399130660626e-05
695.429223025	0.10840009381592434	1.3037927216866935e-05
696.638665152	0.10834414083428108	1.3052527798534605e-05
697.848107279	0.10828827331138051	1.3067209252509357e-05
699.057549406	0.1082324922976711	1.308197950090094e-05
700.266991533	0.10817679882330551	1.309684599805643e-05
701.47643366	0.10812119389623653	1.3111815725666226e-05
702.6858757870001	0.10806567850043429	1.3126895185527694e-05
703.8953179140001	0.1080102535942149	1.3142090395558747e-05
705.1047600410001	0.10795492010868708	1.3157406884667175e-05
706.3142021680001	0.10789967894631643	1.3172849692370023e-05
707.523644295	0.10784453097961447	1.3188423368012151e-05
708.733086422	0.10778947704993944	1.3204131971102997e-05
709.942528549	0.10773451796642011	1.3219979073055167e-05
711.151970676	0.10767965450499993	1.3235967762055329e-05
712.361412803	0.10762488740759263	1.3252100646597608e-05
713.57085493	0.10757021738135544	1.326837986031384e-05
714.7802970570001	0.107515645098084	1.3284807071919148e-05
715.9897391840001	0.10746117119370976	1.330138348997799e-05
717.1991813110001	0.10740679626791329	1.3318109875181938e-05
718.4086234380001	0.10735252088384717	1.3334986547971899e-05
719.618065565	0.10729834556796	1.3352013400138933e-05
720.827507692	0.10724427080992868	1.3369189906744827e-05
722.036949819	0.10719029706268575	1.3386515139645478e-05
723.246391946	0.10713642474254795	1.3403987776833139e-05
724.455834073	0.10708265422943528	1.3421606121682537e-05
725.6652762	0.10702898586717838	1.343936811408515e-05
726.8747183270001	0.10697541996391735	1.3457271344794153e-05
728.0841604540001	0.10692195679257714	1.3475313072114932e-05
729.2936025810001	0.1068685965914244	1.3493490237196569e-05
730.5030447080001	0.10681533956469909	1.3511799479603774e-05
731.712486835	0.10676218588331314	1.3530237151646906e-05
732.921928962	0.10670913568561942	1.3548799336950374e-05
734.131371089	0.10665618907823572	1.3567481866344541e-05
735.340813216	0.10660334613693503	1.3586280332502886e-05
736.550255343	0.10655060690758154	1.3605190106123566e-05
737.7596974700001	0.10649797140711825	1.362420635165809e-05
738.9691395970001	0.10644543962459792	1.3643324046245723e-05
740.1785817240001	0.10639301152225501	1.3662537991171273e-05
741.3880238510001	0.1063406870366127	1.3681842828042221e-05
742.5974659780001	0.10628846607962164	1.3701233054844767e-05
743.806908105	0.10623634853982432	1.3720703041613147e-05
745.016350232	0.10618433428354378	1.3740247039511254e-05
746.225792359	0.10613242315609292	1.3759859200151527e-05
747.435234486	0.10608061498299355	1.3779533584897295e-05
748.644676613	0.10602890957121017	1.3799264181644108e-05
749.8541187400001	0.1059773067103889	1.3819044912469447e-05
751.0635608670001	0.10592580617410385	1.3838869648601606e-05
752.2730029940001	0.10587440772109484	1.3858732220114905e-05
753.4824451210001	0.10582311109650934	1.3878626427870917e-05
754.6918872480001	0.10577191603313346	1.389854605183181e-05
755.901329375	0.10572082225261026	1.3918484862384371e-05
757.110771502	0.10566982946664955	1.3938436627734856e-05
758.320213629	0.1056189373782171	1.3958395123895399e-05
759.529655756	0.10556814568270458	1.3978354141928794e-05
760.739097883	0.10551745406908143	1.3998307494613265e-05
761.9485400100001	0.10546686222101317	1.4018249023907198e-05
763.1579821370001	0.10541636981796393	1.4038172607119617e-05
764.3674242640001	0.10536597653626012	1.4058072164101843e-05
765.5768663910001	0.10531568205012966	1.407794165912073e-05
766.786308518	0.10526548603270287	1.4097775109618424e-05
767.995750645	0.1052153881569805	1.4117566587565394e-05
769.205192772	0.10516538809676625	1.4137310225504235e-05
770.414634899	0.10511548552755783	1.4157000220733673e-05
771.624077026	0.10506568012740351	1.417663083458658e-05
772.833519153	0.10501597157771506	1.4196196399618912e-05
774.0429612800001	0.10496635956403749	1.421569131977827e-05
775.2524034070001	0.10491684377678417	1.4235110073778548e-05
776.4618455340001	0.10486742391191924	1.4254447215902768e-05
777.6712876610001	0.10481809967160428	1.427369737937344e-05
778.880729788	0.10476887076479635	1.4292855274913976e-05
780.090171915	0.10471973690780557	1.4311915695835215e-05
781.299614042	0.10467069782480852	1.4330873516691854e-05
782.509056169	0.10462175324831328	1.4349723694617692e-05
783.718498296	0.10457290291958439	1.4368461269795645e-05
784.9279404230001	0.10452414658902687	1.438708136525737e-05
786.1373825500001	0.10447548401651742	1.4405579190547108e-05
787.3468246770001	0.10442691497170355	1.4423950038605994e-05
788.5562668040001	0.10437843923425352	1.444218928813936e-05
789.7657089310001	0.10433005659406844	1.4460292401903638e-05
790.975151058	0.10428176685145098	1.4478254929865701e-05
792.184593185	0.1042335698172374	1.4496072506861707e-05
793.394035312	0.10418546531288797	1.4513740852581912e-05
794.603477439	0.10413745317054006	1.4531255773642446e-05
795.812919566	0.10408953323302626	1.4548613161719783e-05
797.0223616930001	0.10404170535385611	1.4565808994167536e-05
798.2318038200001	0.10399396939716232	1.4582839335489488e-05
799.4412459470001	0.10394632523761509	1.4599700334633802e-05
800.6506880740001	0.10389877276030483	1.4616388226267288e-05
801.8601302010001	0.10385131186059689	1.4632899332930927e-05
803.069572328	0.10380394244395029	1.4649230061075659e-05
804.279014455	0.10375666442572057	1.4665376904397845e-05
805.488456582	0.10370947773092468	1.4681336442645679e-05
806.697898709	0.1036623822939902	1.4697105340868752e-05
807.907340836	0.10361537805847816	1.4712680350739e-05
809.1167829630001	0.10356846497678569	1.4728058312231583e-05
810.3262250900001	0.10352164300982912	1.4743236150329203e-05
811.5356672170001	0.10347491212670867	1.4758210877123074e-05
812.7451093440001	0.10342827230435549	1.4772979591695473e-05
813.9545514710001	0.10338172352716506	1.4787539481533477e-05
815.163993598	0.10333526578662003	1.4801887822064279e-05
816.373435725	0.10328889908089577	1.4816021975336476e-05
817.582877852	0.10324262341445739	1.4829939392990934e-05
818.792319979	0.103196438797653	1.4843637614754442e-05
820.001762106	0.10315034524629163	1.4857114270483384e-05
821.2112042330001	0.10310434278122184	1.4870367078808427e-05
822.4206463600001	0.10305843142790287	1.4883393850159373e-05
823.6300884870001	0.10301261121597113	1.4896192485006017e-05
824.8395306140001	0.1029668821788109	1.4908760974834909e-05
826.0489727410001	0.10292124435312028	1.4921097403151816e-05
827.258414868	0.1028756977784771	1.4933199946304917e-05
828.467856995	0.10283024249691247	1.4945066874094033e-05
829.677299122	0.102784878552481	1.4956696550591586e-05
830.886741249	0.10273960599084178	1.496808743454462e-05
832.0961833760001	0.10269442485883792	1.4979238079505756e-05
833.3056255030001	0.10264933520409186	1.4990147135838026e-05
834.5150676300001	0.10260433707460352	1.5000813350658612e-05
835.7245097570001	0.10255943051835209	1.5011235568436657e-05
836.9339518840001	0.1025146155829178	1.5021412733085833e-05
838.143394011	0.10246989231510557	1.503134388778355e-05
839.352836138	0.1024252607605854	1.504102817513403e-05
840.562278265	0.10238072096353901	1.5050464838584592e-05
841.771720392	0.10233627296632493	1.5059653225025872e-05
842.981162519	0.10229191680915276	1.506859278232707e-05
844.1906046460001	0.1022476525297717	1.5077283060970754e-05
845.4000467730001	0.10220348016317321	1.5085723718921435e-05
846.6094889000001	0.1021593997413117	1.5093914514457039e-05
847.8189310270001	0.10211541129283479	1.5101855313029737e-05
849.0283731540001	0.10207151484283032	1.5109546086082955e-05
850.237815281	0.10202771041259183	1.511698691218223e-05
851.447257408	0.1019839980193971	1.5124177975122171e-05
852.656699535	0.10194037767630466	1.5131119567244685e-05
853.866141662	0.10189684939196038	1.5137812088812572e-05
855.075583789	0.1018534131704292	1.51442560473748e-05
856.2850259160001	0.1018100690110365	1.5150452059934412e-05
857.4944680430001	0.10176681690822845	1.5156400852008727e-05
858.7039101700001	0.10172365685144336	1.5162103255834767e-05
859.9133522970001	0.10168058882500769	1.5167560213859869e-05
861.1227944240001	0.10163761280804028	1.5172772778152345e-05
862.332236551	0.10159472877437367	1.5177742106450327e-05
863.541678678	0.10155193669249218	1.5182469466803189e-05
864.751120805	0.10150923652548323	1.5186956234243828e-05
865.960562932	0.10146662823100557	1.5191203891608698e-05
867.170005059	0.10142411176126621	1.5195214028356228e-05
868.3794471860001	0.10138168706302124	1.5198988341144866e-05
869.5888893130001	0.10133935407757842	1.520252863110693e-05
870.7983314400001	0.10129711274081984	1.5205836804413576e-05
872.0077735670001	0.10125496298323719	1.5208914871424546e-05
873.2172156940001	0.10121290472997468	1.5211764944186824e-05
874.426657821	0.10117093790088602	1.5214389236836392e-05
875.636099948	0.10112906241060621	1.521679006350367e-05
876.845542075	0.10108727816862459	1.5218969834809248e-05
878.054984202	0.1010455850793761	1.5220931060888653e-05
879.2644263290001	0.10100398304234084	1.5222676344334365e-05
880.4738684560001	0.10096247195214679	1.5224208380482417e-05
881.6833105830001	0.10092105169868447	1.5225529954214719e-05
882.8927527100001	0.10087972216723427	1.5226643938753798e-05
884.1021948370001	0.10083848323858756	1.5227553289298463e-05
885.3116369640001	0.10079733478919005	1.5228261042594938e-05
886.521079091	0.10075627669127907	1.5228770311998786e-05
887.730521218	0.10071530881302983	1.5229084281589733e-05
888.939963345	0.10067443101870872	1.5229206203815835e-05
890.149405472	0.10063364316882957	1.5229139394181493e-05
891.3588475990001	0.10059294512031008	1.5228887222135155e-05
892.5682897260001	0.10055233672663468	1.5228453107297924e-05
893.7777318530001	0.10051181783801932	1.5227840510594587e-05
894.9871739800001	0.10047138830157913	1.5227052925807319e-05
896.1966161070001	0.10043104796149317	1.5226093872974724e-05
897.406058234	0.10039079665917776	1.5224966884934359e-05
898.615500361	0.10035063423345245	1.522367549877554e-05
899.824942488	0.10031056052070866	1.5222223243290727e-05
901.034384615	0.10027057535508448	1.5220613624675149e-05
902.243826742	0.10023067856862616	1.521885011460956e-05
903.4532688690001	0.1001908699914604	1.521693613250492e-05
904.6627109960001	0.1001511494519571	1.5214875030910032e-05
905.8721531230001	0.10011151677689528	1.521267007597603e-05
907.0815952500001	0.10007197179162576	1.521032443083148e-05
908.2910373770001	0.10003251432022746	1.5207841132694314e-05
909.500479504	0.09999314418567092	1.5205223076682617e-05
910.709921631	0.09995386120996566	1.5202472987763437e-05
911.919363758	0.09991466521431755	1.519959340322025e-05
913.128805885	0.09987555601927328	1.5196586645048222e-05
914.338248012	0.09983653344486954	1.5193454799735698e-05
915.5476901390001	0.09979759731077095	1.5190199690588853e-05
916.7571322660001	0.0997587474364107	1.5186822854359993e-05
917.9665743930001	0.09971998364112529	1.5183325516836884e-05
919.1760165200001	0.0996813057442834	1.5179708567295175e-05
920.3854586470001	0.09964271356541551	1.517597253753448e-05
921.594900774	0.0996042069243348	1.517211757434973e-05
922.804342901	0.09956578564125704	1.516814342206089e-05
924.013785028	0.09952744953691486	1.5164049398561202e-05
925.223227155	0.09948919843267066	1.5159834378615231e-05
926.432669282	0.09945103215061976	1.5155496774233449e-05
927.6421114090001	0.09941295051369647	1.515103452343651e-05
928.8515535360001	0.09937495334576735	1.514644507401396e-05
930.0609956630001	0.09933704047172866	1.5141725375186759e-05
931.2704377900001	0.09929921171759115	1.5136871870248848e-05
932.4798799170001	0.09926146691056772	1.5131880490408551e-05
933.689322044	0.09922380587915239	1.5126746657862507e-05
934.898764171	0.09918622845319322	1.5121465281646307e-05
936.108206298	0.09914873446396423	1.5116030768212213e-05
937.317648425	0.09911132374423137	1.5110437027542623e-05
938.5270905520001	0.09907399612831187	1.5104677488087211e-05
939.7365326790001	0.09903675145213026	1.5098745109925245e-05
940.9459748060001	0.09899958955327132	1.5092632403212932e-05
942.1554169330001	0.09896251027102368	1.508633145475896e-05
943.3648590600001	0.09892551344642533	1.507983395102132e-05
944.5743011870001	0.09888859892229394	1.5073131210755368e-05
945.783743314	0.09885176654326412	1.5066214214413024e-05
946.993185441	0.09881501615581206	1.5059073643113222e-05
948.202627568	0.09877834760827547	1.5051699915357822e-05
949.412069695	0.09874176075087107	1.5044083229987203e-05
950.6215118220001	0.09870525543570657	1.503621360972808e-05
951.8309539490001	0.09866883151678742	1.5028080948194395e-05
953.0403960760001	0.09863248885001656	1.5019675058412391e-05
954.2498382030001	0.09859622729319	1.501098572010919e-05
955.4592803300001	0.09856004670599074	1.5002002735095395e-05
956.6687224570001	0.09852394694997166	1.4992715977995343e-05
957.878164584	0.09848792788853791	1.4983115448326531e-05
959.087606711	0.09845198938692097	1.4973191324621878e-05
960.297048838	0.09841613131215146	1.4962934020447675e-05
961.506490965	0.09838035353302124	1.4952334233484477e-05
962.7159330920001	0.09834465592005033	1.494138300028672e-05
963.9253752190001	0.09830903834543551	1.4930071748213717e-05
965.1348173460001	0.09827350068300668	1.4918392344758616e-05
966.3442594730001	0.09823804280817272	1.4906337145900796e-05
967.5537016000001	0.09820266459786094	1.4893899043274199e-05
968.763143727	0.09816736593045862	1.488107150804546e-05
969.972585854	0.09813214668574508	1.4867848631424063e-05
971.182027981	0.09809700674482273	1.4854225166690047e-05
972.391470108	0.09806194599004202	1.4840196562563278e-05
973.600912235	0.09802696430492755	1.4825758997869625e-05
974.8103543620001	0.09799206157409591	1.4810909409967816e-05
976.0197964890001	0.09795723768317312	1.4795645520522298e-05
977.2292386160001	0.09792249251871005	1.477996585913117e-05
978.4386807430001	0.09788782596809556	1.4763869782597318e-05
979.6481228700001	0.09785323791946593	1.4747357488791278e-05
980.857564997	0.09781872826161606	1.4730430029607424e-05
982.067007124	0.09778429688390711	1.4713089317218272e-05
983.276449251	0.09774994367617452	1.4695338127387626e-05
984.485891378	0.09771566852863295	1.4677180102219463e-05
985.6953335050001	0.09768147133178669	1.4658619745032793e-05
986.9047756320001	0.09764735197633582	1.4639662413124766e-05
988.1142177590001	0.09761331035308363	1.462031430918361e-05
989.3236598860001	0.09757934635284829	1.4600582465213677e-05
990.5331020130001	0.09754545986637093	1.4580474726251335e-05
991.7425441400001	0.0975116507842324	1.4559999731021304e-05
992.951986267	0.09747791899676463	1.4539166888598257e-05
994.161428394	0.09744426439396801	1.4517986351003254e-05
995.370870521	0.0974106868654332	1.4496468987747429e-05
996.580312648	0.09737718630026444	1.4474626354005182e-05
997.7897547750001	0.09734376258700192	1.4452470657545105e-05
998.9991969020001	0.09731041561355801	1.443001472380916e-05
1000.2086390290001	0.09727714526714396	1.4407271959985869e-05
1001.4180811560001	0.09724395143421165	1.4384256317568488e-05
1002.6275232830001	0.09721083400039215	1.4360982250789846e-05
1003.8369654100001	0.09717779285043973	1.433746467957878e-05
1005.046407537	0.0971448278681849	1.4313718947388141e-05
1006.255849664	0.09711193893648389	1.4289760777016159e-05
1007.465291791	0.09707912593717727	1.4265606230853174e-05
1008.674733918	0.0970463887510518	1.424127166696903e-05
1009.8841760450001	0.09701372725780512	1.4216773695346408e-05
1011.0936181720001	0.09698114133601474	1.4192129137061766e-05
1012.3030602990001	0.09694863086311287	1.4167354980119547e-05
1013.5125024260001	0.09691619571536317	1.4142468337979048e-05
1014.7219445530001	0.0968838357678392	1.4117486407896222e-05
1015.9313866800001	0.09685155089441282	1.4092426430663214e-05
1017.140828807	0.09681934096773867	1.406730564597182e-05
1018.350270934	0.09678720585924633	1.404214125912933e-05
1019.559713061	0.09675514543913528	1.4016950397249434e-05
1020.769155188	0.09672315957637097	1.399175007573402e-05
1021.9785973150001	0.09669124813868483	1.3966557158356723e-05
1023.1880394420001	0.0966594109925782	1.3941388324420651e-05
1024.397481569	0.0966276480033248	1.3916260032805557e-05
1025.606923696	0.09659595903498283	1.3891188490666383e-05
1026.816365823	0.09656434395039838	1.386618962103248e-05
1028.0258079500002	0.09653280261122443	1.3841279032237415e-05
1029.235250077	0.09650133487792875	1.3816471988456122e-05
1030.4446922040001	0.09646994060981548	1.3791783383395964e-05
1031.654134331	0.09643861966504032	1.3767227712795677e-05
1032.8635764580001	0.09640737190062901	1.3742819048815171e-05
1034.073018585	0.0963761971725024	1.3718571017443756e-05
1035.282460712	0.0963450953354978	1.369449677445e-05
1036.491902839	0.09631406624339416	1.3670608986884171e-05
1037.701344966	0.09628310974893989	1.3646919809311699e-05
1038.9107870930002	0.09625222570388031	1.3623440868953708e-05
1040.12022922	0.09622141395898867	1.3600183246841614e-05
1041.3296713470002	0.09619067436409766	1.3577157463307715e-05
1042.539113474	0.09616000676813458	1.3554373462082207e-05
1043.7485556010001	0.09612941101915204	1.3531840598443474e-05
1044.957997728	0.09609888696436725	1.3509567627575848e-05
1046.167439855	0.09606843445020172	1.3487562693923126e-05
1047.376881982	0.09603805332231775	1.3465833323348769e-05
1048.586324109	0.09600774342565993	1.3444386416326014e-05
1049.795766236	0.0959775046045014	1.3423228241236946e-05
1051.005208363	0.09594733670248032	1.3402364433176117e-05
1052.2146504900002	0.0959172395626519	1.3381799987007265e-05
1053.424092617	0.09588721302753216	1.3361539259804277e-05
1054.6335347440001	0.09585725693914367	1.334158597110869e-05
1055.842976871	0.09582737113906759	1.3321943203774143e-05
1057.0524189980001	0.09579755546848842	1.3302613410700322e-05
1058.261861125	0.0957678097682468	1.3283598416478233e-05
1059.471303252	0.09573813387889059	1.3264899427735939e-05
1060.680745379	0.09570852764072411	1.3246517038447912e-05
1061.890187506	0.09567899089386052	1.3228451243924396e-05
1063.0996296330002	0.09564952347827599	1.3210701448326995e-05
1064.30907176	0.09562012523385602	1.3193266480488894e-05
1065.5185138870002	0.09559079600045117	1.3176144606769271e-05
1066.727956014	0.0955615356179283	1.3159333547505305e-05
1067.9373981410001	0.09553234392622066	1.3142830493661235e-05
1069.146840268	0.0955032207653776	1.3126632123114189e-05
1070.356282395	0.09547416597561538	1.3110734624779418e-05
1071.565724522	0.09544517939736616	1.3095133713110584e-05
1072.775166649	0.09541626087132297	1.3079824653752965e-05
1073.9846087760002	0.0953874102384895	1.3064802284234131e-05
1075.194050903	0.0953586273402221	1.3050061035380923e-05
1076.4034930300002	0.09532991201827794	1.3035594956525657e-05
1077.612935157	0.09530126411485139	1.3021397739869053e-05
1078.8223772840001	0.09527268347261907	1.3007462744330207e-05
1080.031819411	0.09524416993477523	1.29937830219456e-05
1081.2412615380001	0.09521572334506984	1.2980351340503153e-05
1082.450703665	0.09518734354784239	1.2967160212653033e-05
1083.660145792	0.09515903038805572	1.2954201919571548e-05
1084.869587919	0.09513078371132491	1.2941468536964096e-05
1086.079030046	0.09510260336394868	1.292895196208224e-05
1087.2884721730002	0.09507448919293048	1.2916643936313474e-05
1088.4979143	0.0950464410460087	1.2904536074590345e-05
1089.7073564270001	0.09501845877167235	1.2892619888469678e-05
1090.916798554	0.09499054221918654	1.2880886808580129e-05
1092.1262406810001	0.09496269123860353	1.2869328214724064e-05
1093.335682808	0.09493490568078253	1.2857935454017083e-05
1094.545124935	0.09490718539740227	1.2846699867701489e-05
1095.754567062	0.09487953024096932	1.283561281264892e-05
1096.964009189	0.09485194006482996	1.2824665684604542e-05
1098.1734513160002	0.09482441472317388	1.281384993861365e-05
1099.382893443	0.09479695407104029	1.280315710922441e-05
1100.5923355700002	0.09476955796432003	1.2792578833646355e-05
1101.801777697	0.09474222625975738	1.2782106869225641e-05
1103.0112198240001	0.09471495881494754	1.2771733109295614e-05
1104.220661951	0.09468775548833257	1.2761449606893235e-05
1105.430104078	0.0946606161391984	1.2751248587024794e-05
1106.639546205	0.09463354062766738	1.2741122464403363e-05
1107.848988332	0.09460652881469098	1.2731063859533601e-05
1109.058430459	0.09457958056203972	1.2721065611793732e-05
1110.267872586	0.09455269573229123	1.2711120794840414e-05
1111.4773147130002	0.09452587418881683	1.2701222727503666e-05
1112.68675684	0.09449911579576775	1.2691364987450068e-05
1113.8961989670001	0.09447242041806195	1.2681541420529706e-05
1115.105641094	0.0944457879213624	1.267174615214044e-05
1116.3150832210001	0.09441921817206334	1.2661973596034218e-05
1117.524525348	0.09439271103727066	1.2652218462132438e-05
1118.733967475	0.09436626638477912	1.264247576567398e-05
1119.943409602	0.09433988408305387	1.2632740832184891e-05
1121.152851729	0.09431356400120494	1.2623009303264958e-05
1122.3622938560002	0.09428730600896752	1.2613277142027985e-05
1123.571735983	0.09426110997667615	1.2603540637803678e-05
1124.7811781100002	0.09423497577524036	1.2593796406687769e-05
1125.990620237	0.09420890327611846	1.258404139611689e-05
1127.2000623640001	0.09418289235129347	1.2574272885246802e-05
1128.409504491	0.09415694287324462	1.2564488484848417e-05
1129.618946618	0.0941310547149212	1.2554686137488269e-05
1130.828388745	0.0941052277497158	1.2544864116231937e-05
1132.037830872	0.09407946185143551	1.2535021022023772e-05
1133.2472729990002	0.09405375689427467	1.2525155780312567e-05
1134.456715126	0.09402811275278421	1.2515267638884873e-05
1135.6661572530002	0.09400252930184842	1.2505356162193897e-05
1136.87559938	0.09397700641665317	1.2495421225467814e-05
1138.0850415070001	0.09395154397265894	1.2485463008644996e-05
1139.294483634	0.09392614184557144	1.2475481990865206e-05
1140.5039257610001	0.09390079991131442	1.2465478941878888e-05
1141.713367888	0.0938755180460052	1.2455454913432831e-05
1142.922810015	0.09385029612592223	1.24454112309044e-05
1144.132252142	0.09382513402748223	1.243534948368036e-05
1145.341694269	0.09380003162721329	1.2425271514784336e-05
1146.5511363960002	0.0937749888017292	1.241517941021866e-05
1147.760578523	0.09375000542770524	1.2405075489090885e-05
1148.9700206500002	0.0937250813818518	1.2394962289824947e-05
1150.179462777	0.0937002165408953	1.2384842559638606e-05
1151.3889049040001	0.09367541078155231	1.2374719241616184e-05
1152.598347031	0.09365066398050922	1.2364595461405906e-05
1153.807789158	0.09362597601440227	1.235447451537911e-05
1155.017231285	0.09360134675979637	1.2344359855819431e-05
1156.226673412	0.09357677609317096	1.2334255079180723e-05
1157.4361155390002	0.09355226389089787	1.2324163910180528e-05
1158.645557666	0.09352781002922717	1.2314090190371958e-05
1159.8549997930002	0.09350341438427597	1.2304037861023928e-05
1161.06444192	0.09347907683200812	1.2294010952700999e-05
1162.2738840470001	0.09345479724822742	1.2284013569095901e-05
1163.483326174	0.0934305755085654	1.2274049873511342e-05
1164.6927683010001	0.09340641148847122	1.2264124076171058e-05
1165.902210428	0.093382305063203	1.2254240418982841e-05
1167.111652555	0.0933582561078234	1.2244403161846713e-05
1168.321094682	0.09333426449718908	1.2234616572308658e-05
1169.530536809	0.09331033010595206	1.2224884908777976e-05
1170.7399789360002	0.0932864528085557	1.2215212409163631e-05
1171.949421063	0.09326263247923032	1.220560327906513e-05
1173.1588631900001	0.09323886899199663	1.2196061678410214e-05
1174.368305317	0.09321516222066549	1.2186591709700231e-05
1175.5777474440001	0.09319151203884048	1.217719740766526e-05
1176.787189571	0.09316791831992406	1.2167882727863734e-05
1177.996631698	0.093144380937119	1.215865153432728e-05
1179.206073825	0.09312089976343894	1.2149507590869657e-05
1180.415515952	0.09309747467171534	1.2140454550297015e-05
1181.6249580790002	0.09307410553460635	1.2131495945394274e-05
1182.834400206	0.09305079222460556	1.2122635182421839e-05
1184.0438423330002	0.09302753461405562	1.2113875529381548e-05
1185.25328446	0.0930043325751627	1.2105220108094188e-05
1186.4627265870001	0.09298118598000746	1.2096671889816774e-05
1187.672168714	0.09295809470056059	1.2088233685699126e-05
1188.881610841	0.09293505860870124	1.2079908141981834e-05
1190.091052968	0.0929120775762322	1.2071697735501166e-05
1191.300495095	0.09288915147489726	1.2063604763884441e-05
1192.5099372220002	0.09286628017640337	1.2055631345801606e-05
1193.719379349	0.0928434635524397	1.2047779414528105e-05
1194.9288214760002	0.09282070147469787	1.2040050716276505e-05
1196.138263603	0.09279799381489293	1.203244680426809e-05
1197.3477057300001	0.09277534044478794	1.202496903862965e-05
1198.557147857	0.09275274123621735	1.2017618584312398e-05
1199.7665899840001	0.09273019606111138	1.2010396409070988e-05
1200.976032111	0.09270770479151608	1.2003303283026807e-05
1202.185474238	0.09268526729962558	1.1996339778104376e-05
1203.394916365	0.09266288345780231	1.198950627009753e-05
1204.604358492	0.09264055313860547	1.198280293606134e-05
1205.8138006190002	0.09261827621481689	1.1976229757744626e-05
1207.023242746	0.09259605255946779	1.1969786520853209e-05
1208.2326848730002	0.09257388204586595	1.1963472820308754e-05
1209.442127	0.09255176454762098	1.1957288060154854e-05
