0.0	0.0	0.0
1.209442127	0.0004109234400317196	2.733047570116392e-09
2.418884254	0.001641491486831046	3.392793880076377e-09
3.6283263810000004	0.003685721638050907	4.044905705958446e-09
4.837768508	0.006533944507723755	4.685192438466801e-09
6.047210635000001	0.01017297325243266	5.3120589038009756e-09
7.256652762000001	0.014586250299883552	5.9278310472153595e-09
8.466094889	0.01975400171711934	6.529687579239723e-09
9.675537016	0.025653400771270284	7.116173356761184e-09
10.884979143	0.0322587411690521	7.695166690847232e-09
12.094421270000002	0.039541619837614186	8.257492746719807e-09
13.303863397	0.047471128646972345	8.803593042395013e-09
14.513305524000002	0.05601405425163029	9.338301511220702e-09
15.722747651	0.06513508512530751	9.844554057242387e-09
16.932189778	0.07479702435462164	1.0384497825482427e-08
18.141631905	0.08496100656594945	1.1005752371490914e-08
19.351074032	0.0955867190386273	1.1650342579258597e-08
20.560516159000002	0.10663262513143967	1.2115699388987163e-08
21.769958286	0.11805618850344574	1.1832264868838235e-08
22.979400413	0.1298140966811491	1.0109204019779927e-08
24.188842540000003	0.14186248239379812	7.731545028457619e-09
25.398284667000002	0.154157142928136	5.025345276888307e-09
26.607726794	0.1666537556608847	1.883855027056772e-09
27.817168921	0.17930808800612544	-1.7949914357445381e-09
29.026611048000003	0.1920762012464838	-6.0460479119440384e-09
30.236053175000002	0.2049146472833626	-1.0861314686669225e-08
31.445495302	0.21778065731492574	-1.6165604272387194e-08
32.654937429	0.23063232155714078	-2.1807705459095574e-08
33.864379556	0.24342875921821194	-2.7566455181835583e-08
35.073821683000006	0.2561302780264098	-3.315369067373516e-08
36.28326381	0.2686985227312854	-3.8250333058688046e-08
37.492705937000004	0.28109661208243225	-4.2547076041056066e-08
38.702148064	0.29328926386078125	-4.575738374992394e-08
39.911590191	0.305242907597903	-4.7609722393008085e-08
41.121032318000005	0.3169257846984653	-4.7839578183797164e-08
42.330474445	0.32830803578635825	-4.6190772901923594e-08
43.539916572	0.3393617751966773	-4.2413350569847487e-08
44.749358699000005	0.3500611526404792	-3.625021523096634e-08
45.958800826	0.360382402155865	-2.7430655420743055e-08
47.168242953000004	0.37030387852491525	-1.5681575977783803e-08
48.377685080000006	0.3798060814157087	-7.519215715079419e-10
49.587127207	0.3888716675830253	1.7560003162111473e-08
50.796569334000004	0.39748545152806564	3.938737576998597e-08
52.00601146100001	0.4056343950749723	6.479257586688978e-08
53.215453588	0.41330758637371795	9.378401531492348e-08
54.424895715000005	0.4204962088878208	1.2634630966915504e-07
55.634337842	0.42719350096739167	1.6247150054993226e-07
56.843779969	0.4333947066470175	2.0217421240121287e-07
58.053222096000006	0.4390970183576902	2.454759341391606e-07
59.262664223	0.4442995123029829	2.9236690732794963e-07
60.472106350000004	0.44900307727359884	3.427935572362552e-07
61.68154847700001	0.4532103376152658	3.9671455609711997e-07
62.890990604	0.45692557101678777	4.541700398728793e-07
64.100432731	0.46015462187832956	5.152653521609199e-07
65.309874858	0.462904811084123	5.800952757529392e-07
66.519316985	0.4651848428927559	6.486958725167928e-07
67.728759112	0.46700470958575724	7.210400524332087e-07
68.93820123900001	0.4683755945422167	7.97050887592802e-07
70.14764336600001	0.4693097744117582	8.766173902462538e-07
71.357085493	0.469820521022791	9.596112024421002e-07
72.56652762	0.4699220036202235	1.045904277347397e-06
73.775969747	0.4696291919850203	1.1353853635484745e-06
74.98541187400001	0.468957760940394	1.2279754662964315e-06
76.19485400100001	0.4679239967045529	1.3236432423696073e-06
77.404296128	0.46654470551844274	1.4224200823780888e-06
78.613738255	0.464837124934823	1.5244230482330502e-06
79.823180382	0.4628188380673116	1.6299074401278062e-06
81.032622509	0.4605076909868783	1.7393344750932785e-06
82.24206463600001	0.4579217134721011	1.8533376257472968e-06
83.45150676300001	0.45507904346350225	1.9725306567984188e-06
84.66094889	0.4519978554566126	2.0973107519426104e-06
85.870391017	0.4486962928564632	2.227769300760491e-06
87.079833144	0.4451924043431974	2.3636786873564304e-06
88.28927527100001	0.4415040843558296	2.504515596381995e-06
89.49871739800001	0.4376490177720544	2.6495123354957584e-06
90.708159525	0.4336446288009084	2.797731811402915e-06
91.917601652	0.4295080340485715	2.948153530762115e-06
93.127043779	0.4252559996753409	3.099753050616727e-06
94.33648590600001	0.4209049025360327	3.2515597528368398e-06
95.54592803300001	0.4164706951840085	3.402687531993145e-06
96.75537016000001	0.41196887461453746	3.55234562879977e-06
97.964812287	0.4074144546189846	3.6998458561407697e-06
99.174254414	0.4028219416082417	3.844619864120363e-06
100.383696541	0.3982053137356251	3.986240259383064e-06
101.59313866800001	0.3935780031094718	4.124408481392383e-06
102.80258079500001	0.3889528808661675	4.258861822227358e-06
104.01202292200001	0.3843422449297332	4.389205624692182e-06
105.221465049	0.37975781040944584	4.514770513157543e-06
106.430907176	0.3752107026580308	4.634611360627137e-06
107.64034930300001	0.37071145292751567	4.747663311148755e-06
108.84979143000001	0.3662699963859859	4.85296419168513e-06
110.05923355700001	0.3618956721382143	4.949820155239475e-06
111.268675684	0.35759722491598056	5.0378257180967945e-06
112.478117811	0.35338280824938284	5.116739077557691e-06
113.687559938	0.3492599890718311	5.186299509966624e-06
114.89700206500001	0.345235753753129	5.246084641296719e-06
116.10644419200001	0.3413165155150225	5.295452861374249e-06
117.31588631900001	0.33750812312773143	5.333560998146537e-06
118.525328446	0.3338158707542064	5.3594241915408365e-06
119.734770573	0.33024450880515605	5.37198909755156e-06
120.94421270000001	0.3267982556803233	5.370206353618393e-06
122.15365482700001	0.32348081028822456	5.353100914743383e-06
123.36309695400001	0.3202953652509814	5.319844713862657e-06
124.572539081	0.31724462071114995	5.269834562271065e-06
125.781981208	0.3143307986643284	5.20277164743692e-06
126.99142333500001	0.31155565774680943	5.118730533967392e-06
128.200865462	0.30892050841445445	5.018199608788233e-06
129.410307589	0.3064262284589087	4.902075392282847e-06
130.619749716	0.30407327881881696	4.771601392464363e-06
131.82919184300002	0.30186171965259545	4.628255804969531e-06
133.03863397	0.2997912266413929	4.473605949362916e-06
134.24807609700002	0.29786110748569283	4.309156338799473e-06
135.457518224	0.2960703185501088	4.1362194104572845e-06
136.666960351	0.29441748160426817	3.955832678822262e-06
137.87640247800002	0.292900900607534	3.7687343043459083e-06
139.085844605	0.2915185784928477	3.5753931093123696e-06
140.29528673200002	0.2902682339163628	3.3760745696486537e-06
141.504728859	0.28914731794849435	3.1709178389984843e-06
142.714170986	0.2881530306850327	2.960002922994112e-06
143.92361311300002	0.28728233775528306	2.743398000886622e-06
145.13305524	0.28653198670191943	2.5211871888227377e-06
146.34249736700002	0.2858985232068394	2.29348435295419e-06
147.551939494	0.2853783071389361	2.0604387919635296e-06
148.761381621	0.2849675284020132	1.8222366273551286e-06
149.97082374800002	0.2846622225629937	1.5790996507147019e-06
151.180265875	0.2844582862417843	1.3312822904745652e-06
152.38970800200002	0.28435149224474193	1.0790671401691622e-06
153.599150129	0.28433750442398237	8.22759749823745e-07
154.808592256	0.2844118922453528	5.626835127358484e-07
156.018034383	0.2845701450484898	2.9917523859482994e-07
157.22747651	0.28480768598322087	3.258147661612985e-08
158.43691863700002	0.2851198856073423	-2.367448858401048e-07
159.646360764	0.28550207513154496	-5.08448633196649e-07
160.85580289100002	0.2859495592981084	-7.821780522005264e-07
162.065245018	0.28645762888126364	-1.0575942209711358e-06
163.274687145	0.28702157279911256	-1.3343857594763027e-06
164.48412927200002	0.28763668982955914	-1.6122906415193191e-06
165.693571399	0.28829829992543904	-1.8911247780109022e-06
166.90301352600002	0.289001755126136	-2.1708123692822863e-06
168.112455653	0.2897424500622714	-2.451405156960017e-06
169.32189778	0.29051583204407466	-2.73306759237688e-06
170.53133990700002	0.2913174107102409	-3.015998532389522e-06
171.740782034	0.29214276719511195	-3.3002690978962947e-06
172.95022416100002	0.29298756276219884	-3.585592716124866e-06
174.159666288	0.2938475468738428	-3.871101005811329e-06
175.369108415	0.29471856472821484	-4.155236944352082e-06
176.57855054200002	0.2955965643580876	-4.435842446707068e-06
177.787992669	0.2964776033871753	-4.710413816157799e-06
178.99743479600002	0.2973578554653292	-4.976408082764515e-06
180.206876923	0.29823361632087686	-5.231482559786786e-06
181.41631905	0.29910130934729545	-5.473621505284585e-06
182.62576117700002	0.2999574906789292	-5.70117176313697e-06
183.835203304	0.3007988537568549	-5.912831170035389e-06
185.04464543100002	0.30162223340929795	-6.107621709994782e-06
186.254087558	0.30242460947285577	-6.284860759923068e-06
187.46352968500003	0.3032031099738938	-6.444132888220299e-06
188.67297181200001	0.3039550138823083	-6.5852617186726e-06
189.882413939	0.30467775344461817	-6.708282189373406e-06
191.09185606600002	0.30536891610032935	-6.81341440787742e-06
192.301298193	0.30602624598482253	-6.901039857905942e-06
193.51074032000002	0.3066476450232593	-6.971679768241065e-06
194.720182447	0.30723117362223185	-7.0259748154939e-06
195.929624574	0.30777505096782526	-7.064665486152647e-06
197.13906670100002	0.30827765494002546	-7.088572913809466e-06
198.348508828	0.30873752165398305	-7.098580439179536e-06
199.55795095500002	0.30915334463879435	-7.095616299030923e-06
200.767393082	0.3095239736646969	-7.0806377867173125e-06
201.976835209	0.3098484132297017	-7.054617040580536e-06
203.18627733600002	0.3101258207169796	-7.0185284483664354e-06
204.395719463	0.3103555042345905	-6.973337550121446e-06
205.60516159000002	0.3105369201494614	-6.919991279774533e-06
206.814603717	0.31066967032772336	-6.859409419943797e-06
208.02404584400003	0.31075349909382455	-6.792477198402967e-06
209.23348797100002	0.31078828992106394	-6.7200390356008296e-06
210.442930098	0.3107740618663981	-6.642893467215954e-06
211.65237222500002	0.3107109657626484	-6.561789335437373e-06
212.861814352	0.31059928018147503	-6.477423256126906e-06
214.07125647900003	0.31043940718074786	-6.390438381512546e-06
215.28069860600002	0.3102318678502202	-6.301424402889699e-06
216.490140733	0.30997729766968674	-6.210918661433158e-06
217.69958286000002	0.3096764416940365	-6.11940824524887e-06
218.909024987	0.3093301495798828	-6.027332871448035e-06
220.11846711400003	0.3089393704686054	-5.935088394123936e-06
221.32790924100001	0.3085051477408818	-5.8430307710839585e-06
222.537351368	0.3080286136578394	-5.751480346705637e-06
223.74679349500002	0.3075109839041513	-5.660726356837377e-06
224.956235622	0.3069535520483904	-5.571031526806228e-06
226.16567774900003	0.30635768393600327	-5.482636712279925e-06
227.375119876	0.30572481203025614	-5.395765438689203e-06
228.584562003	0.30505642971644176	-5.3106282526423e-06
229.79400413000002	0.30435408558456195	-5.227426729043154e-06
231.003446257	0.3036193777055755	-5.146356966997113e-06
232.21288838400002	0.30285394791617026	-5.067612416559469e-06
233.422330511	0.3020594761268242	-4.991385856412243e-06
234.63177263800003	0.3012376746676801	-4.91787042003304e-06
235.84121476500002	0.3003902826865935	-4.8472595720808455e-06
237.050656892	0.29951906061329364	-4.77974602071297e-06
238.26009901900002	0.2986257847033897	-4.715519644765083e-06
239.469541146	0.29771224167548455	-4.654764520158573e-06
240.67898327300003	0.29678022345433824	-4.5976552426246615e-06
241.88842540000002	0.2958315220324418	-4.54435273149439e-06
243.097867527	0.29486792446198734	-4.494999768348619e-06
244.30730965400002	0.2938912079885608	-4.449716461173475e-06
245.516751781	0.29290313533736084	-4.408595898640095e-06
246.72619390800003	0.29190545016208963	-4.37170016513081e-06
247.93563603500002	0.29089987266599865	-4.339056902832324e-06
249.145078162	0.28988809540389404	-4.310656572232898e-06
250.35452028900002	0.28887177927317503	-4.286450526381643e-06
251.563962416	0.2878525497012333	-4.266349974597714e-06
252.77340454300003	0.28683199303581725	-4.250225893180697e-06
253.98284667000001	0.28581165314415563	-4.237909900974089e-06
255.192288797	0.2847930282259107	-4.2291960988354135e-06
256.401730924	0.2837775678442313	-4.2238438152379565e-06
257.61117305100004	0.282766670178392	-4.221581208871212e-06
258.820615178	0.2817616795007824	-4.222109634942939e-06
260.030057305	0.28076388388019996	-4.225108669073172e-06
261.239499432	0.27977451311268914	-4.23024165757359e-06
262.448941559	0.27879473688041806	-4.237161670345497e-06
263.65838368600004	0.2778256631383603	-4.24551769772822e-06
264.867825813	0.2768683367278262	-4.254960959566059e-06
266.07726794	0.2759237382152507	-4.265151154217038e-06
267.286710067	0.27499278295388896	-4.275762548532341e-06
268.49615219400005	0.2740763203654856	-4.286489722734457e-06
269.70559432100004	0.27317513343831273	-4.297052901899092e-06
270.915036448	0.2722899384373607	-4.3072027412013996e-06
272.124478575	0.27142138482188327	-4.316724478814603e-06
273.333920702	0.2705700553649518	-4.325441407229985e-06
274.54336282900005	0.26973646646911487	-4.333217583124969e-06
275.75280495600003	0.2689210686718176	-4.339959761679832e-06
276.962247083	0.2681242473337132	-4.345618529949637e-06
278.17168921	0.2673463235026597	-4.350188628553549e-06
279.381131337	0.26658755494574754	-4.353708482474254e-06
280.59057346400004	0.26584813734138696	-4.356258952337548e-06
281.80001559100003	0.26512820562319644	-4.3579613600035085e-06
283.009457718	0.26442783546712834	-4.35897482625976e-06
284.218899845	0.26374704491305156	-4.359492984133825e-06
285.428341972	0.26308579611182153	-4.3597401497841964e-06
286.63778409900004	0.2624439971886957	-4.359967014423701e-06
287.84722622600003	0.2618215042138142	-4.360445965721341e-06
289.056668353	0.2612181232704148	-4.361466115552108e-06
290.26611048	0.26063361261134677	-4.363328136579048e-06
291.475552607	0.2600676848944683	-4.366339006398936e-06
292.68499473400004	0.2595200094875252	-4.370806753378017e-06
293.89443686100003	0.25899021483311124	-4.377035278340288e-06
295.103878988	0.25847789086446865	-4.385319371807526e-06
296.313321115	0.2579825914629258	-4.395939969079411e-06
297.522763242	0.2575038369479675	-4.409159736950813e-06
298.73220536900004	0.2570411165910529	-4.425219048555328e-06
299.94164749600003	0.2565938911445473	-4.444332391366558e-06
301.151089623	0.25616159537730004	-4.466685252824192e-06
302.36053175	0.255743640608712	-4.492431530663565e-06
303.569973877	0.25533941723330983	-4.521691449228077e-06
304.77941600400004	0.2549482972282535	-4.554550043544605e-06
305.98885813100003	0.2545696366363727	-4.591056181210128e-06
307.198300258	0.25420277801776864	-4.631222116436107e-06
308.407742385	0.25384705286327053	-4.675023579209662e-06
309.617184512	0.25350178396342227	-4.7224003662884305e-06
310.82662663900004	0.2531662877270235	-4.773257407142751e-06
312.036068766	0.25283987644359934	-4.8274662854174716e-06
313.245510893	0.2525218604846002	-4.8848671542158e-06
314.45495302	0.25221155043842025	-4.945271031679776e-06
315.664395147	0.25190825917480697	-5.0084624158623635e-06
316.87383727400004	0.25161130383454394	-5.0742021744618685e-06
318.083279401	0.25132000774071067	-5.142230658129031e-06
319.292721528	0.25103370222819604	-5.2122709886479915e-06
320.502163655	0.25075172838852244	-5.284032463030233e-06
321.71160578200005	0.25047343872741334	-5.357214016143811e-06
322.92104790900004	0.25019819873292054	-5.431507690710341e-06
324.130490036	0.24992538835225772	-5.5066020436389795e-06
325.339932163	0.24965440337590436	-5.582185460824426e-06
326.54937429	0.24938465672779525	-5.657949300557757e-06
327.75881641700005	0.2491155796608561	-5.733590834921318e-06
328.96825854400004	0.2488466228574003	-5.8088159442905454e-06
330.177700671	0.24857725743421732	-5.883341529201283e-06
331.387142798	0.24830697585253683	-5.956897615448708e-06
332.596584925	0.24803529273330827	-6.029229118956053e-06
333.80602705200005	0.2477617455784924	-6.100097288929984e-06
335.01546917900004	0.24748589539939922	-6.169280794046307e-06
336.224911306	0.24720732725328354	-6.2365764649214515e-06
337.434353433	0.24692565068969838	-6.301799715994277e-06
338.64379556	0.24664050010831703	-6.3647846454654214e-06
339.85323768700005	0.24635153503015275	-6.425383839962666e-06
341.06267981400003	0.24605844028427976	-6.4834679107327645e-06
342.272121941	0.24576092611239989	-6.53892478969553e-06
343.481564068	0.24545872819369785	-6.591658810959838e-06
344.691006195	0.2451516075926573	-6.641589619079519e-06
345.90044832200005	0.2448393506325884	-6.68865093242383e-06
347.10989044900003	0.24452176869779785	-6.732789187537353e-06
348.319332576	0.2441986979674296	-6.773962118026704e-06
349.528774703	0.24386999908409382	-6.8121372799309e-06
350.73821683	0.24353555676050737	-6.847290568124299e-06
351.94765895700004	0.24319527932745358	-6.879404744850246e-06
353.15710108400003	0.24284909822640724	-6.90846800834077e-06
354.366543211	0.2424969674502329	-6.9344726350985305e-06
355.575985338	0.24213886293543038	-6.95741370248212e-06
356.785427465	0.24177478190937524	-6.9772879159163994e-06
357.99486959200004	0.24140474219605315	-6.994092560382427e-06
359.20431171900003	0.24102878148380627	-7.007824580645915e-06
360.413753846	0.2406469565585514	-7.018479807893046e-06
361.623195973	0.24025934250595932	-7.0260523226852e-06
362.8326381	0.23986603188604377	-7.030533982007759e-06
364.04208022700004	0.23946713388355764	-7.0319140802090916e-06
365.25152235400003	0.2390627734375717	-7.030179168880874e-06
366.460964481	0.23865309035353982	-7.025313015307503e-06
367.670406608	0.23823823840110703	-7.017296694593849e-06
368.87984873500005	0.23781838440082098	-7.006108814413324e-06
370.08929086200004	0.23739370730286524	-6.991725855371672e-06
371.29873298900003	0.23696439726082644	-6.974122615241236e-06
372.508175116	0.23653065470342446	-6.953272753165523e-06
373.717617243	0.23609268940701972	-6.9291494124412935e-06
374.92705937000005	0.23565071957165296	-6.901725909858617e-06
376.13650149700004	0.2352049709032329	-6.87097648867935e-06
377.34594362400003	0.23475567570437458	-6.836877102265079e-06
378.555385751	0.2343030719762975	-6.799406230680404e-06
379.764827878	0.23384740253407585	-6.758545713120525e-06
380.97427000500005	0.2333889141373909	-6.714281580462029e-06
382.18371213200004	0.23292785663883317	-6.666604873599246e-06
383.393154259	0.2324644821516671	-6.615512449486215e-06
384.602596386	0.23199904423885892	-6.561007739860762e-06
385.812038513	0.23153179712502983	-6.503101477284762e-06
387.02148064000005	0.23106299493285343	-6.441812367034004e-06
388.23092276700004	0.23059289094535693	-6.37716769513266e-06
389.440364894	0.23012173689535304	-6.3092038693918485e-06
390.649807021	0.22964978228320618	-6.237966889228564e-06
391.859249148	0.2291772737239435	-6.163512730632219e-06
393.06869127500005	0.22870445432462522	-6.085907656152016e-06
394.27813340200004	0.22823156309277007	-6.005228429788585e-06
395.487575529	0.22775883437649838	-5.9215624467876345e-06
396.697017656	0.2272864973369413	-5.835007778327616e-06
397.906459783	0.22681477545336384	-5.7456731217012e-06
399.11590191000005	0.22634388606131392	-5.65367765992742e-06
400.32534403700004	0.225874039924022	-5.559150842622886e-06
401.534786164	0.22540544083716724	-5.462232075580077e-06
402.744228291	0.22493828526700002	-5.36307033038354e-06
403.953670418	0.22447276202175234	-5.261823682235243e-06
405.16311254500005	0.22400905195614654	-5.158658769818522e-06
406.37255467200004	0.22354732770872812	-5.05375019311854e-06
407.581996799	0.22308775347166523	-4.947279847905216e-06
408.791438926	0.2226304847925677	-4.839436204383635e-06
410.000881053	0.222175668407822	-4.730413545109824e-06
411.21032318000005	0.22172344210684405	-4.620411152703739e-06
412.41976530700003	0.22127393462658795	-4.50963247146561e-06
413.629207434	0.22082726557558044	-4.398284239349384e-06
414.838649561	0.22038354538672045	-4.286575599622108e-06
416.04809168800006	0.21994287529798784	-4.1747172034704724e-06
417.25753381500004	0.2195053473601654	-4.062920304058005e-06
418.46697594200003	0.2190710444706623	-3.9513958607718924e-06
419.676418069	0.21864004043243668	-3.840353641524756e-06
420.885860196	0.2182124000370265	-3.7300013439676396e-06
422.09530232300006	0.21778817917060403	-3.6205437482447224e-06
423.30474445000004	0.21736742494202105	-3.5121818820965335e-06
424.51418657700003	0.2169501758317062	-3.405112221353979e-06
425.723628704	0.21653646186030032	-3.2995259400591225e-06
426.933070831	0.21612630477589792	-3.1956081826417212e-06
428.14251295800005	0.2157197182587182	-3.0935373988511343e-06
429.35195508500004	0.21531670814206777	-2.9934847125763634e-06
430.56139721200003	0.21491727264840058	-2.895613350427655e-06
431.770839339	0.2145214026393099	-2.800078118986115e-06
432.980281466	0.2141290818782797	-2.707024938729707e-06
434.18972359300005	0.21374028730503133	-2.6165904338522274e-06
435.39916572000004	0.21335498932028227	-2.528901572847126e-06
436.60860784700003	0.21297315207979556	-2.444075371580249e-06
437.818049974	0.21259473379655278	-2.362218650023933e-06
439.027492101	0.21221968704993235	-2.28342784445947e-06
440.23693422800005	0.21184795910080825	-2.2077888684705113e-06
441.44637635500004	0.21147949221144405	-2.1353770350092608e-06
442.65581848200003	0.21111422396915594	-2.066257023478967e-06
443.865260609	0.21075208761268338	-2.000482896592931e-06
445.074702736	0.21039301236026275	-1.9380981661772857e-06
446.28414486300005	0.21003692373842084	-1.8791358952491247e-06
447.49358699000004	0.2096837439105397	-1.823618853448151e-06
448.703029117	0.2093333920042594	-1.7715597010681029e-06
449.912471244	0.20898578443684407	-1.7229612120628017e-06
451.121913371	0.20864083523765048	-1.6778165352323204e-06
452.33135549800005	0.20829845636689523	-1.636109478492228e-06
453.54079762500004	0.20795855802991803	-1.5978148246011558e-06
454.750239752	0.20762104898621672	-1.562898671598745e-06
455.959681879	0.20728583685255278	-1.5313187952253505e-06
457.169124006	0.20695282839945137	-1.5030250316123952e-06
458.37856613300005	0.20662192984047542	-1.4779596743059122e-06
459.58800826000004	0.20629304711369742	-1.4560578852598698e-06
460.797450387	0.20596608615481446	-1.4372481303277332e-06
462.006892514	0.20564095316141795	-1.4214525975452874e-06
463.216334641	0.20531755484793976	-1.4085876547630234e-06
464.42577676800005	0.20499579869087095	-1.3985642862878403e-06
465.63521889500004	0.20467559316386008	-1.3912885482286552e-06
466.844661022	0.20435684796235573	-1.386662016199833e-06
468.054103149	0.2040394742174967	-1.3845822408851422e-06
469.26354527600006	0.20372338469898887	-1.3849431875190568e-06
470.47298740300005	0.20340849400674002	-1.3876356867802306e-06
471.68242953000004	0.20309471875108642	-1.3925478682739686e-06
472.891871657	0.2027819777214518	-1.3995655863255552e-06
474.101313784	0.20247019204333142	-1.4085728448887914e-06
475.31075591100006	0.20215928532355104	-1.4194522045073827e-06
476.52019803800005	0.20184918378372796	-1.4320851780097538e-06
477.72964016500003	0.20153981638197496	-1.4463526161697163e-06
478.939082292	0.2012311149228407	-1.4621350784131445e-06
480.148524419	0.20092301415556962	-1.4793131830158584e-06
481.35796654600006	0.2006154518607793	-1.4977679483866213e-06
482.56740867300005	0.20030836892566806	-1.517381115637805e-06
483.77685080000003	0.20000170940790662	-1.5380354493371046e-06
484.986292927	0.199695420588394	-1.5596150263950741e-06
486.195735054	0.19938945301310326	-1.5820055046731001e-06
487.40517718100006	0.19908376052420387	-1.605094365825557e-06
488.61461930800004	0.19877830028075774	-1.6287711507759494e-06
489.82406143500003	0.1984730327692341	-1.6529276719232267e-06
491.033503562	0.19816792180415263	-1.6774582006502335e-06
492.242945689	0.197862934519161	-1.702259644843141e-06
493.45238781600005	0.19755804134887847	-1.7272317053872284e-06
494.66182994300004	0.19725321600185464	-1.7522770093851652e-06
495.87127207000003	0.19694843542500695	-1.7773012345643558e-06
497.080714197	0.1966436797598928	-1.8022132112087191e-06
498.290156324	0.19633893229122248	-1.8269250050198157e-06
499.49959845100005	0.1960341793880032	-1.851351993145028e-06
500.70904057800004	0.19572941043769781	-1.8754129148996577e-06
501.91848270500003	0.19542461777384126	-1.89902991795305e-06
503.127924832	0.19511979659750123	-1.922128581126322e-06
504.337366959	0.194814944893018	-1.944637929648604e-06
505.54680908600005	0.19451006333845255	-1.966490441756193e-06
506.75625121300004	0.19420515521114542	-1.987622034215838e-06
507.96569334000003	0.19390022628884288	-2.0079720493302753e-06
509.175135467	0.1935952847467861	-2.0274832207329615e-06
510.384577594	0.19329034105121093	-2.0461016415541625e-06
511.59401972100005	0.19298540784965443	-2.0637767151172336e-06
512.803461848	0.19268049985851146	-2.0804611011922007e-06
514.0129039750001	0.19237563374822306	-2.0961106644428134e-06
515.2223461020001	0.19207082802652317	-2.1106844026978225e-06
516.4317882290001	0.19176610292012872	-2.1241443815119985e-06
517.641230356	0.1914614802552696	-2.136455655895986e-06
518.850672483	0.19115698333742745	-2.1475861984232692e-06
520.06011461	0.1908526368306707	-2.157506816239913e-06
521.269556737	0.1905484666369288	-2.166191067291772e-06
522.478998864	0.19024449977556032	-2.1736151779745e-06
523.688440991	0.18994076426356246	-2.179757952431898e-06
524.897883118	0.1896372889967156	-2.1846006885765213e-06
526.1073252450001	0.18933410363202124	-2.1881270898493375e-06
527.3167673720001	0.1890312384716862	-2.1903231738616838e-06
528.5262094990001	0.18872872434895294	-2.1911771917341174e-06
529.735651626	0.18842659251606417	-2.1906795281472185e-06
530.945093753	0.18812487453458432	-2.1888226277012824e-06
532.15453588	0.18782360216833868	-2.1856008997719916e-06
533.363978007	0.1875228072791956	-2.1810106370525697e-06
534.573420134	0.1872225217258871	-2.175049931879201e-06
535.782862261	0.18692277726607665	-2.167718595236855e-06
536.9923043880001	0.18662360546184806	-2.159018073664136e-06
538.2017465150001	0.18632503758877178	-2.1489513757513788e-06
539.4111886420001	0.18602710454870705	-2.137522990924917e-06
540.6206307690001	0.18572983678646954	-2.124738817445307e-06
541.830072896	0.18543326421047482	-2.110606091236728e-06
543.039515023	0.18513741611747092	-2.095133312857771e-06
544.24895715	0.18484232112143112	-2.0783301828300475e-06
545.458399277	0.18454800708669714	-2.060207531640619e-06
546.667841404	0.18425450106542038	-2.0407772589752397e-06
547.877283531	0.18396182923934562	-2.0200522706370334e-06
549.0867256580001	0.18367001686595985	-1.9980464217659756e-06
550.2961677850001	0.1833790882290393	-1.974774456397181e-06
551.5056099120001	0.18308906659359006	-1.9502519525255627e-06
552.715052039	0.1827999741651537	-1.9244952716903084e-06
553.924494166	0.18251183205349175	-1.8975215040568238e-06
555.133936293	0.18222466024058018	-1.869348422271857e-06
556.34337842	0.18193847755289058	-1.8399944327763585e-06
557.552820547	0.18165330163789686	-1.809478531396929e-06
558.762262674	0.1813691489447299	-1.777820256447377e-06
559.971704801	0.1810860347089178	-1.7450396524834731e-06
561.1811469280001	0.18080397294112197	-1.7111572256108736e-06
562.3905890550001	0.18052297641975854	-1.6761939075903114e-06
563.6000311820001	0.18024305668743518	-1.64017101886175e-06
564.809473309	0.1799642240510537	-1.6031102302903047e-06
566.018915436	0.17968648758549324	-1.5650335354753274e-06
567.228357563	0.17940985514072788	-1.5259632124866846e-06
568.43779969	0.17913433335225937	-1.4859217968522489e-06
569.647241817	0.17885992765472253	-1.4449320502807276e-06
570.856683944	0.1785866422985334	-1.4030169353898193e-06
572.066126071	0.17831448036941658	-1.3601995845743278e-06
573.2755681980001	0.17804344381068057	-1.3165032801836849e-06
574.4850103250001	0.17777353344808489	-1.2719514253516433e-06
575.6944524520001	0.17750474901713154	-1.2265675234221344e-06
576.903894579	0.17723708919264491	-1.1803751554420173e-06
578.113336706	0.17697055162046826	-1.1333979610480112e-06
579.322778833	0.17670513295111584	-1.0856596180750544e-06
580.53222096	0.17644082887523274	-1.0371838192561432e-06
581.741663087	0.17617763416068621	-9.879942633166497e-07
582.951105214	0.17591554269114698	-9.381146312946022e-07
584.160547341	0.17565454750598014	-8.875685727546913e-07
585.3699894680001	0.17539464084131168	-8.363796923787812e-07
586.5794315950001	0.17513581417209667	-7.845715348234591e-07
587.7888737220001	0.174878058255039	-7.321675683184254e-07
588.998315849	0.17462136317222296	-6.791911765929982e-07
590.207757976	0.17436571837528925	-6.256656439643564e-07
591.417200103	0.17411111273002172	-5.716141451800356e-07
592.62664223	0.17385753456120404	-5.170597320833882e-07
593.836084357	0.17360497169760092	-4.620253253282041e-07
595.045526484	0.17335341151693676	-4.0653370272062806e-07
596.2549686110001	0.17310284099073517	-3.5060748986223686e-07
597.4644107380001	0.17285324672890306	-2.942691491365805e-07
598.6738528650001	0.17260461502392221	-2.3754097282475288e-07
599.8832949920001	0.17235693189455964	-1.804450703944917e-07
601.092737119	0.1721101831289598	-1.2300335976436808e-07
602.302179246	0.17186435432702798	-6.523755871668797e-08
603.511621373	0.1716194309420026	-7.169174961448857e-09
604.7210635	0.17137539832111934	5.1180505653784886e-08
605.930505627	0.17113224174528657	1.0979042534919182e-07
607.139947754	0.17088994646767972	1.6863977126673387e-07
608.3493898810001	0.170648497751182	2.2770798047919912e-07
609.5588320080001	0.1704078809046053	2.869747549117672e-07
610.7682741350001	0.1701680813176146	3.4642007139650893e-07
611.9777162620001	0.1699290844943124	4.060241958253233e-07
613.187158389	0.16969087608541203	4.6576769396870485e-07
614.396600516	0.1694534419189647	5.256314477393139e-07
615.606042643	0.16921676802959995	5.855966679701714e-07
616.81548477	0.16898084068622396	6.456449103961769e-07
618.024926897	0.16874564641817308	7.057580878265562e-07
619.234369024	0.1685111720397762	7.659184910728217e-07
620.4438111510001	0.1682774046733125	8.26108804372375e-07
621.6532532780001	0.1680443317703557	8.863121183359732e-07
622.8626954050001	0.1678119411314842	9.465119550870028e-07
624.072137532	0.1675802209243652	1.006692282968794e-06
625.281579659	0.1673491597002041	1.0668375336516436e-06
626.491021786	0.16711874640856578	1.1269326249228555e-06
627.700463913	0.16688897041058454	1.1869629798945114e-06
628.90990604	0.1666598214905703	1.2469145454731583e-06
630.119348167	0.16643128986602634	1.3067738136034277e-06
631.328790294	0.1662033661961118	1.3665278408978443e-06
632.5382324210001	0.16597604158856533	1.4261642697178584e-06
633.7476745480001	0.1657493076051225	1.4856713489696724e-06
634.9571166750001	0.1655231562654649	1.545037952758568e-06
636.166558802	0.1652975800497278	1.6042535986326157e-06
637.376000929	0.16507257189961447	1.66330847051069e-06
638.585443056	0.1648481252181563	1.722193433722648e-06
639.794885183	0.1646242338681582	1.7809000553951644e-06
641.00432731	0.16440089216938658	1.8394206204540723e-06
642.213769437	0.16417809489453755	1.8977481446361874e-06
643.4232115640001	0.16395583726404864	1.9558763956332264e-06
644.6326536910001	0.16373411493979273	2.0137999020598822e-06
645.8420958180001	0.16351292401772313	2.0715139690028576e-06
647.0515379450001	0.16329226101951233	2.129014683568095e-06
648.260980072	0.16307212288325074	2.1862989320901015e-06
649.470422199	0.16285250695325648	2.2433644006247156e-06
650.679864326	0.16263341096905565	2.3002095841834217e-06
651.889306453	0.16241483305359902	2.3568337913303233e-06
653.09874858	0.16219677170076224	2.413237143935624e-06
654.308190707	0.16197922576219467	2.4694205791810552e-06
655.5176328340001	0.16176219443358064	2.525385847796137e-06
656.7270749610001	0.1615456772403655	2.5811355058241085e-06
657.9365170880001	0.16132967402299972	2.6366729124552723e-06
659.1459592150001	0.16111418492177812	2.69200221822529e-06
660.355401342	0.16089921036131188	2.7471283555247606e-06
661.564843469	0.16068475103469734	2.8020570261744486e-06
662.774285596	0.16047080788744073	2.8567946819092484e-06
663.983727723	0.16025738210118473	2.911348509370622e-06
665.19316985	0.1600444750773043	2.965726408133069e-06
666.402611977	0.15983208842040053	3.0199369707359418e-06
667.6120541040001	0.1596202239217721	3.073989452430913e-06
668.8214962310001	0.15940888354288502	3.1278937496506423e-06
670.0309383580001	0.15919806939891112	3.181660367491562e-06
671.2403804850001	0.1589877837423608	3.2353003894272373e-06
672.449822612	0.15877802894687681	3.2888254433774762e-06
673.659264739	0.1585688074912007	3.342247668145278e-06
674.868706866	0.1583601219433876	3.395579675222509e-06
676.078148993	0.15815197494527689	3.4488345105842214e-06
677.28759112	0.15794436919726698	3.502025612589969e-06
678.497033247	0.15773730744343495	3.555166775460943e-06
679.7064753740001	0.15753079245702434	3.608272102002451e-06
680.9159175010001	0.15732482702632644	3.6613559599214137e-06
682.1253596280001	0.15711941394099802	3.7144329397150556e-06
683.3348017550001	0.1569145559788242	3.7675178058096975e-06
684.544243882	0.1567102558929645	3.8206254516395704e-06
685.753686009	0.15650651639969004	3.8737708509278035e-06
686.963128136	0.15630334016664515	3.926969013804781e-06
688.172570263	0.15610072980163378	3.980234933985144e-06
689.38201239	0.15589868784196348	4.033583543631792e-06
690.5914545170001	0.15569721674434683	4.087029666343765e-06
691.8008966440001	0.1554963188753746	4.140587966896359e-06
693.0103387710001	0.15529599650257442	4.194272905844471e-06
694.2197808980001	0.15509625178605307	4.2480986934446875e-06
695.429223025	0.15489708677073358	4.302079240670065e-06
696.638665152	0.15469850337919047	4.3562281157173415e-06
697.848107279	0.15450050340508528	4.410558500961731e-06
699.057549406	0.15430308850718782	4.465083145974655e-06
700.266991533	0.15410626020400625	4.519814328566079e-06
701.47643366	0.15391001986899905	4.574763812470142e-06
702.6858757870001	0.15371436872638095	4.629942808163315e-06
703.8953179140001	0.15351930784749643	4.685361934600442e-06
705.1047600410001	0.15332483814777867	4.7410311820892305e-06
706.3142021680001	0.15313096038425206	4.796959880502619e-06
707.523644295	0.15293767515360185	4.8531566632808435e-06
708.733086422	0.15274498289077026	4.909629436665021e-06
709.942528549	0.15255288386808144	4.966385353894623e-06
711.151970676	0.15236137819487555	5.023430782590349e-06
712.361412803	0.15217046581763474	5.0807712845110964e-06
713.57085493	0.15198014652059302	5.138411587958475e-06
714.7802970570001	0.15179041992680364	5.196355569340585e-06
715.9897391840001	0.1516012854996519	5.254606234364882e-06
717.1991813110001	0.15141274254478634	5.313165699146517e-06
718.4086234380001	0.15122479021246413	5.372035175885612e-06
719.618065565	0.1510374275002777	5.431214961422301e-06
720.827507692	0.1508506532562443	5.490704423125514e-06
722.036949819	0.15066446618224405	5.550501992174614e-06
723.246391946	0.15047886483778194	5.610605158481144e-06
724.455834073	0.15029384764404927	5.671010460650452e-06
725.6652762	0.15010941288826882	5.731713490047573e-06
726.8747183270001	0.1499255587283011	5.792708883039278e-06
728.0841604540001	0.1497422831974838	5.853990325172051e-06
729.2936025810001	0.14955958420969567	5.915550553251613e-06
730.5030447080001	0.14937745956460655	5.977381361430691e-06
731.712486835	0.1491959069531109	6.039473603422983e-06
732.921928962	0.14901492396290686	6.101817204869804e-06
734.131371089	0.1488345080842085	6.1644011692592074e-06
735.340813216	0.14865465671557804	6.227213591196619e-06
736.550255343	0.14847536716983342	6.2902416659538635e-06
737.7596974700001	0.14829663668004536	6.353471708530027e-06
738.9691395970001	0.14811846240557	6.416889162681274e-06
740.1785817240001	0.14794084143812508	6.480478623942101e-06
741.3880238510001	0.1477637708078784	6.544223853114215e-06
742.5974659780001	0.14758724748952887	6.608107798728339e-06
743.806908105	0.14741126840837512	6.672112614777989e-06
745.016350232	0.147235830446335	6.736219685513298e-06
746.225792359	0.1470609304479248	6.800409647776412e-06
747.435234486	0.14688656522615953	6.864662412695759e-06
748.644676613	0.14671273156837228	6.9289571961625094e-06
749.8541187400001	0.14653942624194308	6.993272539452643e-06
751.0635608670001	0.14636664599990318	7.057586340472439e-06
752.2730029940001	0.146194387586429	7.121875881344092e-06
753.4824451210001	0.14602264774219545	7.186117857208541e-06
754.6918872480001	0.1458514232095791	7.250288407310412e-06
755.901329375	0.14568071073771033	7.314363146360232e-06
757.110771502	0.14551050708736132	7.378317196976163e-06
758.320213629	0.1453408090356503	7.442125220842674e-06
759.529655756	0.14517161338057005	7.505761454918622e-06
760.739097883	0.14500291694532344	7.569199747257227e-06
761.9485400100001	0.14483471658246902	7.632413588818583e-06
763.1579821370001	0.1446670091778499	7.695376152296436e-06
764.3674242640001	0.14449979165433013	7.758060328109515e-06
765.5768663910001	0.14433306097531295	7.820438762592695e-06
766.786308518	0.14416681414804683	7.882483896266224e-06
767.995750645	0.14400104822670826	7.94416799738993e-06
769.205192772	0.14383576031527354	8.005463211240807e-06
770.414634899	0.1436709475701641	8.066341591263002e-06
771.624077026	0.14350660720267056	8.12677513883829e-06
772.833519153	0.14334273648115775	8.186735849534118e-06
774.0429612800001	0.14317933273304453	8.246195747270556e-06
775.2524034070001	0.14301639334657335	8.305126926863789e-06
776.4618455340001	0.14285391577234616	8.363501594066693e-06
777.6712876610001	0.1426918975246614	8.42129210629817e-06
778.880729788	0.14253033618262748	8.478471012752395e-06
780.090171915	0.14236922939106997	8.535011091841152e-06
781.299614042	0.1422085748612349	8.590885392934793e-06
782.509056169	0.14204837037129178	8.646067276443681e-06
783.718498296	0.14188861376663917	8.70053044790544e-06
784.9279404230001	0.141729302960017	8.754248999202719e-06
786.1373825500001	0.1415704359314394	8.807197443724413e-06
787.3468246770001	0.14141201072794501	8.85935075390039e-06
788.5562668040001	0.14125402546317126	8.910684395222299e-06
789.7657089310001	0.1410964783167715	8.961174360347323e-06
790.975151058	0.14093936753366465	9.010797203098936e-06
792.184593185	0.1407826914231344	9.059530068396971e-06
793.394035312	0.14062644835778676	9.107350722776285e-06
794.603477439	0.14047063677236862	9.154237585967497e-06
795.812919566	0.14031525516245325	9.200169754826552e-06
797.0223616930001	0.14016030208301056	9.245127031607806e-06
798.2318038200001	0.1400057761468575	9.289089946245129e-06
799.4412459470001	0.13985167602300527	9.332039780526398e-06
800.6506880740001	0.13969800043491254	9.373958588572699e-06
801.8601302010001	0.13954474815863827	9.414829215509584e-06
803.069572328	0.13939191802092413	9.454635314113807e-06
804.279014455	0.13923950889720035	9.493361363403397e-06
805.488456582	0.1390875197095225	9.53099267663971e-06
806.697898709	0.13893594942445311	9.567515416851595e-06
807.907340836	0.1387847970508955	9.602916604445865e-06
809.1167829630001	0.1386340616378835	9.637184126772209e-06
810.3262250900001	0.13848374227233776	9.670306744196121e-06
811.5356672170001	0.13833383807679647	9.702274091010853e-06
812.7451093440001	0.13818434820712505	9.733076679774817e-06
813.9545514710001	0.13803527185021516	9.762705901295453e-06
815.163993598	0.1378866082216816	9.791154022975052e-06
816.373435725	0.13773835656355038	9.818414184066708e-06
817.582877852	0.13759051614197235	9.84448039206074e-06
818.792319979	0.13744308624493504	9.86934751557634e-06
820.001762106	0.1372960661800055	9.893011277022368e-06
821.2112042330001	0.1371494552720971	9.91546824005365e-06
822.4206463600001	0.1370032528612648	9.936715799123344e-06
823.6300884870001	0.1368574583005451	9.95675216793004e-06
824.8395306140001	0.13671207095383314	9.975576362602756e-06
826.0489727410001	0.1365670901938097	9.993188188522297e-06
827.258414868	0.13642251539991967	1.0009588223628687e-05
828.467856995	0.1362783459564052	1.0024777797588773e-05
829.677299122	0.1361345812504002	1.0038758975425246e-05
830.886741249	0.1359912206700878	1.0051534539751986e-05
832.0961833760001	0.1358482636029275	1.006310796584883e-05
833.3056255030001	0.135705709433944	1.0073483400598665e-05
834.5150676300001	0.13556355754409813	1.0082665642933486e-05
835.7245097570001	0.13542180730872755	1.0090660120338202e-05
836.9339518840001	0.13528045809606218	1.0097472864273073e-05
838.143394011	0.13513950926582421	1.01031104863963e-05
839.352836138	0.13499896016790686	1.010758015658806e-05
840.562278265	0.1348588101411249	1.0110889575493034e-05
841.771720392	0.1347190585120656	1.011304695244004e-05
842.981162519	0.13457970459400712	1.0114060980535452e-05
844.1906046460001	0.13444074768592915	1.0113940810472787e-05
845.4000467730001	0.13430218707160096	1.011269602551006e-05
846.6094889000001	0.13416402201876007	1.011033661715442e-05
847.8189310270001	0.13402625177836844	1.0106872962561616e-05
849.0283731540001	0.1338888755839542	1.0102315796803174e-05
850.237815281	0.133751892651031	1.0096676192339605e-05
851.447257408	0.13361530217660983	1.0089965531317204e-05
852.656699535	0.13347910333877422	1.008219548464905e-05
853.866141662	0.13334329529634756	1.0073377987756815e-05
855.075583789	0.13320787718863178	1.0063525219706838e-05
856.2850259160001	0.13307284813521755	1.0052649577870752e-05
857.4944680430001	0.1329382072358745	1.0040763659841765e-05
858.7039101700001	0.13280395357050653	1.0027880238798628e-05
859.9133522970001	0.132670086199185	1.0014012244797845e-05
861.1227944240001	0.13253660416223448	9.999172746431955e-06
862.332236551	0.13240350648039495	9.98337492955274e-06
863.541678678	0.13227079215504162	9.96663207752586e-06
864.751120805	0.13213846016845993	9.948957555744942e-06
865.960562932	0.13200650948418266	9.930364793687855e-06
867.170005059	0.13187493904737757	9.910867267404671e-06
868.3794471860001	0.13174374778528544	9.890478484782092e-06
869.5888893130001	0.13161293460770568	9.869211967785446e-06
870.7983314400001	0.13148249840752727	9.847081241951111e-06
872.0077735670001	0.1313524380613017	9.824099818614542e-06
873.2172156940001	0.13122275242985498	9.800281185949129e-06
874.426657821	0.13109344035893084	9.775638790923736e-06
875.636099948	0.130964500679873	9.750186032678142e-06
876.845542075	0.13083593221033363	9.723936249337452e-06
878.054984202	0.13070773375500772	9.696902705788229e-06
879.2644263290001	0.13057990410639356	9.669098587128148e-06
880.4738684560001	0.13045244204556786	9.640536987873802e-06
881.6833105830001	0.13032534634298912	9.611230902616907e-06
882.8927527100001	0.13019861575930228	9.581193218710639e-06
884.1021948370001	0.13007224904616893	9.550436709284695e-06
885.3116369640001	0.1299462449470978	9.5189740249128e-06
886.521079091	0.12982060219828184	9.486817688852806e-06
887.730521218	0.1296953195294429	9.4539800894586e-06
888.939963345	0.12957039566467554	9.420473477736815e-06
890.149405472	0.1294458293232911	9.38630995828084e-06
891.3588475990001	0.1293216192206554	9.35150148799081e-06
892.5682897260001	0.12919776406902264	9.316059871050458e-06
893.7777318530001	0.12907426257835952	9.27999675473572e-06
894.9871739800001	0.12895111345716154	9.243323627069473e-06
896.1966161070001	0.12882831541325218	9.206051814232012e-06
897.406058234	0.12870586715457563	9.168192476287925e-06
898.615500361	0.12858376738996213	9.129756607442544e-06
899.824942488	0.12846201482988973	9.090755031815255e-06
901.034384615	0.12834060818721005	9.05119840366442e-06
902.243826742	0.1282195461778681	9.011097205802024e-06
903.4532688690001	0.12809882752159163	8.970461748064076e-06
904.6627109960001	0.12797845094255747	8.929302167563881e-06
905.8721531230001	0.1278584151700336	8.887628426751814e-06
907.0815952500001	0.12773871893899852	8.845450314349482e-06
908.2910373770001	0.12761936099072851	8.802777446152667e-06
909.500479504	0.12750034007336108	8.759619263378724e-06
910.709921631	0.12738165494243062	8.715985034842675e-06
911.919363758	0.12726330436136765	8.671883857268023e-06
913.128805885	0.12714528710197656	8.627324654614558e-06
914.338248012	0.12702760194488152	8.582316181287463e-06
915.5476901390001	0.1269102476799415	8.53686702233161e-06
916.7571322660001	0.12679322310663022	8.490985595171898e-06
917.9665743930001	0.1266765270343946	8.444680152850891e-06
919.1760165200001	0.12656015828297118	8.397958780371171e-06
920.3854586470001	0.1264441156826829	8.350829404187523e-06
921.594900774	0.12632839807469598	8.303299787783529e-06
922.804342901	0.12621300431125282	8.255377540143882e-06
924.013785028	0.12609793325587304	8.207070113319875e-06
925.223227155	0.12598318378352	8.15838480566782e-06
926.432669282	0.12586875478074663	8.10932876745955e-06
927.6421114090001	0.12575464514580686	8.059909000828395e-06
928.8515535360001	0.1256408537887356	8.010132365671246e-06
930.0609956630001	0.1255273796314114	7.960005578840306e-06
931.2704377900001	0.12541422160758145	7.909535222149691e-06
932.4798799170001	0.12530137866286897	7.858727743386223e-06
933.689322044	0.12518884975474978	7.80758946015644e-06
934.898764171	0.12507663385250517	7.75612656329415e-06
936.108206298	0.12496472993715571	7.704345121854478e-06
937.317648425	0.12485313700136365	7.65225108659915e-06
938.5270905520001	0.12474185404932249	7.59985029379945e-06
939.7365326790001	0.12463088009662289	7.547148469919777e-06
940.9459748060001	0.12452021417009744	7.49415123628496e-06
942.1554169330001	0.12440985530764447	7.440864111863077e-06
943.3648590600001	0.12429980255804322	7.387292520388682e-06
944.5743011870001	0.12419005498074241	7.333441793077214e-06
945.783743314	0.12408061164564123	7.279317172745277e-06
946.993185441	0.12397147163285206	7.224923821763646e-06
948.202627568	0.12386263403244724	7.170266821962779e-06
949.412069695	0.1237540979442046	7.115351184762835e-06
950.6215118220001	0.1236458624773286	7.06018185227e-06
951.8309539490001	0.12353792675017178	7.0047637029410435e-06
953.0403960760001	0.12343028988994112	6.949101557109574e-06
954.2498382030001	0.12332295103240122	6.893200181888434e-06
955.4592803300001	0.12321590932157075	6.837064295636376e-06
956.6687224570001	0.12310916390940783	6.780698574038144e-06
957.878164584	0.12300271395549833	6.724107649917551e-06
959.087606711	0.12289655862673639	6.6672961266335716e-06
960.297048838	0.12279069709700383	6.6102685765969875e-06
961.506490965	0.12268512854684767	6.553029546732036e-06
962.7159330920001	0.12257985216315813	6.495583564811045e-06
963.9253752190001	0.12247486713884459	6.437935142826019e-06
965.1348173460001	0.1223701726725177	6.380088780858506e-06
966.3442594730001	0.12226576796816696	6.3220489733270744e-06
967.5537016000001	0.12216165223484773	6.263820211074444e-06
968.763143727	0.1220578246863669	6.205406988009827e-06
969.972585854	0.12195428454098026	6.146813801184632e-06
971.182027981	0.12185103102108283	6.088045159466414e-06
972.391470108	0.12174806335291614	6.029105582944283e-06
973.600912235	0.12164538076628152	5.969999608766982e-06
974.8103543620001	0.12154298249425197	5.910731794359009e-06
976.0197964890001	0.12144086777289965	5.851306720080713e-06
977.2292386160001	0.12133903584102942	5.791728991504554e-06
978.4386807430001	0.12123748593991861	5.7320032440036675e-06
979.6481228700001	0.12113621731307053	5.672134144999134e-06
980.857564997	0.12103522920597364	5.6121263942205935e-06
982.067007124	0.12093452086587111	5.5519847285968466e-06
983.276449251	0.12083409154154048	5.4917139249391905e-06
984.485891378	0.12073394048308891	5.431318798648688e-06
985.6953335050001	0.12063406694174846	5.370804206635488e-06
986.9047756320001	0.12053447016969303	5.310175050341806e-06
988.1142177590001	0.12043514941986064	5.249436276309999e-06
989.3236598860001	0.12033610394578655	5.188592876081706e-06
990.5331020130001	0.12023733300145181	5.127649887185485e-06
991.7425441400001	0.1201388358411368	5.066612395423051e-06
992.951986267	0.12004061171929312	5.005485534689253e-06
994.161428394	0.1199426598904211	4.944274486799118e-06
995.370870521	0.11984497960896166	4.882984481085451e-06
996.580312648	0.11974757012919818	4.8216207951478884e-06
997.7897547750001	0.11965043070516845	4.760188754593366e-06
998.9991969020001	0.119553560590591	4.698693733289344e-06
1000.2086390290001	0.11945695903879926	4.637141150039988e-06
1001.4180811560001	0.11936062530268571	4.575536470476418e-06
1002.6275232830001	0.11926455863465882	4.513885204715688e-06
1003.8369654100001	0.11916875828660882	4.452192907546248e-06
1005.046407537	0.11907322350988309	4.390465175658027e-06
1006.255849664	0.11897795355527147	4.328707647834089e-06
1007.465291791	0.1188829476730019	4.266926000845594e-06
1008.674733918	0.11878820511274242	4.205125949260413e-06
1009.8841760450001	0.1186937251236147	4.143313245827485e-06
1011.0936181720001	0.11859950695421582	4.081493675604599e-06
1012.3030602990001	0.11850554985264278	4.019673055965294e-06
1013.5125024260001	0.11841185306653246	3.9578572357499806e-06
1014.7219445530001	0.11831841584310344	3.896052090738227e-06
1015.9313866800001	0.11822523742920613	3.834263522688653e-06
1017.140828807	0.1181323170713795	3.772497456520757e-06
1018.350270934	0.1180396540159149	3.71075983871549e-06
1019.559713061	0.11794724750892385	3.6490566336578634e-06
1020.769155188	0.11785509679640783	3.587393822247951e-06
1021.9785973150001	0.11776320112434226	3.525777399046085e-06
1023.1880394420001	0.11767155973875672	3.4642133706338862e-06
1024.397481569	0.11758017188582172	3.4027077526100677e-06
1025.606923696	0.11748903681193977	3.341266565863361e-06
1026.816365823	0.11739815376383626	3.2798958358434686e-06
1028.0258079500002	0.11730752198866046	3.21860159009409e-06
1029.235250077	0.11721714073408106	3.1573898560124256e-06
1030.4446922040001	0.11712700924838691	3.0962666565659756e-06
1031.654134331	0.11703712678059273	3.0352380100398324e-06
1032.8635764580001	0.11694749258053859	2.974309928788245e-06
1034.073018585	0.11685810589899774	2.9134884138113503e-06
1035.282460712	0.1167689659877804	2.8527794566173816e-06
1036.491902839	0.1166800720998412	2.792189033659283e-06
1037.701344966	0.11659142348938117	2.7317231080337674e-06
1038.9107870930002	0.11650301941195587	2.671387625784874e-06
1040.12022922	0.11641485912457743	2.6111885139657076e-06
1041.3296713470002	0.11632694188581955	2.5511316811874794e-06
1042.539113474	0.11623926695591867	2.4912230147971887e-06
1043.7485556010001	0.11615183359687424	2.4314683803115853e-06
1044.957997728	0.11606464107254501	2.371873620630242e-06
1046.167439855	0.11597768864874931	2.3124445559511308e-06
1047.376881982	0.11589097559335688	2.2531869812342118e-06
1048.586324109	0.11580450117637868	2.194106666885087e-06
1049.795766236	0.11571826467005818	2.13520935943325e-06
1051.005208363	0.11563226534895825	2.0765007789332783e-06
1052.2146504900002	0.11554650249003814	2.017986621795455e-06
1053.424092617	0.11546097537274014	1.9596725591500105e-06
1054.6335347440001	0.1153756832790607	1.9015642392596189e-06
1055.842976871	0.1152906254936251	1.8436672857118552e-06
1057.0524189980001	0.11520580130375555	1.7859873004349686e-06
1058.261861125	0.11512120999953557	1.7285298629854677e-06
1059.471303252	0.11503685087387244	1.6713005335810448e-06
1060.680745379	0.11495272322255734	1.6143048532433653e-06
1061.890187506	0.11486882634431454	1.557548346706679e-06
1063.0996296330002	0.11478515954085139	1.5010365213608906e-06
1064.30907176	0.11470172211690674	1.4447748723130028e-06
1065.5185138870002	0.11461851338029129	1.3887688832652008e-06
1066.727956014	0.1145355326419235	1.3330240291414117e-06
1067.9373981410001	0.11445277921586591	1.2775457792066064e-06
1069.146840268	0.11437025241935159	1.2223395966724239e-06
1070.356282395	0.11428795157281385	1.1674109447489789e-06
1071.565724522	0.11420587599990427	1.1127652890739302e-06
1072.775166649	0.11412402502751254	1.0584080992471318e-06
1073.9846087760002	0.11404239798577924	1.004344852800624e-06
1075.194050903	0.11396099420810671	9.505810397385283e-07
1076.4034930300002	0.11387981303116514	8.97122163437191e-07
1077.612935157	0.11379885379489815	8.439737457614846e-07
1078.8223772840001	0.11371811584251931	7.911413303052361e-07
1080.031819411	0.11363759852050936	7.386304844947338e-07
1081.2412615380001	0.11355730117861118	6.864468058768538e-07
1082.450703665	0.11347722316981763	6.345959216916384e-07
1083.660145792	0.11339736385035859	5.830834967789142e-07
1084.869587919	0.11331772257968595	5.319152338872826e-07
1086.079030046	0.11323829872045622	4.810968772453835e-07
1087.2884721730002	0.11315909163850492	4.3063421753044235e-07
1088.4979143	0.11308010070282885	3.8053309312529595e-07
1089.7073564270001	0.11300132528555606	3.3079939475126263e-07
1090.916798554	0.1129227647619185	2.8143906557101647e-07
1092.1262406810001	0.11284441851022241	2.3245810693627707e-07
1093.335682808	0.11276628591181623	1.8386257831937368e-07
1094.545124935	0.11268836635105646	1.356585997707974e-07
1095.754567062	0.11261065921527422	8.785235361508529e-08
1096.964009189	0.11253316389473514	4.0450084920388735e-08
1098.1734513160002	0.11245587978260543	-6.541895662110676e-09
1099.382893443	0.11237880627490986	-5.311721563951163e-08
1100.5923355700002	0.11230194277049202	-9.92694361701045e-08
1101.801777697	0.11222528867097643	-1.4499205712968448e-07
1103.0112198240001	0.11214884338072006	-1.9027851654573348e-07
1104.220661951	0.11207260630678123	-2.3512219341650565e-07
1105.430104078	0.11199657685886506	-2.795164101987883e-07
1106.639546205	0.11192075444928873	-3.234544382030441e-07
1107.848988332	0.11184513849293347	-3.6692949943204514e-07
1109.058430459	0.1117697284072052	-4.0993477470901314e-07
1110.267872586	0.1116945236119874	-4.5246340810240336e-07
1111.4773147130002	0.11161952352960028	-4.945085151168993e-07
1112.68675684	0.11154472758475793	-5.360631931098676e-07
1113.8961989670001	0.11147013520452173	-5.771205282586968e-07
1115.105641094	0.11139574581826309	-6.176736047876857e-07
1116.3150832210001	0.11132155885761731	-6.577155224356852e-07
1117.524525348	0.11124757375644109	-6.972394027007548e-07
1118.733967475	0.11117378995077527	-7.362384095079915e-07
1119.943409602	0.11110020687879897	-7.747057581753275e-07
1121.152851729	0.11102682398079199	-8.126347361010476e-07
1122.3622938560002	0.11095364069909279	-8.500187196791639e-07
1123.571735983	0.11088065647806175	-8.868511920018407e-07
1124.7811781100002	0.11080787076403707	-9.231257649634772e-07
1125.990620237	0.11073528300530093	-9.588361981065488e-07
1127.2000623640001	0.11066289265203771	-9.939764210897982e-07
1128.409504491	0.11059069915629924	-1.0285405584460039e-06
1129.618946618	0.11051870197196449	-1.0625229522135068e-06
1130.828388745	0.11044690055470209	-1.0959181863997588e-06
1132.037830872	0.11037529436193634	-1.128721113868791e-06
1133.2472729990002	0.11030388285280836	-1.1609268800980145e-06
1134.456715126	0.11023266548814153	-1.1925309509900734e-06
1135.6661572530002	0.11016164173040079	-1.2235291387994748e-06
1136.87559938	0.11009081104366428	-1.253917628568745e-06
1138.0850415070001	0.11002017289357979	-1.2836930048208784e-06
1139.294483634	0.10994972674733111	-1.312852276110215e-06
1140.5039257610001	0.10987947207360545	-1.3413929029093132e-06
1141.713367888	0.10980940834255389	-1.369312819644131e-06
1142.922810015	0.10973953502575652	-1.3966104585415384e-06
1144.132252142	0.10966985159618643	-1.423284773737202e-06
1145.341694269	0.10960035752817412	-1.4493352597333193e-06
1146.5511363960002	0.10953105229737317	-1.474761970628396e-06
1147.760578523	0.10946193538072013	-1.4995655376775425e-06
1148.9700206500002	0.10939300625640107	-1.5237471833798723e-06
1150.179462777	0.10932426440381693	-1.5473087317610904e-06
1151.3889049040001	0.10925570930354545	-1.5702526193391338e-06
1152.598347031	0.10918734043730792	-1.5925819021307868e-06
1153.807789158	0.10911915728793077	-1.6143002546685093e-06
1155.017231285	0.10905115933931242	-1.6354119731740047e-06
1156.226673412	0.10898334607638938	-1.6559219689850355e-06
1157.4361155390002	0.10891571698509776	-1.6758357607285142e-06
1158.645557666	0.10884827155234497	-1.695159462572223e-06
1159.8549997930002	0.10878100926597221	-1.7138997677372805e-06
1161.06444192	0.1087139296147235	-1.732063926732868e-06
1162.2738840470001	0.10864703208821667	-1.7496597241380066e-06
1163.483326174	0.10858031617690755	-1.7666954474619426e-06
1164.6927683010001	0.10851378137206485	-1.78317985353738e-06
1165.902210428	0.1084474271657388	-1.7991221300584689e-06
1167.111652555	0.10838125305073487	-1.814531852254005e-06
1168.321094682	0.10831525852058614	-1.8294189353799038e-06
1169.530536809	0.10824944306953392	-1.8437935807592414e-06
1170.7399789360002	0.10818380619249857	-1.8576662206342607e-06
1171.949421063	0.10811834738505982	-1.8710474566246107e-06
1173.1588631900001	0.10805306614343844	-1.8839479938287265e-06
1174.368305317	0.10798796196447397	-1.8963785719434584e-06
1175.5777474440001	0.10792303434561122	-1.9083498900673086e-06
1176.787189571	0.10785828278488127	-1.9198725331525767e-06
1177.996631698	0.10779370678089227	-1.9309568876654014e-06
1179.206073825	0.10772930583280992	-1.9416130584422523e-06
1180.415515952	0.10766507944035329	-1.951850784330276e-06
1181.6249580790002	0.10760102710378024	-1.9616793485465576e-06
1182.834400206	0.10753714832388016	-1.9711074841411798e-06
1184.0438423330002	0.10747344260196585	-1.980143286737271e-06
1185.25328446	0.1074099094398665	-1.988794116213292e-06
1186.4627265870001	0.1073465483399235	-1.9970665040008563e-06
1187.672168714	0.10728335880497913	-2.00496606097369e-06
1188.881610841	0.10722034033837491	-2.0124973834007526e-06
1190.091052968	0.10715749244394573	-2.0196639602183977e-06
1191.300495095	0.10709481462601346	-2.0264680870306075e-06
1192.5099372220002	0.10703230638937737	-2.032910781786324e-06
1193.719379349	0.10696996723931088	-2.038991705237015e-06
1194.9288214760002	0.10690779668154822	-2.0447090843092056e-06
1196.138263603	0.10684579422227705	-2.0500596506167573e-06
1197.3477057300001	0.10678395936812425	-2.0550385819930063e-06
1198.557147857	0.10672229162614387	-2.059639455753111e-06
1199.7665899840001	0.1066607905037987	-2.0638542119353525e-06
1200.976032111	0.10659945550893839	-2.0676731322881907e-06
1202.185474238	0.10653828614978272	-2.071084832782898e-06
1203.394916365	0.10647728193489374	-2.074076273118975e-06
1204.604358492	0.1064164423731458	-2.076632779154002e-06
1205.8138006190002	0.10635576697369978	-2.0787380887962023e-06
1207.023242746	0.10629525524596137	-2.080374415418504e-06
1208.2326848730002	0.10623490669955152	-2.081522528031881e-06
1209.442127	0.10617472084426427	-2.0821618593061753e-06
