0.0	1.0	0.0
1.209442127	0.9995020206487011	-3.0091158198070665e-11
2.418884254	0.9980104826742915	-1.1796157226461898e-10
3.6283263810000004	0.9955321781184704	-2.1700145178744122e-10
4.837768508	0.9920780369287968	-2.8905148985075637e-10
6.047210635000001	0.9876629782796177	-3.016302589433024e-10
7.256652762000001	0.9823057548180387	-2.3003951426180197e-10
8.466094889	0.9760287859702088	-5.156026318292946e-11
9.675537016	0.968857978525434	2.50695888259641e-10
10.884979143	0.9608225340712152	6.946628929317079e-10
12.094421270000002	0.9519547437792862	1.2943295640539527e-09
13.303863397	0.9422897714307733	2.062544493043318e-09
14.513305524000002	0.9318654260594085	3.01344169982494e-09
15.722747651	0.9207219257842466	4.15170916529661e-09
16.932189778	0.9089016544459175	5.487622942396728e-09
18.141631905	0.8964489128635447	7.030725246051292e-09
19.351074032	0.88340966648357	8.791657225418915e-09
20.560516159000002	0.8698312911873873	1.0781553471070505e-08
21.769958286	0.8557623189641949	1.3008988999744678e-08
22.979400413	0.8412521851366458	1.5486919815323004e-08
24.188842540000003	0.8263509787079435	1.824521147011343e-08
25.398284667000002	0.8111091972560132	2.1298689173739667e-08
26.607726794	0.7955775078044839	2.466280372964356e-08
27.817168921	0.7798065149260842	2.8355706815948702e-08
29.026611048000003	0.7638465371625286	3.2396378257285016e-08
30.236053175000002	0.7477473927807724	3.6806694968882404e-08
31.445495302	0.731558195746322	4.16088266784992e-08
32.654937429	0.7153271626607921	4.682338824619903e-08
33.864379556	0.6991014312978725	5.2468259578873344e-08
35.073821683000006	0.6829268912487164	5.855686906890242e-08
36.28326381	0.6668480270714114	6.509482578361066e-08
37.492705937000004	0.6509077742314765	7.207494831433772e-08
38.702148064	0.6351473880181197	7.947108251414437e-08
39.911590191	0.6196063255244174	8.723163207590614e-08
41.121032318000005	0.604322140690839	9.527442887723146e-08
42.330474445	0.5893303923305286	1.0348553619091194e-07
43.539916572	0.5746645649797515	1.117252700006077e-07
44.749358699000005	0.560356002346676	1.198424092860757e-07
45.958800826	0.5464338530664355	1.276920425087427e-07
47.168242953000004	0.5329250284145438	1.351481061060146e-07
48.377685080000006	0.5198541715898928	1.4210483119967935e-07
49.587127207	0.5072436381496973	1.4847156755075138e-07
50.796569334000004	0.4951134871504214	1.5417092763170832e-07
52.00601146100001	0.48348148251588086	1.5914731132501115e-07
53.215453588	0.4723631041231458	1.6338630667874836e-07
54.424895715000005	0.4617715680751785	1.669412521764543e-07
55.634337842	0.45171785561684286	1.699649939490238e-07
56.843779969	0.4422107501445559	1.727512284355202e-07
58.053222096000006	0.43325688175645355	1.7579231382951367e-07
59.262664223	0.42486077878532297	1.7985535641309615e-07
60.472106350000004	0.4170249257500216	1.86063985913134e-07
61.68154847700001	0.4097498271613018	1.9594555169979206e-07
62.890990604	0.4030340766378692	2.113885941847958e-07
64.100432731	0.3968744308242796	2.345030314812263e-07
65.309874858	0.39126588761922654	2.674607291592192e-07
66.519316985	0.3862017682041604	3.124015493503151e-07
67.728759112	0.3816738023439161	3.714056465550541e-07
68.93820123900001	0.3776722164452489	4.464789001421674e-07
70.14764336600001	0.3741858238924528	5.395242267559157e-07
71.357085493	0.3712021172067986	6.523069142358478e-07
72.56652762	0.3687073615877747	7.864247520097402e-07
73.775969747	0.36668668940186055	9.432860907657204e-07
74.98541187400001	0.3651241951990883	1.124093969327594e-06
76.19485400100001	0.3640030308563636	1.3298319297854027e-06
77.404296128	0.3633055004661614	1.5612477986141113e-06
78.613738255	0.36301315460930766	1.8188345318302404e-06
79.823180382	0.3631068836703385	2.1028097730805594e-06
81.032622509	0.36356700987358853	2.413096935756258e-06
82.24206463600001	0.364373377736954	2.749310707551959e-06
83.45150676300001	0.36550544265889073	3.1107492971034474e-06
84.66094889	0.36694235737263475	3.496394688926855e-06
85.870391017	0.3686630560204415	3.904920860482166e-06
87.079833144	0.37064633562009014	4.3347085786047135e-06
88.28927527100001	0.3728709347159727	4.783864361014992e-06
89.49871739800001	0.3753156090275771	5.25024068827947e-06
90.708159525	0.3779592039287081	5.73145478169617e-06
91.917601652	0.3807807236109502	6.224904382720052e-06
93.127043779	0.38375939680482885	6.72778165853703e-06
94.33648590600001	0.3868747389536417	7.237089463985856e-06
95.54592803300001	0.3901066107578872	7.74966355346531e-06
96.75537016000001	0.39343527302721887	8.262199483415887e-06
97.964812287	0.39684143779134123	8.771282636078076e-06
99.174254414	0.40030631563957714	9.27342323937929e-06
100.383696541	0.40381165927921797	9.765096869850615e-06
101.59313866800001	0.40733980331815967	1.0242787549941922e-05
102.80258079500001	0.4108737002907892	1.0703030879807806e-05
104.01202292200001	0.4143969529597018	1.1142456615010493e-05
105.221465049	0.417893842939822	1.1557832015729267e-05
106.430907176	0.4213493557033414	1.1946108443604205e-05
107.64034930300001	0.4247492020331233	1.2304474034652138e-05
108.84979143000001	0.42807983599766314	1.2630414748617748e-05
110.05923355700001	0.4313284695228911	1.2921783770136864e-05
111.268675684	0.4344830836380672	1.3176874162279102e-05
112.478117811	0.437532436482802	1.3394481502210708e-05
113.687559938	0.44046606819275086	1.357393512677612e-05
114.89700206500001	0.4432743028418904	1.3715077153631841e-05
116.10644419200001	0.4459482476919027	1.38181884975432e-05
117.31588631900001	0.44847979002289107	1.3883897429450159e-05
118.525328446	0.4508615917320281	1.3913127326736933e-05
119.734770573	0.45308708172596335	1.3907111718693174e-05
120.94421270000001	0.4551504460480579	1.3867445635258487e-05
122.15365482700001	0.45704661575756994	1.3796115961760434e-05
123.36309695400001	0.45877125272023106	1.3695482488202688e-05
124.572539081	0.4603207335449714	1.3568223010945659e-05
125.781981208	0.4616921318892978	1.3417270644454897e-05
126.99142333500001	0.462883199312223	1.324576158350552e-05
128.200865462	0.4638923448210684	1.3056996069859847e-05
129.410307589	0.4647186132438383	1.2854406221545221e-05
130.619749716	0.4653616625549963	1.2641522245796977e-05
131.82919184300002	0.4658217402821908	1.2421930714967406e-05
133.03863397	0.4660996591209192	1.2199221965623488e-05
134.24807609700002	0.4661967718829629	1.197692695252113e-05
135.457518224	0.4661149459026434	1.1758447105125899e-05
136.666960351	0.46585653702166785	1.154698522514744e-05
137.87640247800002	0.4654243632637129	1.1345492223930708e-05
139.085844605	0.4648216782873651	1.1156650910231335e-05
140.29528673200002	0.4640521446714487	1.0982915256984655e-05
141.504728859	0.4631198070635161	1.0826603032261492e-05
142.714170986	0.4620290652402046	1.0690009018974087e-05
143.92361311300002	0.4607846471836757	1.0575491413452956e-05
145.13305524	0.4593915823198495	1.0485502106894084e-05
146.34249736700002	0.45785517505251927	1.0422565034418128e-05
147.551939494	0.4561809786801125	1.0389226965982528e-05
148.761381621	0.45437476974024815	1.0388003885600022e-05
149.97082374800002	0.45244252281021075	1.0421334787442373e-05
151.180265875	0.4503903857918668	1.0491545235328127e-05
152.38970800200002	0.44822465571516407	1.0600818696860988e-05
153.599150129	0.4459517550981754	1.075117313475004e-05
154.808592256	0.4435782089023392	1.0944441444291055e-05
156.018034383	0.44111062211973184	1.1182255305935483e-05
157.22747651	0.43855565802582935	1.1466032467805264e-05
158.43691863700002	0.4359200171273076	1.1796967167751408e-05
159.646360764	0.4332104168304737	1.2176022593355892e-05
160.85580289100002	0.4304335718522916	1.260392385889878e-05
162.065245018	0.4275961753929161	1.3081150006115723e-05
163.274687145	0.4247048810861365	1.3607924310043721e-05
164.48412927200002	0.4217662857418668	1.4184203259817443e-05
165.693571399	0.41878691289253284	1.4809665457373525e-05
166.90301352600002	0.4157731971530692	1.5483702148232122e-05
168.112455653	0.4127314694016873	1.6205411231079454e-05
169.32189778	0.4096679427863244	1.697359622481851e-05
170.53133990700002	0.4065886995592356	1.7786771146271105e-05
171.740782034	0.40349967874022963	1.864317175530436e-05
172.95022416100002	0.40040666460724034	1.954077289333126e-05
174.159666288	0.39731527601146427	2.047731138187802e-05
175.369108415	0.3942309565130381	2.1450313621324575e-05
176.57855054200002	0.3911589653321401	2.2457127011660943e-05
177.787992669	0.3881043691092286	2.3494954242414387e-05
178.99743479600002	0.38507203446701266	2.456088928288279e-05
180.206876923	0.382066621365165	2.5651953552353525e-05
181.41631905	0.37909257723709655	2.6765130255626908e-05
182.62576117700002	0.3761541318960592	2.7897394531502592e-05
183.835203304	0.3732552931956731	2.904573716944081e-05
185.04464543100002	0.37039984342812954	3.0207180174997915e-05
186.254087558	0.36759133644171965	3.137878365151269e-05
187.46352968500003	0.3648330954585462	3.255764459401682e-05
188.67297181200001	0.3621282115728779	3.3740889250438786e-05
189.882413939	0.3594795429106218	3.492566106028215e-05
191.09185606600002	0.3568897144303004	3.610910605578498e-05
192.301298193	0.3543611183455609	3.728835708833986e-05
193.51074032000002	0.35189591514843027	3.8460517730523195e-05
194.720182447	0.3494960352115432	3.962264650141726e-05
195.929624574	0.3471631809461674	4.0771742132646453e-05
197.13906670100002	0.3448988294916902	4.19047309667726e-05
198.348508828	0.3427042359111419	4.30184579000359e-05
199.55795095500002	0.34058043686669603	4.410968251226068e-05
200.767393082	0.33852825474897363	4.517508182327106e-05
201.976835209	0.3365483022343339	4.621126071685853e-05
203.18627733600002	0.33464098724504493	4.7214770350390166e-05
204.395719463	0.33280651828808744	4.818213418579953e-05
205.60516159000002	0.33104491014882187	4.9109880559287663e-05
206.814603717	0.32935598991597365	4.999458026485453e-05
208.02404584400003	0.3277394033139726	5.083288725500594e-05
209.23348797100002	0.32619462131811167	5.162158050009089e-05
210.442930098	0.3247209470273343	5.235760511688548e-05
211.65237222500002	0.32331752276907777	5.3038111123958975e-05
212.861814352	0.3219833374104485	5.366048852173639e-05
214.07125647900003	0.3207172338503354	5.422239780697438e-05
215.28069860600002	0.31951791666741114	5.4721795314619304e-05
216.490140733	0.3183839598996084	5.515695318265069e-05
217.69958286000002	0.3173138149312096	5.552647392720303e-05
218.909024987	0.31630581846431916	5.5829299824729826e-05
220.11846711400003	0.31535820055205854	5.606471747410697e-05
221.32790924100001	0.31446909267129236	5.623235796081557e-05
222.537351368	0.3136365358132993	5.633219311290144e-05
223.74679349500002	0.3128584885712509	5.6364528330646354e-05
224.956235622	0.3121328352040028	5.632999244961475e-05
226.16567774900003	0.3114573936562002	5.622952504697589e-05
227.375119876	0.3108299235154127	5.606436154784981e-05
228.584562003	0.3102481338876187	5.583601646257343e-05
229.79400413000002	0.30970969117305874	5.55462650248521e-05
231.003446257	0.3092122267251758	5.5197123481556205e-05
232.21288838400002	0.308753344376093	5.4790828282165866e-05
233.422330511	0.30833062781278525	5.432981438150899e-05
234.63177263800003	0.3079416477888524	5.381669288176378e-05
235.84121476500002	0.30758396915759756	5.325422823739001e-05
237.050656892	0.3072551577128411	5.2645315226304655e-05
238.26009901900002	0.30695278682477056	5.1992955931721584e-05
239.469541146	0.30667444385886217	5.13002369285322e-05
240.67898327300003	0.30641773636682845	5.057030688599598e-05
241.88842540000002	0.30618029803933006	4.980635478992435e-05
243.097867527	0.30595979441107185	4.901158895420963e-05
244.30730965400002	0.3057539283098001	4.8189216992762946e-05
245.516751781	0.3055604450415318	4.73424268588786e-05
246.72619390800003	0.30537713730526056	4.647436903911971e-05
247.93563603500002	0.3052018498313074	4.558813995700157e-05
249.145078162	0.30503248373828534	4.4686766545404326e-05
250.35452028900002	0.3048670006046812	4.3773191942115125e-05
251.563962416	0.3047034262519798	4.28502622090186e-05
252.77340454300003	0.30453985423738256	4.192071404046427e-05
253.98284667000001	0.3043744490553514	4.0987163657321004e-05
255.192288797	0.30420544904852187	4.0052097595017234e-05
256.401730924	0.30403116902959854	3.911786697197732e-05
257.61117305100004	0.3038500026163607	3.818668787399675e-05
258.820615178	0.3036604242811439	3.726065083877341e-05
260.030057305	0.30346099111437125	3.634174078589309e-05
261.239499432	0.3032503443003855	3.543186451946573e-05
262.448941559	0.30302721030544166	3.453287794327953e-05
263.65838368600004	0.3027904017826804	3.3646603756464877e-05
264.867825813	0.3025388182040616	3.277483483229623e-05
266.07726794	0.3022714462306894	3.191932576479566e-05
267.286710067	0.3019873598304414	3.108177964616632e-05
268.49615219400005	0.30168572014884265	3.0263836532957042e-05
269.70559432100004	0.3013657751382808	2.9467066635354706e-05
270.915036448	0.30102685895190345	2.8692968141120792e-05
272.124478575	0.3006683911103983	2.7942968132174415e-05
273.333920702	0.3002898754512215	2.7218425047134224e-05
274.54336282900005	0.29989089887046355	2.6520631594682242e-05
275.75280495600003	0.29947112986764257	2.5850817603490554e-05
276.962247083	0.29903031690373855	2.5210152576267238e-05
278.17168921	0.29856828658265855	2.4599747871910562e-05
279.381131337	0.29808494166639	2.4020658517372373e-05
280.59057346400004	0.297580258934137	2.347388460181353e-05
281.80001559100003	0.29705428689585145	2.2960372226342584e-05
283.009457718	0.29650714337072637	2.2481013957419886e-05
284.218899845	0.2959390129412917	2.2036648724733238e-05
285.428341972	0.295350144293873	2.1628061148479262e-05
286.63778409900004	0.29474084745623713	2.125598024214842e-05
287.84722622600003	0.29411149094328093	2.0921077521210983e-05
289.056668353	0.2934624988216162	2.0623964512702774e-05
290.26611048	0.2927943477038521	2.0365189712632697e-05
291.475552607	0.2921075636832995	2.0145235038984384e-05
292.68499473400004	0.29140271921973876	1.9964511872365533e-05
293.89443686100003	0.2906804299867174	1.9823356732593172e-05
295.103878988	0.28994135169066027	1.972202672088137e-05
296.313321115	0.2891861768719253	1.966069479615769e-05
297.522763242	0.28841563169763773	1.9639445016106078e-05
298.73220536900004	0.2876304727559273	1.9658267829525516e-05
299.94164749600003	0.28683148386089385	1.971705553242522e-05
301.151089623	0.2860194728773278	1.98155980005226e-05
302.36053175	0.28519526857386057	1.9953578787764942e-05
303.569973877	0.28435971751296557	2.0130571683440172e-05
304.77941600400004	0.2835136809857517	2.034603781263842e-05
305.98885813100003	0.2826580319992182	2.059932336193153e-05
307.198300258	0.2817936523232195	2.088965797128097e-05
308.407742385	0.28092142960397765	2.121615387031816e-05
309.617184512	0.28004225455060244	2.1577805765579605e-05
310.82662663900004	0.27915701820067496	2.1973491519243446e-05
312.036068766	0.2782666092704712	2.240197361321258e-05
313.245510893	0.2773719115950715	2.2861901409313898e-05
314.45495302	0.27647380166309804	2.3351814176079675e-05
315.664395147	0.27557314625043566	2.387014486106986e-05
316.87383727400004	0.27467080015685075	2.4415224579276683e-05
318.083279401	0.273767604049017	2.4985287779845586e-05
319.292721528	0.2728643824129933	2.5578478057742845e-05
320.502163655	0.2719619416188187	2.6192854574384767e-05
321.71160578200005	0.2710610680994659	2.6826399064100582e-05
322.92104790900004	0.270162526645956	2.7477023381975678e-05
324.130490036	0.26926705882008445	2.814257759001308e-05
325.339932163	0.2683753814857564	2.8820858543415175e-05
326.54937429	0.2674881854595864	2.9509618954710085e-05
327.75881641700005	0.2666061342810258	3.0206576895547844e-05
328.96825854400004	0.2657298631018888	3.090942568778965e-05
330.177700671	0.26485997769485015	3.161584412706396e-05
331.387142798	0.263997053580071	3.2323506942755e-05
332.596584925	0.26314163526884493	3.3030095418937766e-05
333.80602705200005	0.26229423562280735	3.3733308049257005e-05
335.01546917900004	0.26145533532694426	3.4430871131133883e-05
336.224911306	0.26062538247436845	3.512054917475091e-05
337.434353433	0.25980479226055214	3.580015501963188e-05
338.64379556	0.2589939467844136	3.64675595620707e-05
339.85323768700005	0.258193194953478	3.712070100115828e-05
341.06267981400003	0.25740285249002776	3.775759354224454e-05
342.272121941	0.2566232020350003	3.837633548438825e-05
343.481564068	0.25585449334617527	3.8975116666609044e-05
344.691006195	0.2550969435869972	3.955222523271863e-05
345.90044832200005	0.25435073770228067	4.010605370214359e-05
347.10989044900003	0.2536160288767992	4.0635104330407675e-05
348.319332576	0.2528929390727483	4.1137993767562296e-05
349.528774703	0.25218155964188066	4.1613457011666876e-05
350.73821683	0.25148195200806844	4.2060350670573634e-05
351.94765895700004	0.2507941484159459	4.2477655535981414e-05
353.15710108400003	0.2501181527412628	4.2864478497439596e-05
354.366543211	0.2494539413584973	4.322005380253426e-05
355.575985338	0.24880146406128986	4.3543743681626344e-05
356.785427465	0.24816064503123209	4.38350383678796e-05
357.99486959200004	0.2475313838505591	4.409355552518179e-05
359.20431171900003	0.24691355655427863	4.4319039107285566e-05
360.413753846	0.24630701671736466	4.451135767339596e-05
361.623195973	0.24571159657262848	4.467050218900066e-05
362.8326381	0.24512710815495484	4.4796583344393694e-05
364.04208022700004	0.24455334446767404	4.4889828393370925e-05
365.25152235400003	0.24399008066688538	4.4950577574476075e-05
366.460964481	0.24343707525966585	4.497928012553639e-05
367.670406608	0.24289407131216986	4.497648993050668e-05
368.87984873500005	0.242360797663741	4.494286082369597e-05
370.08929086200004	0.24183697014326702	4.4879141593221714e-05
371.29873298900003	0.24132229278413056	4.4786170711876826e-05
372.508175116	0.24081645903421897	4.466487083286597e-05
373.717617243	0.2403191529576216	4.4516243078834756e-05
374.92705937000005	0.23983005042473635	4.4341361162828615e-05
376.13650149700004	0.23934882028769733	4.414136537924457e-05
377.34594362400003	0.2388751255381206	4.391745648046021e-05
378.555385751	0.23840862444440195	4.367088949384172e-05
379.764827878	0.237948971665862	4.340296750123622e-05
380.97427000500005	0.23749581934123964	4.311503539765828e-05
382.18371213200004	0.23704881814921974	4.280847368117951e-05
383.393154259	0.23660761833873972	4.248469229191419e-05
384.602596386	0.23617187072712084	4.21451245198403e-05
385.812038513	0.2357412276641022	4.179122101497492e-05
387.02148064000005	0.23531534396010131	4.1424443921152186e-05
388.23092276700004	0.2348938777771522	4.104626114912084e-05
389.440364894	0.23447649148111882	4.065814081027469e-05
390.649807021	0.23406285245399616	4.0261545834762114e-05
391.859249148	0.23365263386520058	3.985792877834542e-05
393.06869127500005	0.23324551540095737	3.9448726831090186e-05
394.27813340200004	0.23284118395100972	3.903535704369141e-05
395.487575529	0.23243933425207572	3.8619211775353504e-05
396.697017656	0.2320396694875589	3.820165436745094e-05
397.906459783	0.23164190184322106	3.778401504886815e-05
399.11590191000005	0.2312457530186375	3.73675870715392e-05
400.32534403700004	0.23085095469439532	3.695362307552266e-05
401.534786164	0.2304572489551219	3.654333169101612e-05
402.744228291	0.23006438866859613	3.6137874353837836e-05
403.953670418	0.22967213782124352	3.573836236572309e-05
405.16311254500005	0.22928027181050578	3.5345854160805645e-05
406.37255467200004	0.22888857769465834	3.496135280914766e-05
407.581996799	0.2284968544007321	3.458580372623449e-05
408.791438926	0.2281049128913577	3.422009262037144e-05
410.000881053	0.22771257629135863	3.3865043658446184e-05
411.21032318000005	0.22731967997510705	3.352141786241939e-05
412.41976530700003	0.2269260716156473	3.3189911738241224e-05
413.629207434	0.2265316111967252	3.2871156143961724e-05
414.838649561	0.2261361709889272	3.256571540633721e-05
416.04809168800006	0.22573963549115905	3.2274086688917e-05
417.25753381500004	0.2253419013387964	3.1996699618263404e-05
418.46697594200003	0.2249428771798697	3.173391616955957e-05
419.676418069	0.22454248352070108	3.1486030825159465e-05
420.885860196	0.22414065254242907	3.125327100108254e-05
422.09530232300006	0.22373732788993186	3.1035797743498474e-05
423.30474445000004	0.22333246443465837	3.083370670076514e-05
424.51418657700003	0.2229260280128973	3.064702935246384e-05
425.723628704	0.22251799514106746	3.0475734506564066e-05
426.933070831	0.22210835270959553	3.0319730051787346e-05
428.14251295800005	0.2216970976569578	3.0178864947852224e-05
429.35195508500004	0.22128423662549182	3.0052931449779136e-05
430.56139721200003	0.2208697856005547	2.9941667549089103e-05
431.770839339	0.22045376953461057	2.9844759615944684e-05
432.980281466	0.2200362219578465	2.9761845230531343e-05
434.18972359300005	0.21961718457684934	2.9692516169970325e-05
435.39916572000004	0.21919670686290296	2.96363215491187e-05
436.60860784700003	0.21877484563144295	2.959277108335241e-05
437.818049974	0.21835166461414102	2.9561338460283428e-05
439.027492101	0.21792723402512212	2.9541464777916546e-05
440.23693422800005	0.21750163012273924	2.9532562062316612e-05
441.44637635500004	0.21707493476831288	2.9534016810474042e-05
442.65581848200003	0.21664723498321659	2.954519355691694e-05
443.865260609	0.2162186225056239	2.956543843096172e-05
445.074702736	0.2157891933482196	2.9594082693833e-05
446.28414486300005	0.21535904735811345	2.9630446229227898e-05
447.49358699000004	0.21492828778014794	2.967384097314077e-05
448.703029117	0.21449702082475924	2.9723574267341115e-05
449.912471244	0.21406535524147413	2.9778952109009067e-05
451.121913371	0.21363340189910485	2.9839282294008732e-05
452.33135549800005	0.2132012733736293	2.9903877439850403e-05
453.54079762500004	0.21276908354468055	2.9972057863894998e-05
454.750239752	0.21233694720155408	3.0043154323811654e-05
455.959681879	0.2119049796595356	3.0116510590815363e-05
457.169124006	0.211473296387334	3.0191485867266517e-05
458.37856613300005	0.21104201264633324	3.026745702914825e-05
459.58800826000004	0.21061124314229873	3.034382068821211e-05
460.797450387	0.21018110169016188	3.0419995087553008e-05
462.006892514	0.2097517008924131	3.049542179661766e-05
463.216334641	0.20932315183158706	3.056956723756889e-05
464.42577676800005	0.2088955637772619	3.064192401843802e-05
465.63521889500004	0.208469043907957	3.07120120890512e-05
466.844661022	0.20804369704824194	3.0779379708520964e-05
468.054103149	0.2076196254213075	3.0843604246510984e-05
469.26354527600006	0.2071969284172313	3.0904292799821966e-05
470.47298740300005	0.2067757023770731	3.096108264728932e-05
471.68242953000004	0.2063560403929158	3.1013641538951e-05
472.891871657	0.20593803212391673	3.1061667821173734e-05
474.101313784	0.20552176362835695	3.1104890422659975e-05
475.31075591100006	0.20510731721167694	3.11430686920558e-05
476.52019803800005	0.20469477129040256	3.117599209415087e-05
477.72964016500003	0.20428420027183342	3.1203479787751405e-05
478.939082292	0.20387567444933197	3.122538007908328e-05
480.148524419	0.20346925991301312	3.124156976469918e-05
481.35796654600006	0.2030650184755725	3.125195337233751e-05
482.56740867300005	0.20266300761299516	3.125646231312408e-05
483.77685080000003	0.20226328041981884	3.125505394243585e-05
484.986292927	0.20186588557860524	3.1247710548192205e-05
486.195735054	0.20147086734326158	3.123443827736381e-05
487.40517718100006	0.2010782655357751	3.121526599865635e-05
488.61461930800004	0.20068811555597785	3.1190244120117944e-05
489.82406143500003	0.20030044840385364	3.11594433605197e-05
491.033503562	0.1999152907139312	3.112295349754204e-05
492.242945689	0.19953266480127085	3.1080882084038394e-05
493.45238781600005	0.19915258871852687	3.10333531498947e-05
494.66182994300004	0.19877507632356575	3.098050589627474e-05
495.87127207000003	0.1984001373571119	3.092249338390623e-05
497.080714197	0.1980277775298418	3.0859481230086674e-05
498.290156324	0.19765799861840894	3.079164631453688e-05
499.49959845100005	0.1972907985697935	3.0719175497579524e-05
500.70904057800004	0.19692617161343248	3.0642264368546635e-05
501.91848270500003	0.19656410838053984	3.0561116017291166e-05
503.127924832	0.19620459603004162	3.04759398355692e-05
504.337366959	0.19584761838054995	3.0386950357251625e-05
505.54680908600005	0.1954931560478033	3.029436613822851e-05
506.75625121300004	0.19514118658698498	3.019840867875391e-05
507.96569334000003	0.19479168463936858	3.009930139339825e-05
509.175135467	0.19444462208271665	2.9997268625982255e-05
510.384577594	0.19409996818487113	2.9892534721998086e-05
511.59401972100005	0.1937576897600056	2.9785323146366836e-05
512.803461848	0.19341775132698835	2.9675855663078064e-05
514.0129039750001	0.19308011526934027	2.9564351558152026e-05
515.2223461020001	0.19274474199626498	2.945102693046641e-05
516.4317882290001	0.1924115901042605	2.9336094029793007e-05
517.641230356	0.19208061653881248	2.9219760652097566e-05
518.850672483	0.19175177675573926	2.9102229592704586e-05
520.06011461	0.191425024881673	2.898369814906071e-05
521.269556737	0.19110031387329734	2.8864357678918493e-05
522.478998864	0.19077759567489605	2.8744393211261845e-05
523.688440991	0.190456821373809	2.862398310502616e-05
524.897883118	0.19013794135344125	2.8503298758192527e-05
526.1073252450001	0.1898209054434255	2.8382504364675374e-05
527.3167673720001	0.18950566306663208	2.826175671341651e-05
528.5262094990001	0.18919216338268224	2.8141205032119213e-05
529.735651626	0.18888035542766518	2.80209908689369e-05
530.945093753	0.18857018824980482	2.7901248015049466e-05
532.15453588	0.18826161104076622	2.778210246313636e-05
533.363978007	0.18795457326242299	2.7663672395223338e-05
534.573420134	0.18764902476881162	2.7546068207342406e-05
535.782862261	0.18734491592312083	2.742939255642144e-05
536.9923043880001	0.1870421977095092	2.731374043759024e-05
538.2017465150001	0.18674082183961174	2.7199199287385597e-05
539.4111886420001	0.18644074085359255	2.708584909850149e-05
540.6206307690001	0.18614190821563092	2.6973762567452703e-05
541.830072896	0.1858442784037435	2.6863005251093197e-05
543.039515023	0.1855478069938744	2.675363573876967e-05
544.24895715	0.18525245073817953	2.6645705842769175e-05
545.458399277	0.18495816763748416	2.6539260794544405e-05
546.667841404	0.18466491700787666	2.643433945532619e-05
547.877283531	0.18437265954145501	2.633097453283116e-05
549.0867256580001	0.18408135736121842	2.622919280745195e-05
550.2961677850001	0.18379097407015274	2.6129015357017565e-05
551.5056099120001	0.18350147479453666	2.6030457798969194e-05
552.715052039	0.18321282622155613	2.5933530522796233e-05
553.924494166	0.18292499663126538	2.583823893236859e-05
555.133936293	0.1826379559230293	2.5744583688268084e-05
556.34337842	0.1823516756365082	2.5652560948970252e-05
557.552820547	0.18206612896732274	2.5562162613417998e-05
558.762262674	0.18178129077752092	2.5473376564637658e-05
559.971704801	0.1814971376009827	2.538618690946703e-05
561.1811469280001	0.18121364764390435	2.5300574217420298e-05
562.3905890550001	0.18093080078053297	2.5216515756840238e-05
563.6000311820001	0.18064857854430424	2.5133985734207155e-05
564.809473309	0.18036696411456363	2.505295552297401e-05
566.018915436	0.18008594229903918	2.4973393891909513e-05
567.228357563	0.17980549951227912	2.4895267233793618e-05
568.43779969	0.17952562375021403	2.4818539786900984e-05
569.647241817	0.17924630456106475	2.4743173855735052e-05
570.856683944	0.17896753301278126	2.4669130020790305e-05
572.066126071	0.17868930165724164	2.459636735823737e-05
573.2755681980001	0.17841160449138374	2.4524843640010902e-05
574.4850103250001	0.1781344369155107	2.44545155400476e-05
575.6944524520001	0.1778577956889643	2.4385338830391266e-05
576.903894579	0.17758167888338297	2.431726857562275e-05
578.113336706	0.17730608583376367	2.4250259319075704e-05
579.322778833	0.1770310170875156	2.4184265271362474e-05
580.53222096	0.1767564743517556	2.4119240480517306e-05
581.741663087	0.17648246043900806	2.40551390096967e-05
582.951105214	0.1762089792115561	2.3991915099107758e-05
584.160547341	0.17593603552462683	2.3929523327384117e-05
585.3699894680001	0.17566363516861067	2.38679187664661e-05
586.5794315950001	0.17539178481052506	2.3807057126341226e-05
587.7888737220001	0.1751204919348979	2.3746894898115927e-05
588.998315849	0.174849764784282	2.3687389482678594e-05
590.207757976	0.17457961229955696	2.3628499320961248e-05
591.417200103	0.17431004406021894	2.3570184010050547e-05
592.62664223	0.17404107022481743	2.351240441408699e-05
593.836084357	0.1737727014717104	2.345512277047697e-05
595.045526484	0.17350494894030263	2.339830278587817e-05
596.2549686110001	0.17323782417291345	2.334190972058133e-05
597.4644107380001	0.17297133905741613	2.32859104723695e-05
598.6738528650001	0.1727055057708051	2.3230273649857416e-05
599.8832949920001	0.17244033672381245	2.317496963571697e-05
601.092737119	0.17217584450669776	2.3119970644241117e-05
602.302179246	0.17191204183633635	2.306525077338886e-05
603.511621373	0.17164894150470955	2.3010786046357837e-05
604.7210635	0.1713865563289052	2.2956554445652156e-05
605.930505627	0.17112489910272202	2.290253594641896e-05
607.139947754	0.17086398254995813	2.284871253156147e-05
608.3493898810001	0.1706038192794806	2.2795068212454234e-05
609.5588320080001	0.1703444217421288	2.2741589039703486e-05
610.7682741350001	0.17008580218952724	2.2688263097694815e-05
611.9777162620001	0.16982797263486477	2.263508051172805e-05
613.187158389	0.16957094481567997	2.258203343493163e-05
614.396600516	0.16931473015870835	2.2529116038881768e-05
615.606042643	0.16905933974681533	2.2476324492636943e-05
616.81548477	0.16880478428804488	2.2423656946127033e-05
618.024926897	0.16855107408681014	2.2371113500699585e-05
619.234369024	0.1682982190172302	2.231869617988134e-05
620.4438111510001	0.16804622849862683	2.226640889776589e-05
621.6532532780001	0.16779511147317788	2.2214257426195402e-05
622.8626954050001	0.16754487638572724	2.2162249350694524e-05
624.072137532	0.16729553116572946	2.211039403119081e-05
625.281579659	0.16704708321132147	2.2058702561334546e-05
626.491021786	0.16679953937549294	2.2007187716692042e-05
627.700463913	0.1665529059543285	2.1955863912977196e-05
628.90990604	0.16630718867728683	2.1904747151826874e-05
630.119348167	0.16606239269948014	2.185385497151938e-05
631.328790294	0.1658185225959083	2.1803206392657167e-05
632.5382324210001	0.16557558235760433	2.1752821863957957e-05
633.7476745480001	0.16533357538964125	2.1702723205139258e-05
634.9571166750001	0.16509250451093066	2.165293355234778e-05
636.166558802	0.16485237195578287	2.1603477292960363e-05
637.376000929	0.1646131793771382	2.1554380010310102e-05
638.585443056	0.16437492785141872	2.1505668418718166e-05
639.794885183	0.16413761788494405	2.145737030154866e-05
641.00432731	0.16390124942181644	2.140951444316943e-05
642.213769437	0.16366582185322293	2.1362130564548735e-05
643.4232115640001	0.16343133402808413	2.1315249254824234e-05
644.6326536910001	0.1631977842649582	2.1268901898733065e-05
645.8420958180001	0.16296517036513794	2.1223120607042735e-05
647.0515379450001	0.16273348962686296	2.117793814177888e-05
648.260980072	0.1625027388605615	2.113338783955593e-05
649.470422199	0.16227291440505598	2.1089503534481303e-05
650.679864326	0.1620440121446442	2.1046319482171175e-05
651.889306453	0.16181602752698346	2.1003870272430487e-05
653.09874858	0.16158895558169845	2.0962190750586025e-05
654.308190707	0.1613627909396338	2.092131593189605e-05
655.5176328340001	0.16113752785267957	2.0881280914059506e-05
656.7270749610001	0.1609131602140888	2.084212078851143e-05
657.9365170880001	0.16068968157921323	2.0803870549516847e-05
659.1459592150001	0.16046708518658515	2.0766565006158946e-05
660.355401342	0.1602453639792767	2.073023868685076e-05
661.564843469	0.1600245106264539	2.0694925746677885e-05
662.774285596	0.15980451754506966	2.0660659870083046e-05
663.983727723	0.15958537692162428	2.0627474178953238e-05
665.19316985	0.15936708073392777	2.0595401134365066e-05
666.402611977	0.15914962077279934	2.056447244100974e-05
667.6120541040001	0.15893298866364292	2.0534718950563383e-05
668.8214962310001	0.15871717588784495	2.0506170565752995e-05
670.0309383580001	0.15850217380394285	2.0478856146497175e-05
671.2403804850001	0.1582879736684883	2.0452803414344127e-05
672.449822612	0.15807456665658565	2.042803886057669e-05
673.659264739	0.15786194388203031	2.0404587653991234e-05
674.868706866	0.15765009641701913	2.0382473555615063e-05
676.078148993	0.15743901531138002	2.0361718826742972e-05
677.28759112	0.15722869161128644	2.0342344151041218e-05
678.497033247	0.1570191163774176	2.0324368549788612e-05
679.7064753740001	0.156810280702526	2.0307809306698067e-05
680.9159175010001	0.15660217572838545	2.029268189484118e-05
682.1253596280001	0.15639479266209338	2.027899990793456e-05
683.3348017550001	0.15618812279169192	2.0266774996441837e-05
684.544243882	0.15598215750109118	2.025601680825418e-05
685.753686009	0.15577688828427566	2.0246732936693832e-05
686.963128136	0.1555723067587694	2.0238928868148672e-05
688.172570263	0.15536840467835286	2.023260794379947e-05
689.38201239	0.15516517394500923	2.0227771322084014e-05
690.5914545170001	0.1549626066201025	2.022441794729879e-05
691.8008966440001	0.15476069493476885	2.0222544527265743e-05
693.0103387710001	0.1545594312995229	2.022214551620167e-05
694.2197808980001	0.1543588083130712	2.0223213105251415e-05
695.429223025	0.15415881877034743	2.0225737217343673e-05
696.638665152	0.15395945566974398	2.022970551457949e-05
697.848107279	0.15376071221957804	2.0235103405578315e-05
699.057549406	0.1535625818437679	2.0241914064821465e-05
700.266991533	0.15336505818675336	2.0250118460025254e-05
701.47643366	0.1531681351176469	2.0259695378598847e-05
702.6858757870001	0.15297180673365315	2.0270621470700518e-05
703.8953179140001	0.1527760673627496	2.0282871294960578e-05
705.1047600410001	0.1525809115656539	2.0296417367466834e-05
706.3142021680001	0.15238633413709726	2.0311230222857297e-05
707.523644295	0.15219233010641683	2.0327278478373496e-05
708.733086422	0.15199889473749026	2.0344528902938458e-05
709.942528549	0.15180602352802938	2.0362946495670254e-05
711.151970676	0.1516137122082666	2.038249456717419e-05
712.361412803	0.15142195673904493	2.0403134822292295e-05
713.57085493	0.1512307533093403	2.0424827455474232e-05
714.7802970570001	0.15104009833325083	2.04475312461473e-05
715.9897391840001	0.15084998844645914	2.0471203654875117e-05
717.1991813110001	0.15066042050221537	2.0495800927744526e-05
718.4086234380001	0.15047139156685488	2.052127820352453e-05
719.618065565	0.15028289891488478	2.054758961895065e-05
720.827507692	0.1500949400236615	2.0574688422848963e-05
722.036949819	0.149907512567694	2.060252708509291e-05
723.246391946	0.14972061441259799	2.0631057411692777e-05
724.455834073	0.14953424360872838	2.066023066060487e-05
725.6652762	0.14934839838452238	2.068999765334671e-05
726.8747183270001	0.14916307713957652	2.072030888973307e-05
728.0841604540001	0.1489782784374923	2.075111466559765e-05
729.2936025810001	0.14879400099851495	2.0782365182374315e-05
730.5030447080001	0.14861024369198675	2.081401066108523e-05
731.712486835	0.14842700552865642	2.084600144863508e-05
732.921928962	0.14824428565286155	2.087828813111446e-05
734.131371089	0.14806208333460952	2.0910821634896436e-05
735.340813216	0.14788039796158828	2.0943553330607268e-05
736.550255343	0.14769922903113064	2.0976435130649432e-05
737.7596974700001	0.14751857614215172	2.1009419587778064e-05
738.9691395970001	0.14733843898709184	2.10424599844915e-05
740.1785817240001	0.14715881734388037	2.107551042183965e-05
741.3880238510001	0.14697971106794422	2.1108525900874998e-05
742.5974659780001	0.14680112008428586	2.1141462403915908e-05
743.806908105	0.14662304437964746	2.1174276966386126e-05
745.016350232	0.14644548399478305	2.120692774804505e-05
746.225792359	0.14626843901685546	2.1239374093876547e-05
747.435234486	0.14609190957197674	2.1271576595982955e-05
748.644676613	0.145915895817905	2.130349714507934e-05
749.8541187400001	0.14574039793692395	2.1335098977221836e-05
751.0635608670001	0.1455654161289013	2.1366346719955787e-05
752.2730029940001	0.1453909506045627	2.139720642672618e-05
753.4824451210001	0.14521700157896975	2.1427645609472777e-05
754.6918872480001	0.1450435692652358	2.1457633263975717e-05
755.901329375	0.14487065386847048	2.1487139892761586e-05
757.110771502	0.14469825557997798	2.151613751740792e-05
758.320213629	0.14452637457170348	2.154459969204485e-05
759.529655756	0.1443550109909533	2.157250150586952e-05
760.739097883	0.14418416495537287	2.1599819585082436e-05
761.9485400100001	0.14401383654820424	2.1626532087636822e-05
763.1579821370001	0.14384402581382857	2.165261869001393e-05
764.3674242640001	0.14367473275358011	2.1678060578037298e-05
765.5768663910001	0.1435059573218512	2.170284042642846e-05
766.786308518	0.1433376994224841	2.17269423748923e-05
767.995750645	0.143169958905453	2.1750352001595905e-05
769.205192772	0.143002735563828	2.1773056291902227e-05
770.414634899	0.1428360291310293	2.1795043604497113e-05
771.624077026	0.1426698392783636	2.1816303632866482e-05
772.833519153	0.1425041656128502	2.1836827364760625e-05
774.0429612800001	0.1423390076753193	2.185660703834287e-05
775.2524034070001	0.14217436493878488	2.187563609415101e-05
776.4618455340001	0.1420102368070974	2.189390912633212e-05
777.6712876610001	0.14184662261385692	2.1911421832187735e-05
778.880729788	0.1416835216215847	2.1928170956566416e-05
780.090171915	0.14152093302115093	2.19441542384398e-05
781.299614042	0.14135885593145397	2.1959370353426838e-05
782.509056169	0.14119728939933315	2.197381885498509e-05
783.718498296	0.14103623239971633	2.1987500119062816e-05
784.9279404230001	0.14087568383599045	2.2000415277131164e-05
786.1373825500001	0.14071564254059307	2.2012566162226153e-05
787.3468246770001	0.1405561072758019	2.202395524744525e-05
788.5562668040001	0.14039707673472884	2.2034585581619195e-05
789.7657089310001	0.1402385495425024	2.204446073349248e-05
790.975151058	0.14008052425762077	2.2053584728105437e-05
792.184593185	0.13992299937348618	2.2061961989714532e-05
793.394035312	0.1397659733200866	2.2069597280836757e-05
794.603477439	0.13960944446583218	2.2076495646617458e-05
795.812919566	0.13945341111952989	2.2082662356476063e-05
797.0223616930001	0.13929787153248327	2.2088102851179304e-05
798.2318038200001	0.13914282390071653	2.209282268712084e-05
799.4412459470001	0.1389882663672963	2.209682748682606e-05
800.6506880740001	0.13883419702475994	2.2100122886453192e-05
801.8601302010001	0.13868061391762904	2.2102714488381348e-05
803.069572328	0.1385275150449966	2.210460781849398e-05
804.279014455	0.13837489836318234	2.21058082801185e-05
805.488456582	0.1382227617884479	2.210632111229554e-05
806.697898709	0.13807110319975657	2.210615135410867e-05
807.907340836	0.13791992044157336	2.2105303804108097e-05
809.1167829630001	0.1377692113266916	2.2103782992157593e-05
810.3262250900001	0.13761897363907774	2.210159314562326e-05
811.5356672170001	0.1374692051367301	2.209873816290014e-05
812.7451093440001	0.13731990355453988	2.20952215874368e-05
813.9545514710001	0.13717106660714118	2.2091046587012723e-05
815.163993598	0.13702269199175024	2.2086215931976887e-05
816.373435725	0.13687477739098197	2.208073198134901e-05
817.582877852	0.13672732047563374	2.207459666873036e-05
818.792319979	0.13658031890744068	2.206781149016014e-05
820.001762106	0.13643377034177576	2.206037749636244e-05
821.2112042330001	0.1362876724303088	2.20522952898239e-05
822.4206463600001	0.13614202282360688	2.2043565019245552e-05
823.6300884870001	0.13599681917367096	2.2034186382328245e-05
824.8395306140001	0.13585205913640602	2.2024158625498385e-05
826.0489727410001	0.1357077403740237	2.2013480553028852e-05
827.258414868	0.13556386055736158	2.2002150530152037e-05
828.467856995	0.1354204173681236	2.1990166496879392e-05
829.677299122	0.13527740850103634	2.197752597833005e-05
830.886741249	0.13513483166591544	2.1964226099402034e-05
832.0961833760001	0.13499268458964467	2.195026360051702e-05
833.3056255030001	0.1348509650180545	2.193563485482831e-05
834.5150676300001	0.13470967071770468	2.1920335891435634e-05
835.7245097570001	0.13456879947757247	2.1904362413529314e-05
836.9339518840001	0.1344283491106337	2.1887709823587104e-05
838.143394011	0.13428831745534753	2.1870373245762743e-05
839.352836138	0.13414870237703555	2.1852347551873213e-05
840.562278265	0.13400950176915474	2.1833627389166812e-05
841.771720392	0.13387071355446595	2.1814207206864234e-05
842.981162519	0.13373233568610776	2.179408128468367e-05
844.1906046460001	0.13359436614854764	2.177324376127473e-05
845.4000467730001	0.13345680295844795	2.1751688666687088e-05
846.6094889000001	0.13331964416541692	2.172940994949518e-05
847.8189310270001	0.13318288785266327	2.1706401505753763e-05
849.0283731540001	0.133046532137547	2.1682657214248555e-05
850.237815281	0.13291057517203073	2.165817096239572e-05
851.447257408	0.13277501514303897	2.1632936678515125e-05
852.656699535	0.13263985027271885	2.1606948363264536e-05
853.866141662	0.132505078818603	2.1580200115584145e-05
855.075583789	0.13237069907368598	2.1552686166473927e-05
856.2850259160001	0.1322367093664169	2.1524400903218103e-05
857.4944680430001	0.13210310806059963	2.1495338903310502e-05
858.7039101700001	0.13196989355521163	2.1465494955596733e-05
859.9133522970001	0.13183706428414718	2.1434864092310954e-05
861.1227944240001	0.13170461871588013	2.1403441609981346e-05
862.332236551	0.1315725553530568	2.1371223098986668e-05
863.541678678	0.13144087273201543	2.1338204461470207e-05
864.751120805	0.1313095694222469	2.1304381938298183e-05
865.960562932	0.13117864402578586	2.126975212866463e-05
867.170005059	0.13104809517654445	2.1234312011455027e-05
868.3794471860001	0.13091792153959436	2.1198058960318882e-05
869.5888893130001	0.13078812181039254	2.116099076520899e-05
870.7983314400001	0.13065869471396618	2.112310564677336e-05
872.0077735670001	0.13052963900404593	2.1084402269899178e-05
873.2172156940001	0.13040095346216404	2.104487975712763e-05
874.426657821	0.1302726368967166	2.1004537702236358e-05
875.636099948	0.1301446881419912	2.0963376178812004e-05
876.845542075	0.13001710605716588	2.0921395748082266e-05
878.054984202	0.12988988952528618	2.087859746702426e-05
879.2644263290001	0.12976303745221643	2.0834982896435755e-05
880.4738684560001	0.12963654876557668	2.0790554100171978e-05
881.6833105830001	0.12951042241366442	2.07453136523068e-05
882.8927527100001	0.1293846573643628	2.069926463719602e-05
884.1021948370001	0.12925925260405088	2.0652410648497494e-05
885.3116369640001	0.12913420713649876	2.060475578696918e-05
886.521079091	0.12900951998176627	2.05563046610017e-05
887.730521218	0.1288851901751049	2.0507062378489112e-05
888.939963345	0.12876121676587018	2.0457034543696636e-05
890.149405472	0.12863759881642864	2.040622725001248e-05
891.3588475990001	0.12851433540108786	2.035464707053941e-05
892.5682897260001	0.1283914256050372	2.030230105251809e-05
893.7777318530001	0.1282688685233055	2.024919670215145e-05
894.9871739800001	0.12814666325973093	2.019534197797625e-05
896.1966161070001	0.12802480892596332	2.014074527367586e-05
897.406058234	0.12790330464047966	2.0085415408972556e-05
898.615500361	0.12778214952762973	2.0029361613683856e-05
899.824942488	0.12766134271670623	1.9972593514714204e-05
901.034384615	0.1275408833410477	1.9915121116005823e-05
902.243826742	0.12742077053716847	1.9856954785081544e-05
903.4532688690001	0.12730100344391868	1.9798105235010504e-05
904.6627109960001	0.1271815812016844	1.973858350845477e-05
905.8721531230001	0.12706250295161448	1.9678400957860606e-05
907.0815952500001	0.12694376783488834	1.9617569226432505e-05
908.2910373770001	0.12682537499201846	1.9556100229541565e-05
909.500479504	0.12670732356218586	1.9494006137266056e-05
910.709921631	0.1265896126826226	1.94312993516296e-05
911.919363758	0.12647224148802264	1.9367992490132287e-05
913.128805885	0.12635520910999945	1.9304098362340266e-05
914.338248012	0.12623851467657818	1.923962995303158e-05
915.5476901390001	0.12612215731172616	1.9174600400870642e-05
916.7571322660001	0.1260061361349278	1.9109022978125343e-05
917.9665743930001	0.12589045026079193	1.9042911072724514e-05
919.1760165200001	0.12577509879870244	1.8976278166184686e-05
920.3854586470001	0.12566008085251046	1.890913781626072e-05
921.594900774	0.1255453955202528	1.884150363731297e-05
922.804342901	0.1254310418939249	1.877338928059687e-05
924.013785028	0.12531701905927747	1.8704808418339326e-05
925.223227155	0.12520332609565527	1.8635774720918094e-05
926.432669282	0.1250899620758679	1.8566301844754142e-05
927.6421114090001	0.12497692606610462	1.849640341176157e-05
928.8515535360001	0.12486421712587235	1.842609299326609e-05
930.0609956630001	0.12475183430797195	1.83553840941743e-05
931.2704377900001	0.12463977665850505	1.8284290139018455e-05
932.4798799170001	0.1245280432169136	1.8212824455125983e-05
933.689322044	0.12441663301604769	1.814100025750473e-05
934.898764171	0.12430554508226227	1.806883063890602e-05
936.108206298	0.12419477843553947	1.799632855254775e-05
937.317648425	0.12408433208964047	1.7923506804467545e-05
938.5270905520001	0.12397420505227714	1.7850378037490486e-05
939.7365326790001	0.12386439632531066	1.7776954722158814e-05
940.9459748060001	0.12375490490497318	1.7703249147975623e-05
942.1554169330001	0.1236457297821046	1.762927341227751e-05
943.3648590600001	0.12353686994241507	1.7555039410238426e-05
944.5743011870001	0.12342832436675852	1.7480558831323148e-05
945.783743314	0.12332009203142912	1.7405843147462005e-05
946.993185441	0.12321217190846785	1.7330903609685427e-05
948.202627568	0.12310456296598407	1.7255751239755336e-05
949.412069695	0.12299726416848766	1.718039682618778e-05
950.6215118220001	0.12289027447723605	1.7104850920377865e-05
951.8309539490001	0.12278359285058804	1.702912383323961e-05
953.0403960760001	0.12267721824436148	1.695322562865853e-05
954.2498382030001	0.12257114961220592	1.6877166126391182e-05
955.4592803300001	0.1224653859059706	1.680095489700517e-05
956.6687224570001	0.12235992607608684	1.6724601260743618e-05
957.878164584	0.12225476907194434	1.664811428856719e-05
959.087606711	0.12214991384227404	1.6571502801283262e-05
960.297048838	0.12204535933552788	1.6494775370353167e-05
961.506490965	0.12194110450026274	1.6417940319724004e-05
962.7159330920001	0.12183714828551429	1.634100572736233e-05
963.9253752190001	0.12173348964117593	1.626397942740024e-05
965.1348173460001	0.12163012751836853	1.6186869012631648e-05
966.3442594730001	0.12152706086980618	1.6109681839848113e-05
967.5537016000001	0.12142428865015732	1.603242503077105e-05
968.763143727	0.12132180981639833	1.5955105478625016e-05
969.972585854	0.12121962332815629	1.587772985053935e-05
971.182027981	0.12111772814804837	1.5800304595774707e-05
972.391470108	0.12101612324200518	1.572283594802458e-05
973.600912235	0.12091480757959348	1.5645329933049255e-05
974.8103543620001	0.12081378013431766	1.5567792373527237e-05
976.0197964890001	0.12071303988391813	1.549022889621841e-05
977.2292386160001	0.12061258581065468	1.541264493821894e-05
978.4386807430001	0.12051241690157478	1.5335045754549294e-05
979.6481228700001	0.12041253214877323	1.525743642252271e-05
980.857564997	0.12031293054964042	1.5179821854945408e-05
982.067007124	0.12021361110709043	1.5102206798828484e-05
983.276449251	0.12011457282978003	1.5024595850506504e-05
984.485891378	0.12001581473231347	1.4946993460748874e-05
985.6953335050001	0.11991733583543236	1.4869403942275423e-05
986.9047756320001	0.1198191351661901	1.4791831476340438e-05
988.1142177590001	0.11972121175811543	1.4714280123878749e-05
989.3236598860001	0.11962356465135657	1.4636753831260032e-05
990.5331020130001	0.11952619289281391	1.4559256438963145e-05
991.7425441400001	0.11942909553626195	1.4481791688555588e-05
992.951986267	0.11933227164244413	1.4404363232618245e-05
994.161428394	0.11923572027917159	1.4326974641860499e-05
995.370870521	0.11913944052139358	1.424962941147067e-05
996.580312648	0.11904343145125958	1.4172330972653151e-05
997.7897547750001	0.1189476921581672	1.4095082695938504e-05
998.9991969020001	0.11885222173879541	1.4017887901660478e-05
1000.2086390290001	0.11875701929712668	1.394074986705111e-05
1001.4180811560001	0.1186620839444567	1.3863671833107534e-05
1002.6275232830001	0.11856741479938611	1.378665701280457e-05
1003.8369654100001	0.11847301098780968	1.3709708596395955e-05
1005.046407537	0.11837887164288387	1.3632829760601978e-05
1006.255849664	0.11828499590499034	1.355602367422007e-05
1007.465291791	0.11819138292168453	1.3479293504601297e-05
1008.674733918	0.11809803184763716	1.340264242467329e-05
1009.8841760450001	0.1180049418445602	1.3326073618945171e-05
1011.0936181720001	0.11791211208113081	1.3249590287903397e-05
1012.3030602990001	0.11781954173290025	1.3173195658387904e-05
1013.5125024260001	0.11772722998219688	1.3096892982961875e-05
1014.7219445530001	0.11763517601802176	1.3020685549840265e-05
1015.9313866800001	0.11754337903593567	1.2944576687032365e-05
1017.140828807	0.11745183823793989	1.2868569766212971e-05
1018.350270934	0.11736055283234778	1.2792668207845288e-05
1019.559713061	0.11726952203365615	1.2716875487797164e-05
1020.769155188	0.11717874506240698	1.2641195137732778e-05
1021.9785973150001	0.11708822114504405	1.2565630752037193e-05
1023.1880394420001	0.11699794951376821	1.2490185992051791e-05
1024.397481569	0.11690792940638672	1.2414864586089549e-05
1025.606923696	0.11681816006616139	1.2339670336871669e-05
1026.816365823	0.11672864074165003	1.2264607123388384e-05
1028.0258079500002	0.11663937068655005	1.218967890321709e-05
1029.235250077	0.1165503491595374	1.2114889715702328e-05
1030.4446922040001	0.11646157542410837	1.204024368368647e-05
1031.654134331	0.11637304874841248	1.1965745018727415e-05
1032.8635764580001	0.11628476840509229	1.1891398022389495e-05
1034.073018585	0.11619673367112411	1.1817207085221042e-05
1035.282460712	0.11610894382765119	1.1743176691292849e-05
1036.491902839	0.11602139815982715	1.166931142113706e-05
1037.701344966	0.11593409595665531	1.1595615951901027e-05
1038.9107870930002	0.11584703651082896	1.1522095059007125e-05
1040.12022922	0.11576021911857787	1.1448753616430808e-05
1041.3296713470002	0.11567364307951468	1.137559660093065e-05
1042.539113474	0.11558730769648413	1.1302629090289538e-05
1043.7485556010001	0.11550121227541671	1.1229856266294469e-05
1044.957997728	0.11541535612518362	1.1157283415319649e-05
1046.167439855	0.1153297385574558	1.108491592716097e-05
1047.376881982	0.11524435888657013	1.1012759300604146e-05
1048.586324109	0.11515921642939636	1.0940819139704966e-05
1049.795766236	0.11507431050520595	1.0869101156944963e-05
1051.005208363	0.11498964043555464	1.0797611172104364e-05
1052.2146504900002	0.11490520554415729	1.0726355116484708e-05
1053.424092617	0.11482100515678095	1.0655339029562376e-05
1054.6335347440001	0.11473703860113092	1.0584569062241279e-05
1055.842976871	0.11465330520674998	1.0514051474955657e-05
1057.0524189980001	0.11456980430491966	1.0443792642880592e-05
1058.261861125	0.11448653522856796	1.0373799051420337e-05
1059.471303252	0.11440349731218079	1.0304077299627535e-05
1060.680745379	0.11432068989172142	1.023463410175365e-05
1061.890187506	0.11423811230455246	1.016547628435598e-05
1063.0996296330002	0.11415576388936746	1.0096610791277573e-05
1064.30907176	0.11407364398612212	1.0028044680753835e-05
1065.5185138870002	0.113991751935979	9.95978512746665e-06
1066.727956014	0.1139100870812506	9.891839424385684e-06
1067.9373981410001	0.11382864876534912	9.82421498264411e-06
1069.146840268	0.1137474363327456	9.756919329809283e-06
1070.356282395	0.11366644912893308	9.689960115609136e-06
1071.565724522	0.11358568650038954	9.623345107853772e-06
1072.775166649	0.11350514779455308	9.557082196031797e-06
1073.9846087760002	0.11342483235979829	9.491179389685314e-06
1075.194050903	0.11334473954542172	9.425644821005546e-06
1076.4034930300002	0.11326486870162342	9.360486744059717e-06
1077.612935157	0.11318521917950539	9.29571353459089e-06
1078.8223772840001	0.11310579033105994	9.231333692224021e-06
1080.031819411	0.1130265815091787	9.16735583858385e-06
1081.2412615380001	0.11294759206765287	9.103788717060623e-06
1082.450703665	0.11286882136118329	9.040641195529426e-06
1083.660145792	0.11279026874539369	8.97792226074772e-06
1084.869587919	0.11271193357684631	8.915641021983858e-06
1086.079030046	0.11263381521306604	8.85380670754434e-06
1087.2884721730002	0.11255591301255934	8.792428663713551e-06
1088.4979143	0.11247822633484214	8.731516352713738e-06
1089.7073564270001	0.11240075454047221	8.67107935018764e-06
1090.916798554	0.11232349699107863	8.611127341997752e-06
1092.1262406810001	0.11224645304939895	8.55167012225199e-06
1093.335682808	0.11216962207931412	8.492717586789742e-06
1094.545124935	0.11209300344589143	8.434279730481685e-06
1095.754567062	0.11201659651542191	8.37636664035872e-06
1096.964009189	0.11194040065546726	8.318988488322815e-06
1098.1734513160002	0.11186441523490294	8.262155527751683e-06
1099.382893443	0.1117886396239624	8.205878079968821e-06
1100.5923355700002	0.11171307319428897	8.150166528617503e-06
1101.801777697	0.11163771531897834	8.09503130944784e-06
1103.0112198240001	0.11156256537263132	8.040482896235529e-06
1104.220661951	0.11148762273139698	7.986531791535794e-06
1105.430104078	0.11141288677303052	7.933188510109109e-06
1106.639546205	0.1113383568769339	7.88046356456116e-06
1107.848988332	0.11126403242420937	7.828367451025445e-06
1109.058430459	0.11118991279770629	7.776910627745688e-06
1110.267872586	0.11111599738206838	7.726103497102961e-06
1111.4773147130002	0.11104228556378104	7.675956388332834e-06
1112.68675684	0.11096877673121654	7.62647953118959e-06
1113.8961989670001	0.11089547027467996	7.577683033455608e-06
1115.105641094	0.11082236558644727	7.529576858615455e-06
1116.3150832210001	0.11074946206081039	7.482170798173121e-06
1117.524525348	0.11067675909411714	7.435474443460668e-06
1118.733967475	0.11060425608480126	7.389497159825281e-06
1119.943409602	0.11053195243342391	7.344248053996678e-06
1121.152851729	0.11045984754270187	7.299735946641337e-06
1122.3622938560002	0.11038794081753903	7.255969339122442e-06
1123.571735983	0.11031623166505167	7.212956383662486e-06
1124.7811781100002	0.11024471949458951	7.170704849466809e-06
1125.990620237	0.11017340371776205	7.129222090857308e-06
1127.2000623640001	0.11010228374845123	7.088515014060762e-06
1128.409504491	0.11003135900282467	7.048590046060894e-06
1129.618946618	0.10996062889935057	7.0094531039032296e-06
1130.828388745	0.1098900928587996	6.971109560499361e-06
1132.037830872	0.10981975030425237	6.933564217439547e-06
1133.2472729990002	0.10974960066109606	6.8968212763376556e-06
1134.456715126	0.10967964335702209	6.860884309095199e-06
1135.6661572530002	0.10960987782202296	6.825756236714156e-06
1136.87559938	0.10954030348837168	6.791439306119897e-06
1138.0850415070001	0.109470919790618	6.757935065573671e-06
1139.294483634	0.10940172616556205	6.725244353213518e-06
1140.5039257610001	0.10933272205223632	6.693367280618841e-06
1141.713367888	0.10926390689188142	6.662303221803736e-06
1142.922810015	0.10919528012791642	6.632050806390639e-06
1144.132252142	0.10912684120590875	6.602607918621626e-06
1145.341694269	0.10905858957353964	6.57397169603579e-06
1146.5511363960002	0.10899052468056807	6.546138536384137e-06
1147.760578523	0.10892264597878752	6.519104107483264e-06
1148.9700206500002	0.10885495292198703	6.492863363036814e-06
1150.179462777	0.10878744496590687	6.467410561294971e-06
1151.3889049040001	0.10872012156819169	6.442739288466892e-06
1152.598347031	0.10865298218833977	6.418842489429157e-06
1153.807789158	0.1085860262876568	6.395712502152498e-06
1155.017231285	0.10851925332920266	6.373341095132386e-06
1156.226673412	0.10845266277773916	6.351719511937346e-06
1157.4361155390002	0.10838625409967817	6.330838516498327e-06
1158.645557666	0.10832002676302722	6.310688448115937e-06
1159.8549997930002	0.10825398023733529	6.291259275331628e-06
1161.06444192	0.10818811399363841	6.272540656328326e-06
1162.2738840470001	0.10812242750440848	6.254522003302401e-06
1163.483326174	0.1080569202434971	6.237192544880958e-06
1164.6927683010001	0.10799159168608381	6.220541397763573e-06
1165.902210428	0.10792644130862482	6.204557635601559e-06
1167.111652555	0.1078614685888039	6.189230360350864e-06
1168.321094682	0.10779667300548325	6.174548777119108e-06
1169.530536809	0.10773205403865257	6.160502265393475e-06
1170.7399789360002	0.10766761116939041	6.147080453301839e-06
1171.949421063	0.10760334387981374	6.1342732873707404e-06
1173.1588631900001	0.10753925165304239	6.122071107041465e-06
1174.368305317	0.10747533397315844	6.1104647087125305e-06
1175.5777474440001	0.10741159032517134	6.099445415247398e-06
1176.787189571	0.1073480201949797	6.089005131874198e-06
1177.996631698	0.1072846230693445	6.079136411204592e-06
1179.206073825	0.10722139843586155	6.0698324992968335e-06
1180.415515952	0.10715834578292993	6.061087388552924e-06
1181.6249580790002	0.10709546459973375	6.052895853798486e-06
1182.834400206	0.10703275437621937	6.045253489457711e-06
1184.0438423330002	0.10697021460307675	6.038156736210059e-06
1185.25328446	0.10690784477172326	6.031602899558401e-06
1186.4627265870001	0.10684564437428819	6.025590162077834e-06
1187.672168714	0.10678361290360053	6.02011758465069e-06
1188.881610841	0.10672174985317891	6.015185100505607e-06
1190.091052968	0.10666005471721761	6.010793500346822e-06
1191.300495095	0.1065985269905856	6.006944404441511e-06
1192.5099372220002	0.10653716616881054	6.00364022849531e-06
1193.719379349	0.10647597174807967	6.000884139800736e-06
1194.9288214760002	0.10641494322523123	5.99867999832724e-06
1196.138263603	0.10635408009775027	5.9970322910465765e-06
1197.3477057300001	0.10629338186376845	5.995946060301823e-06
1198.557147857	0.10623284802206465	5.995426808775713e-06
1199.7665899840001	0.10617247807206578	5.995480409109238e-06
1200.976032111	0.10611227151385688	5.996112994907387e-06
1202.185474238	0.10605222784818963	5.9973308450768065e-06
1203.394916365	0.10599234657650121	5.999140257402139e-06
1204.604358492	0.10593262720093204	6.001547417132549e-06
1205.8138006190002	0.10587306922435982	6.004558255105599e-06
1207.023242746	0.10581367215043502	6.008178303271052e-06
1208.2326848730002	0.10575443548362896	6.012412539105064e-06
1209.442127	0.10569535872928876	6.017265233933821e-06
