0.0	0.0	0.0
1.209442127	5.212318808546051e-05	-1.1706263901475328e-08
2.418884254	0.00020817269705491876	-1.1881903896308499e-08
3.6283263810000004	0.00046722712614055207	-1.2094605661779534e-08
4.837768508	0.0008277959922948831	-1.2206920066372516e-08
6.047210635000001	0.0012878391657306038	-1.2288807299292335e-08
7.256652762000001	0.0018447889130689496	-1.233819814635027e-08
8.466094889	0.0024955748051727574	-1.2361023824637684e-08
9.675537016	0.0032366512531000406	-1.2355108967482235e-08
10.884979143	0.004064027696271595	-1.2326830938767448e-08
12.094421270000002	0.004973301303901836	-1.227830902310213e-08
13.303863397	0.005959692033294035	-1.2202486480241589e-08
14.513305524000002	0.007018079765912376	-1.21033720527733e-08
15.722747651	0.00814304321616419	-1.1973284140015177e-08
16.932189778	0.009328900339075	-1.1814282614827595e-08
18.141631905	0.010569749962259819	-1.1680934817451244e-08
19.351074032	0.011859514240622388	-1.1560050567341793e-08
20.560516159000002	0.013191981691247084	-1.1460658282348119e-08
21.769958286	0.014560850400290138	-1.1347527335183265e-08
22.979400413	0.015959771242317195	-1.1234190452534142e-08
24.188842540000003	0.01738239049422677	-1.1273906095897803e-08
25.398284667000002	0.01882239160157766	-1.1587095239756147e-08
26.607726794	0.02027353642763904	-1.2384043807709094e-08
27.817168921	0.021729704635941323	-1.3939883164087999e-08
29.026611048000003	0.02318493175369231	-1.6606890503021328e-08
30.236053175000002	0.024633445363141656	-2.0754470509694545e-08
31.445495302	0.026069699220373117	-2.668143885734105e-08
32.654937429	0.027488405075747437	-3.4531905072036e-08
33.864379556	0.028884562001591205	-4.425271376822166e-08
35.073821683000006	0.03025348307500874	-5.558970970657762e-08
36.28326381	0.031590819296837575	-6.808473142638993e-08
37.492705937000004	0.03289258064975637	-8.105705488542155e-08
38.702148064	0.03415515420927283	-9.360265323112091e-08
39.911590191	0.035375319219975006	-1.0467541434368073e-07
41.121032318000005	0.036550259051202016	-1.1329134457493381e-07
42.330474445	0.03767756998410551	-1.1880939775256414e-07
43.539916572	0.03875526686828902	-1.211519336542868e-07
44.749358699000005	0.039781785768389366	-1.208398663139461e-07
45.958800826	0.04075598372819148	-1.1884127074774638e-07
47.168242953000004	0.04167713572492251	-1.163420885308303e-07
48.377685080000006	0.042544928848771583	-1.1455146164906702e-07
49.587127207	0.043359453760453276	-1.1458999811610646e-07
50.796569334000004	0.04412119352792771	-1.1745223054192423e-07
52.00601146100001	0.04483100998865683	-1.2401252709542786e-07
53.215453588	0.04549012781322557	-1.3504616081854138e-07
54.424895715000005	0.046100116461962506	-1.5124785694331535e-07
55.634337842	0.04666287023429994	-1.7323985342724075e-07
56.843779969	0.04718058661552535	-2.015678086887018e-07
58.053222096000006	0.0476557431293365	-2.3668610354570723e-07
59.262664223	0.04809107290772618	-2.7893539796024405e-07
60.472106350000004	0.04848953919193558	-3.2851564967316e-07
61.68154847700001	0.04885430897929399	-3.8545779126200094e-07
62.890990604	0.04918872603057058	-4.4959719973815936e-07
64.100432731	0.04949628345090531	-5.205519929478311e-07
65.309874858	0.049780596054443016	-5.977089878541823e-07
66.519316985	0.05004537271833119	-6.802196884770633e-07
67.728759112	0.05029438892566123	-7.670078779877392e-07
68.93820123900001	0.05053145968917544	-8.567892572471771e-07
70.14764336600001	0.0507604130381759	-9.481023658397419e-07
71.357085493	0.050985064240282686	-1.0393488165958858e-06
72.56652762	0.05120919091775576	-1.1288400473793414e-06
73.775969747	0.05143650920523671	-1.214847232304912e-06
74.98541187400001	0.05167065108211018	-1.2956507782778286e-06
76.19485400100001	0.05191514299832599	-1.3695858293479553e-06
77.404296128	0.052173385897749086	-1.4350804525241758e-06
78.613738255	0.05244863672806259	-1.4906836347677495e-06
79.823180382	0.05274399151136097	-1.5350810343023748e-06
81.032622509	0.05306237003480708	-1.5670974483817171e-06
82.24206463600001	0.05340650220623711	-1.5856862184414e-06
83.45150676300001	0.05377891610524155	-1.5899070637090326e-06
84.66094889	0.05418192774605669	-1.5788949883448674e-06
85.870391017	0.054617632554552945	-1.5518237147332724e-06
87.079833144	0.05508789854788763	-1.5078675698222835e-06
88.28927527100001	0.05559436119229634	-1.446165762713712e-06
89.49871739800001	0.05613841990234125	-1.3657927088744708e-06
90.708159525	0.056721236134215564	-1.265737414763886e-06
91.917601652	0.05734373301655773	-1.144894073049899e-06
93.127043779	0.05800659645482162	-1.002064871142854e-06
94.33648590600001	0.058710277639248826	-8.359747131188134e-07
95.54592803300001	0.0594549968815124	-6.452961302600658e-07
96.75537016000001	0.0602407487007178	-4.2868138697478605e-07
97.964812287	0.061067308075223765	-1.8479782528363815e-07
99.174254414	0.06193423777257375	8.763785482400328e-08
100.383696541	0.06284089666572987	3.898303255487424e-07
101.59313866800001	0.06378644894012589	7.228841534585026e-07
102.80258079500001	0.06476987409306477	1.0877912313106174e-06
104.01202292200001	0.06578997762523213	1.485426431692541e-06
105.221465049	0.06684540232366647	1.916549434236153e-06
106.430907176	0.06793464003657321	2.3818101199985733e-06
107.64034930300001	0.0690560438426412	2.8817552736085952e-06
108.84979143000001	0.07020784052070288	3.416835052830241e-06
110.05923355700001	0.07138814322931088	3.987408343963045e-06
111.268675684	0.07259496430991204	4.5937462709244866e-06
112.478117811	0.07382622813158982	5.236032964226944e-06
113.687559938	0.0750797838997508	5.914362542070892e-06
114.89700206500001	0.07635341835550706	6.628731481474081e-06
116.10644419200001	0.07764486829686083	7.379026285993758e-06
117.31588631900001	0.0789518328571585	8.16500737469306e-06
118.525328446	0.08027198548076223	8.986291191137778e-06
119.734770573	0.08160298554061259	9.842333324895353e-06
120.94421270000001	0.08294248954742549	1.0732415742944326e-05
122.15365482700001	0.08428816190561964	1.1655640965829759e-05
123.36309695400001	0.0856376851767718	1.261093520717457e-05
124.572539081	0.08698876981721955	1.3597061271947313e-05
125.781981208	0.0883391633623182	1.4612640529903958e-05
126.99142333500001	0.08968665903560463	1.5656181848868805e-05
128.200865462	0.09102910376653046	1.6726114083504147e-05
129.410307589	0.09236440560538985	1.7820817898474702e-05
130.619749716	0.09369054052835589	1.8938652344029625e-05
131.82919184300002	0.09500555862895038	2.0077971965797477e-05
133.03863397	0.09630758969451571	2.1237131324841196e-05
134.24807609700002	0.09759484816717774	2.2414475848177426e-05
135.457518224	0.09886563748858633	2.3608320832663132e-05
136.666960351	0.10011835382717751	2.4816923756389515e-05
137.87640247800002	0.10135148918750028	2.6038457795676195e-05
139.085844605	0.1025636339050675	2.72709952488192e-05
140.29528673200002	0.10375347853815654	2.8512507474163383e-05
141.504728859	0.1049198151790296	2.976088326224517e-05
142.714170986	0.10606153821815874	3.101396200577899e-05
143.92361311300002	0.10717764460269386	3.226957390530207e-05
145.13305524	0.10826723363262657	3.3525578393407884e-05
146.34249736700002	0.10932950633528345	3.4779893840032785e-05
147.551939494	0.11036376445318026	3.603051512797957e-05
148.761381621	0.1113694090744198	3.727551911782818e-05
149.97082374800002	0.11234593893037802	3.8513060245094546e-05
151.180265875	0.1132929483827769	3.9741359307782635e-05
152.38970800200002	0.11421012512120685	4.095868822270437e-05
153.599150129	0.11509724759207123	4.2163352829522586e-05
154.808592256	0.11595418218038334	4.335367506910924e-05
156.018034383	0.11678088016645588	4.452797537254602e-05
157.22747651	0.11757737448013096	4.5684555852687756e-05
158.43691863700002	0.11834377627571013	4.682168482941005e-05
159.646360764	0.1190802713510245	4.7937583230465664e-05
160.85580289100002	0.11978711643413816	4.903041335866241e-05
162.065245018	0.12046463536096241	5.0098270466783146e-05
163.274687145	0.12111321516653614	5.11391774497022e-05
164.48412927200002	0.12173330211200294	5.215108283277164e-05
165.693571399	0.12232539766838961	5.313186215048987e-05
166.90301352600002	0.12289005447725829	5.407932273701968e-05
168.112455653	0.1234278723071894	5.499121192913714e-05
169.32189778	0.12393949402390898	5.586522867556425e-05
170.53133990700002	0.12442560159066657	5.669903850976866e-05
171.740782034	0.12488691211431725	5.7490291796050105e-05
172.95022416100002	0.12532417395134007	5.823664503645871e-05
174.159666288	0.1257381628868345	5.89357848968637e-05
175.369108415	0.12612967839840974	5.9585454453598884e-05
176.57855054200002	0.12649954001576902	6.018348105032772e-05
177.787992669	0.12684858378572098	6.072780505704616e-05
178.99743479600002	0.1271776588513682	6.121650882101214e-05
180.206876923	0.12748762415327358	6.164784512014617e-05
181.41631905	0.1277793452594883	6.202026452484129e-05
182.62576117700002	0.12805369133044986	6.233244113640463e-05
183.835203304	0.12831153222389421	6.258329629854465e-05
185.04464543100002	0.12855373574406723	6.27720199473741e-05
186.254087558	0.1287811650386916	6.289808932102049e-05
187.46352968500003	0.12899467614631546	6.296128482429655e-05
188.67297181200001	0.12919511569585165	6.296170284794955e-05
189.882413939	0.1293833187593637	6.289976538399945e-05
191.09185606600002	0.12956010685836583	6.277622629713291e-05
192.301298193	0.1297262861232055	6.259217413444647e-05
193.51074032000002	0.12988264560442206	6.234903137907342e-05
194.720182447	0.13002995573431525	6.204855010714323e-05
195.929624574	0.13016896693638613	6.16928040176412e-05
197.13906670100002	0.13030040837975962	6.128417689522845e-05
198.348508828	0.13042498687522988	6.08253476089671e-05
199.55795095500002	0.130543385909101	6.031927182064359e-05
200.767393082	0.13065626481063974	5.9769160663338404e-05
201.976835209	0.1307642580486004	5.917845668782311e-05
203.18627733600002	0.13086797465196431	5.8550807446022066e-05
204.395719463	0.13096799774977466	5.7890037092589616e-05
205.60516159000002	0.13106488422470747	5.720011640871574e-05
206.814603717	0.13115916447477535	5.648513163698414e-05
208.02404584400003	0.1312513422773745	5.5749252542757754e-05
209.23348797100002	0.1313418947497425	5.499670008355496e-05
210.442930098	0.1314312723997448	5.423171408838537e-05
211.65237222500002	0.13151989926087845	5.345852135800078e-05
212.861814352	0.13160817310532336	5.2681304575673296e-05
214.07125647900003	0.13169646572893362	5.190417242002469e-05
215.28069860600002	0.1317851233020794	5.113113125156487e-05
216.490140733	0.13187446678038575	5.03660586992067e-05
217.69958286000002	0.13196479236949146	4.961267945537354e-05
218.909024987	0.13205637203810836	4.8874543533898215e-05
220.11846711400003	0.13214945407385656	4.8155007206062314e-05
221.32790924100001	0.13224426367648823	4.745721678447162e-05
222.537351368	0.13234100358337963	4.678409536017373e-05
223.74679349500002	0.13243985472238834	4.6138332549689904e-05
224.956235622	0.13254097688742225	4.5522377255821304e-05
226.16567774900003	0.13264450943236294	4.493843336793089e-05
227.375119876	0.13275057197925594	4.438845829376943e-05
228.584562003	0.13285926513698104	4.3874164147505525e-05
229.79400413000002	0.1329706712269346	4.339702137626719e-05
231.003446257	0.13308485501253503	4.295826457279589e-05
232.21288838400002	0.1332018644296933	4.255890019297298e-05
233.422330511	0.13332173131567102	4.219971586541344e-05
234.63177263800003	0.13344447213404342	4.1881290990758624e-05
235.84121476500002	0.13357008869376774	4.160400830674195e-05
237.050656892	0.13369856886060946	4.136806610725744e-05
238.26009901900002	0.1338298872594517	4.117349082057417e-05
239.469541146	0.1339640059662217	4.1020149669003235e-05
240.67898327300003	0.13410087518839692	4.0907763148085646e-05
241.88842540000002	0.1342404339332677	4.083591710702577e-05
243.097867527	0.13438261066331106	4.080407423624819e-05
244.30730965400002	0.13452732393819722	4.0811584798895865e-05
245.516751781	0.13467448304313187	4.0857696491546497e-05
246.72619390800003	0.13482398860335695	4.09415633485303e-05
247.93563603500002	0.13497573318478243	4.10622536419831e-05
249.145078162	0.1351296018808227	4.1218756772635305e-05
250.35452028900002	0.13528547288560508	4.140998917883637e-05
251.563962416	0.13544321805380272	4.1634799329721765e-05
252.77340454300003	0.1356027034473741	4.189197190683781e-05
253.98284667000001	0.13576378986955404	4.2180231302436906e-05
255.192288797	0.13592633338643942	4.249824460341525e-05
256.401730924	0.136090185836538	4.28446242251498e-05
257.61117305100004	0.13625519532859595	4.321793039009952e-05
258.820615178	0.1364212067280401	4.361667361646761e-05
260.030057305	0.13658806213229693	4.403931737915439e-05
261.239499432	0.1367556013352091	4.4484281072050444e-05
262.448941559	0.1369236622807031	4.494994334310211e-05
263.65838368600004	0.13709208150582122	4.543464588117389e-05
264.867825813	0.13726069457311146	4.593669763320175e-05
266.07726794	0.1374293364923669	4.645437943387925e-05
267.286710067	0.13759784213160356	4.698594896417376e-05
268.49615219400005	0.1377660466171556	4.752964594263733e-05
269.70559432100004	0.13793378572271509	4.808369740938276e-05
270.915036448	0.13810089624715358	4.8646322968656086e-05
272.124478575	0.1382672163809416	4.9215739857916796e-05
273.333920702	0.13843258606100833	4.9790167712245393e-05
274.54336282900005	0.1385968473138908	5.0367832953213674e-05
275.75280495600003	0.13875984458702556	5.094697275109963e-05
276.962247083	0.13892142506807043	5.152583857742661e-05
278.17168921	0.1390814389920954	5.210269940066627e-05
279.381131337	0.13923973993650834	5.267584462319635e-05
280.59057346400004	0.139396185103533	5.324358689354697e-05
281.80001559100003	0.1395506355900011	5.380426491010064e-05
283.009457718	0.13970295664423285	5.435624636791571e-05
284.218899845	0.1398530179096892	5.4897931134766127e-05
285.428341972	0.14000069365508572	5.542775473610118e-05
286.63778409900004	0.14014586299062232	5.5944192188500796e-05
287.84722622600003	0.14028841006997192	5.644576216942345e-05
289.056668353	0.14042822427769144	5.693103149373738e-05
290.26611048	0.14056520040171736	5.7398619830894735e-05
291.475552607	0.14069923879063212	5.784720457414389e-05
292.68499473400004	0.1408302454954368	5.8275525780625886e-05
293.89443686100003	0.14095813239557983	5.868239106572212e-05
295.103878988	0.14108281730904107	5.906668037199022e-05
296.313321115	0.14120422408632544	5.9427350513358314e-05
297.522763242	0.14132228268823033	5.97634394148042e-05
298.73220536900004	0.14143692924734788	6.0074069976460344e-05
299.94164749600003	0.14154810611325092	6.03584535031727e-05
301.151089623	0.14165576188141282	6.061589264659305e-05
302.36053175	0.14175985140591268	6.08457838180101e-05
303.569973877	0.14186033579606422	6.10476190433976e-05
304.77941600400004	0.14195718239711816	6.122098723350374e-05
305.98885813100003	0.14205036475526575	6.136557484709777e-05
307.198300258	0.1421398625671983	6.148116594354072e-05
308.407742385	0.14222566161453176	6.156764161131355e-05
309.617184512	0.1423077536834426	6.162497876851009e-05
310.82662663900004	0.14238613646992118	6.165324834808232e-05
312.036068766	0.14246081347106765	6.165261286269267e-05
313.245510893	0.14253179386290554	6.162332337621348e-05
314.45495302	0.14259909236522902	6.156571588894456e-05
315.664395147	0.14266272909400968	6.14802071697924e-05
316.87383727400004	0.14272272940194708	6.136729006282892e-05
318.083279401	0.14277912370773949	6.122752829384417e-05
319.292721528	0.14283194731471366	6.106155083811803e-05
320.502163655	0.1428812402194468	6.087004587088634e-05
321.71160578200005	0.1429270469110654	6.065375437465865e-05
322.92104790900004	0.1429694161619209	6.041346345171166e-05
324.130490036	0.1430084008103828	6.014999943089599e-05
325.339932163	0.1430440575365303	5.986422085475554e-05
326.54937429	0.14307644663154578	5.955701145109716e-05
327.75881641700005	0.14310563176163438	5.922927321606233e-05
328.96825854400004	0.1431316797273296	5.8881919735338244e-05
330.177700671	0.143154660219071	5.8515869866963336e-05
331.387142798	0.14317464556990345	5.813204192277907e-05
332.596584925	0.14319171050622767	5.77313484439018e-05
333.80602705200005	0.14320593189745412	5.73146916849408e-05
335.01546917900004	0.143217388505474	5.688295986091514e-05
336.224911306	0.14322616073481698	5.6437024228179496e-05
337.434353433	0.14323233038436722	5.597773701287684e-05
338.64379556	0.1432359804014727	5.550593020753236e-05
339.85323768700005	0.14323719463928067	5.502241520551399e-05
341.06267981400003	0.14323605761807595	5.4527983243942335e-05
342.272121941	0.14323265429136217	5.402340659209737e-05
343.481564068	0.1432270698174034	5.350944040829988e-05
344.691006195	0.14321938933687195	5.298682516877197e-05
345.90044832200005	0.1432096977571897	5.24562895657238e-05
347.10989044900003	0.14319807954413857	5.1918553755483166e-05
348.319332576	0.14318461852120334	5.137433282985729e-05
349.528774703	0.1431693976771069	5.082434038264324e-05
350.73821683	0.143152498981898	5.026929204672857e-05
351.94765895700004	0.14313400321192726	4.970990887765193e-05
353.15710108400003	0.143113989783983	4.914692045782994e-05
354.366543211	0.1430925365988019	4.8581067617569e-05
355.575985338	0.14306971989411627	4.801310467983778e-05
356.785427465	0.14304561410737793	4.7443801135175465e-05
357.99486959200004	0.14302029174822636	4.687394268546442e-05
359.20431171900003	0.14299382328073218	4.630433160457256e-05
360.413753846	0.14296627701543146	4.5735786382241905e-05
361.623195973	0.14293771901110772	4.516914063177693e-05
362.8326381	0.14290821298625375	4.460524126786283e-05
364.04208022700004	0.1428778202401315	4.40449459758802e-05
365.25152235400003	0.14284659958330068	4.348911999861785e-05
366.460964481	0.1428146072774893	4.293863230418069e-05
367.670406608	0.14278189698463326	4.239435119227807e-05
368.87984873500005	0.14274851972492267	4.1857139410022456e-05
370.08929086200004	0.1427145238436608	4.1327848879799094e-05
371.29873298900003	0.14267995498673025	4.080731511240698e-05
372.508175116	0.14264485608445765	4.029635141934801e-05
373.717617243	0.1426092673436429	3.979574302682582e-05
374.92705937000005	0.14257322624753838	3.930624117683871e-05
376.13650149700004	0.142536767563515	3.882855734074734e-05
377.34594362400003	0.14249992335817893	3.836335763015673e-05
378.555385751	0.1424627230196809	3.7911257495163047e-05
379.764827878	0.14242519328694683	3.747281680986203e-05
380.97427000500005	0.1423873582855692	3.704853541047623e-05
382.18371213200004	0.14234923957007037	3.6638849158113614e-05
383.393154259	0.14231085617225378	3.624412658836484e-05
384.602596386	0.14227222465535513	3.5864666181859725e-05
385.812038513	0.14223335917368257	3.550069430682186e-05
387.02148064000005	0.14219427153744946	3.515236383716822e-05
388.23092276700004	0.142154971282462	3.481975347115544e-05
389.440364894	0.14211546574436715	3.4502867741389305e-05
390.649807021	0.14207576013709827	3.420163770244638e-05
391.859249148	0.14203585763520638	3.391592228180838e-05
393.06869127500005	0.14199575945971016	3.3645510251897e-05
394.27813340200004	0.1419554649671393	3.339012278452293e-05
395.487575529	0.14191497174138737	3.314941654347236e-05
396.697017656	0.1418742756880485	3.2922987255600595e-05
397.906459783	0.14183337113084288	3.271037370910811e-05
399.11590191000005	0.14179225090980016	3.251106210733468e-05
400.32534403700004	0.14175090648081395	3.2324490719097915e-05
401.534786164	0.1417093280162264	3.215005475873712e-05
402.744228291	0.14166750450606636	3.1987111433923494e-05
403.953670418	0.14162542385960628	3.183498509034998e-05
405.16311254500005	0.14158307300687134	3.16929723999632e-05
406.37255467200004	0.14154043799978305	3.156034752759118e-05
407.581996799	0.14149750411258538	3.1436367230551315e-05
408.791438926	0.1414542559412528	3.132027583669509e-05
410.000881053	0.14141067750155747	3.121131005158458e-05
411.21032318000005	0.14136675232551008	3.110870357527874e-05
412.41976530700003	0.14132246355589348	3.101169147111701e-05
413.629207434	0.14127779403862303	3.091951428153555e-05
414.838649561	0.1412327264126939	3.0831421859613055e-05
416.04809168800006	0.14118724319747103	3.07466768975761e-05
417.25753381500004	0.14114132687712938	3.066455816137168e-05
418.46697594200003	0.14109495998203506	3.05843634016904e-05
419.676418069	0.14104812516690915	3.0505411956759792e-05
420.885860196	0.14100080528560366	3.0427047056094442e-05
422.09530232300006	0.14095298346237486	3.0348637820414934e-05
423.30474445000004	0.14090464315951415	3.0269580974152194e-05
424.51418657700003	0.14085576824126775	3.018930229246413e-05
425.723628704	0.14080634303393888	3.010725778240212e-05
426.933070831	0.14075635238213907	3.0022934639589815e-05
428.14251295800005	0.14070578170112907	2.993585197495579e-05
429.35195508500004	0.14065461702522475	2.9845561345734957e-05
430.56139721200003	0.14060284505227036	2.9751647109861454e-05
431.770839339	0.14055045318418008	2.965372661509597e-05
432.980281466	0.1404974295635615	2.9551450247937047e-05
434.18972359300005	0.14044376310646242	2.9444501356264723e-05
435.39916572000004	0.14038944353129354	2.9332596069066392e-05
436.60860784700003	0.14033446138396968	2.9215483013978265e-05
437.818049974	0.14027880805935355	2.9092942961560023e-05
439.027492101	0.14022247581907488	2.896478839597205e-05
440.23693422800005	0.14016545780581358	2.8830863031655824e-05
441.44637635500004	0.1401077480541414	2.8691041274745456e-05
442.65581848200003	0.1400493414980283	2.85452276393854e-05
443.865260609	0.13999023397511653	2.8393356132431292e-05
445.074702736	0.13993042222789062	2.8235389589653117e-05
446.28414486300005	0.13986990390184353	2.807131899227199e-05
447.49358699000004	0.13980867754077209	2.7901162740454833e-05
448.703029117	0.1397467425793379	2.772496589693632e-05
449.912471244	0.13968409933300138	2.7542799400520336e-05
451.121913371	0.13962074898547708	2.735475924052655e-05
452.33135549800005	0.13955669357384035	2.7160965600441033e-05
453.54079762500004	0.1394919359714128	2.6961561960095118e-05
454.750239752	0.13942647986856802	2.675671415674967e-05
455.959681879	0.13936032975159363	2.6546609408990007e-05
457.169124006	0.13929349087973913	2.633145529468609e-05
458.37856613300005	0.13922596926058792	2.6111478685707583e-05
459.58800826000004	0.13915777162388634	2.5886924637716652e-05
460.797450387	0.13908890539396743	2.5658055234797097e-05
462.006892514	0.13901937866089414	2.5425148388606986e-05
463.216334641	0.13894920015045584	2.518849659879054e-05
464.42577676800005	0.13887837919315474	2.494840566560792e-05
465.63521889500004	0.13880692569228584	2.4705193371677664e-05
466.844661022	0.13873485009126826	2.4459188121556514e-05
468.054103149	0.13866216334032055	2.4210727556746275e-05
469.26354527600006	0.13858887686261903	2.3960157139050884e-05
470.47298740300005	0.138515002520048	2.3707828715652743e-05
471.68242953000004	0.13844055257865392	2.3454099068436417e-05
472.891871657	0.13836553967392545	2.31993284532989e-05
474.101313784	0.138289976775995	2.294387913991919e-05
475.31075591100006	0.13821387715487204	2.2688113951093025e-05
476.52019803800005	0.1381372543458194	2.243239481703563e-05
477.72964016500003	0.1380601221149419	2.217708134646576e-05
478.939082292	0.13798249442511792	2.19225294246587e-05
480.148524419	0.137904385402333	2.1669089842038918e-05
481.35796654600006	0.13782580930251542	2.1417106962089195e-05
482.56740867300005	0.1377467804789558	2.116691744052788e-05
483.77685080000003	0.13766731335038068	2.091884899009085e-05
484.986292927	0.13758742236975835	2.0673219207254853e-05
486.195735054	0.13750712199390672	2.0430334466234083e-05
487.40517718100006	0.13742642665395638	2.0190488875526813e-05
488.61461930800004	0.13734535072674253	1.9953963318043576e-05
489.82406143500003	0.13726390850717007	1.9721024558752533e-05
491.033503562	0.1371821141816033	1.9491924444553995e-05
492.242945689	0.13709998180233285	1.9266899185497e-05
493.45238781600005	0.13701752526314545	1.9046168721564928e-05
494.66182994300004	0.1369347582760512	1.882993618236237e-05
495.87127207000003	0.1368516943491818	1.8618387438703055e-05
497.080714197	0.136768346765907	1.8411690744684274e-05
498.290156324	0.13668472856516553	1.8209996469980912e-05
499.49959845100005	0.13660085252305995	1.8013436931543767e-05
500.70904057800004	0.13651673113569762	1.7822126303904614e-05
501.91848270500003	0.13643237660331722	1.7636160630384657e-05
503.127924832	0.13634780081568118	1.745561791170491e-05
504.337366959	0.13626301533876206	1.7280558287059358e-05
505.54680908600005	0.13617803140268822	1.7111024286147555e-05
506.75625121300004	0.1360928598909784	1.6947041165006102e-05
507.96569334000003	0.13600751133103256	1.6788617307290225e-05
509.175135467	0.13592199588586606	1.6635744697475017e-05
510.384577594	0.13583632334709198	1.648839945477204e-05
511.59401972100005	0.13575050312911321	1.634654241539373e-05
512.803461848	0.13566454426449792	1.62101197767014e-05
514.0129039750001	0.13557845540054408	1.60790637761948e-05
515.2223461020001	0.13549224479696384	1.5953293412033813e-05
516.4317882290001	0.1354059203246944	1.5832715194889443e-05
517.641230356	0.13531948946577566	1.5717223926364273e-05
518.850672483	0.13523295931428886	1.5606703496688708e-05
520.06011461	0.13514633657828282	1.5501027697612632e-05
521.269556737	0.13505962758268433	1.5400061050127747e-05
522.478998864	0.13497283827314122	1.5303659624139817e-05
523.688440991	0.13488597422074203	1.5211671878528869e-05
524.897883118	0.13479904062759737	1.5123939474848448e-05
526.1073252450001	0.1347120423332178	1.5040298102838884e-05
527.3167673720001	0.13462498382165441	1.4960578287037113e-05
528.5262094990001	0.13453786922935385	1.4884606178622736e-05
529.735651626	0.13445070235368864	1.4812204331359405e-05
530.945093753	0.13436348666210424	1.4743192462875875e-05
532.15453588	0.13427622530184782	1.4677388193617114e-05
533.363978007	0.13418892111023348	1.4614607756749606e-05
534.573420134	0.1341015766253808	1.4554666695120124e-05
535.782862261	0.13401419409740617	1.449738052520042e-05
536.9923043880001	0.13392677549999707	1.4442565377460701e-05
538.2017465150001	0.13383932254233885	1.439003860719323e-05
539.4111886420001	0.1337518366813343	1.4339619379407236e-05
540.6206307690001	0.13366431913409585	1.429112922630184e-05
541.830072896	0.1335767708906303	1.4244392569696464e-05
543.039515023	0.13348919272670492	1.4199237216992484e-05
544.24895715	0.13340158521683737	1.4155494827467815e-05
545.458399277	0.13331394874736724	1.411300134524583e-05
546.667841404	0.1332262835295731	1.4071597404636446e-05
547.877283531	0.13313858961279484	1.4031128695958672e-05
549.0867256580001	0.13305086689751822	1.3991446311355807e-05
550.2961677850001	0.13296311514839163	1.3952407048623797e-05
551.5056099120001	0.13287533400713902	1.3913873688264067e-05
552.715052039	0.13278752300532026	1.3875715237127745e-05
553.924494166	0.1326996815769365	1.3837807142690463e-05
555.133936293	0.13261180907081746	1.3800031469412232e-05
556.34337842	0.13252390476278186	1.3762277051738664e-05
557.552820547	0.13243596786753611	1.3724439610607031e-05
558.762262674	0.1323479975502845	1.368642184132477e-05
559.971704801	0.13225999293803192	1.364813346816201e-05
561.1811469280001	0.1321719531305503	1.3609491274837063e-05
562.3905890550001	0.1320838772109939	1.357041910525322e-05
563.6000311820001	0.13199576425614135	1.3530847831195528e-05
564.809473309	0.1319076133462468	1.3490715297997157e-05
566.018915436	0.13181942357448737	1.3449966242438878e-05
567.228357563	0.13173119405599376	1.3408552186838786e-05
568.43779969	0.1316429239364475	1.3366431307995612e-05
569.647241817	0.1315546124002447	1.3323568289452008e-05
570.856683944	0.13146625867820086	1.3279934142467878e-05
572.066126071	0.13137786205480861	1.3235506019258075e-05
573.2755681980001	0.13128942187503462	1.3190266998385853e-05
574.4850103250001	0.13120093755064938	1.3144205861320535e-05
575.6944524520001	0.13111240856609024	1.3097316854120136e-05
576.903894579	0.13102383448386398	1.3049599428189565e-05
578.113336706	0.13093521494947663	1.3001057978837038e-05
579.322778833	0.1308465496959011	1.2951701571035375e-05
580.53222096	0.1307578385475849	1.2901543654710043e-05
581.741663087	0.13066908142400174	1.28506017780706e-05
582.951105214	0.1305802783427546	1.2798897293492671e-05
584.160547341	0.13049142942222763	1.2746455059703249e-05
585.3699894680001	0.13040253488380926	1.2693303145931953e-05
586.5794315950001	0.1303135950536886	1.2639472533409534e-05
587.7888737220001	0.13022461036422772	1.2584996816042393e-05
588.998315849	0.13013558135493225	1.2529911909036654e-05
590.207757976	0.1300465086730222	1.2474255757717103e-05
591.417200103	0.12995739307362464	1.2418068053309294e-05
592.62664223	0.12986823541958548	1.2361389954245155e-05
593.836084357	0.12977903668093224	1.2304263814437323e-05
595.045526484	0.1296897979339883	1.2246732921814884e-05
596.2549686110001	0.12960052036015726	1.218884124401568e-05
597.4644107380001	0.12951120524439036	1.213063318383587e-05
598.6738528650001	0.12942185397335404	1.2072153348848184e-05
599.8832949920001	0.1293324680333151	1.2013446326857771e-05
601.092737119	0.12924304900775033	1.1954556478513368e-05
602.302179246	0.12915359857470682	1.1895527737423107e-05
603.511621373	0.12906411850392777	1.183640342499486e-05
604.7210635	0.12897461065374582	1.1777226080907824e-05
605.930505627	0.12888507696777773	1.171803729967122e-05
607.139947754	0.12879551947143156	1.1658877585874617e-05
608.3493898810001	0.12870594026823676	1.1599786220913782e-05
609.5588320080001	0.12861634153601859	1.1540801142244253e-05
610.7682741350001	0.12852672552293384	1.148195883650282e-05
611.9777162620001	0.12843709454337932	1.1423294243074654e-05
613.187158389	0.128347450973788	1.1364840674666558e-05
614.396600516	0.12825779724834083	1.1306629744273548e-05
615.606042643	0.12816813585459422	1.1248691310169426e-05
616.81548477	0.12807846932904512	1.1191053430311387e-05
618.024926897	0.12798880025264847	1.113374232396239e-05
619.234369024	0.1278991312463022	1.1076782352187004e-05
620.4438111510001	0.12780946496631035	1.1020196003253498e-05
621.6532532780001	0.1277198040998445	1.0964003887421813e-05
622.8626954050001	0.12763015136040876	1.0908224743693834e-05
624.072137532	0.12754050948332823	1.0852875455317962e-05
625.281579659	0.12745088122126902	1.0797971075321957e-05
626.491021786	0.1273612693397969	1.074352485428505e-05
627.700463913	0.12727167661300934	1.0689548281311149e-05
628.90990604	0.12718210581921788	1.0636051127540943e-05
630.119348167	0.12709255973671535	1.0583041499508811e-05
631.328790294	0.12700304113962915	1.0530525894195408e-05
632.5382324210001	0.12691355279387448	1.0478509261165385e-05
633.7476745480001	0.12682409745321294	1.0426995073117065e-05
634.9571166750001	0.12673467785541856	1.0375985388513863e-05
636.166558802	0.12664529671857486	1.0325480931512376e-05
637.376000929	0.1265559567374945	1.0275481163704145e-05
638.585443056	0.1264666605802758	1.0225984365977627e-05
639.794885183	0.12637741088500143	1.0176987713935328e-05
641.00432731	0.12628821025658396	1.0128487362362925e-05
642.213769437	0.12619906126375563	1.0080478523856633e-05
643.4232115640001	0.1261099664362249	1.0032955552958945e-05
644.6326536910001	0.12602092826198677	9.98591202627918e-06
645.8420958180001	0.12593194918478687	9.939340817893893e-06
647.0515379450001	0.12584303160176158	9.8932341867921e-06
648.260980072	0.1257541778612431	9.847583845187753e-06
649.470422199	0.12566539026072637	9.802381041244383e-06
650.679864326	0.12557667104500578	9.757616626434809e-06
651.889306453	0.1254880224044843	9.713281128085272e-06
653.09874858	0.12539944647364934	9.669364816816398e-06
654.308190707	0.1253109453297186	9.625857768862441e-06
655.5176328340001	0.12522252099144848	9.582749927819233e-06
656.7270749610001	0.12513417541811597	9.54003116117013e-06
657.9365170880001	0.12504591050864966	9.497691314681001e-06
659.1459592150001	0.12495772810094276	9.45572026071193e-06
660.355401342	0.12486962997130904	9.414107942312776e-06
661.564843469	0.12478161783409669	9.37284441750822e-06
662.774285596	0.1246936933414609	9.33191989461342e-06
663.983727723	0.12460585808327732	9.291324764996188e-06
665.19316985	0.12451811358720295	9.251049636021935e-06
666.402611977	0.12443046131887661	9.211085352365e-06
667.6120541040001	0.12434290268225813	9.171423018675028e-06
668.8214962310001	0.12425543902008776	9.132054017067557e-06
670.0309383580001	0.12416807161448365	9.092970024176831e-06
671.2403804850001	0.12408080168764891	9.054163015645499e-06
672.449822612	0.12399363040270063	9.01562527628379e-06
673.659264739	0.12390655886460192	8.977349406887913e-06
674.868706866	0.123819588121202	8.939328319427933e-06
676.078148993	0.12373271916436905	8.901555239392253e-06
677.28759112	0.1236459529312171	8.86402370042586e-06
678.497033247	0.12355929030541683	8.82672753374171e-06
679.7064753740001	0.12347273211858992	8.789660866329122e-06
680.9159175010001	0.12338627915176861	8.752818103109334e-06
682.1253596280001	0.12329993213692762	8.716193918100947e-06
683.3348017550001	0.1232136917585775	8.679783240787135e-06
684.544243882	0.12312755865540517	8.643581237775892e-06
685.753686009	0.12304153342197506	8.607583302022429e-06
686.963128136	0.12295561661045981	8.57178502821842e-06
688.172570263	0.12286980873241785	8.536182204220584e-06
689.38201239	0.12278411026059274	8.50077078656314e-06
690.5914545170001	0.12269852163074824	8.465546888550568e-06
691.8008966440001	0.12261304324350869	8.430506757475703e-06
693.0103387710001	0.12252767546622426	8.395646762813468e-06
694.2197808980001	0.1224424186348405	8.360963372379404e-06
695.429223025	0.1223572730557666	8.326453143809844e-06
696.638665152	0.12227223900774967	8.292112703214821e-06
697.848107279	0.12218731674373297	8.257938735560232e-06
699.057549406	0.12210250649270978	8.223927966399806e-06
700.266991533	0.12201780846155529	8.190077153622073e-06
701.47643366	0.12193322283683962	8.156383073001884e-06
702.6858757870001	0.1218487497866161	8.122842510285088e-06
703.8953179140001	0.12176438946217602	8.089452252226737e-06
705.1047600410001	0.12168014199978097	8.056209077523329e-06
706.3142021680001	0.12159600752234152	8.023109752801608e-06
707.523644295	0.12151198614107661	7.990151025475982e-06
708.733086422	0.1214280779571127	7.957329623728428e-06
709.942528549	0.12134428306304497	7.924642249374316e-06
711.151970676	0.12126060154444832	7.892085582008263e-06
712.361412803	0.12117703348133856	7.859656275015174e-06
713.57085493	0.12109357894957984	7.827350959803342e-06
714.7802970570001	0.12101023802223317	7.795166248477525e-06
715.9897391840001	0.12092701077085236	7.76309873532526e-06
717.1991813110001	0.1208438972667196	7.731145003080523e-06
718.4086234380001	0.12076089758202148	7.699301626947774e-06
719.618065565	0.12067801179096156	7.6675651826447e-06
720.827507692	0.12059523997081352	7.635932252401761e-06
722.036949819	0.12051258220291103	7.604399431491852e-06
723.246391946	0.12043003857356989	7.572963338639763e-06
724.455834073	0.12034760917495617	7.541620624213022e-06
725.6652762	0.12026529410587586	7.510367976521144e-06
726.8747183270001	0.12018309347251523	7.4792021347025205e-06
728.0841604540001	0.12010100738910999	7.44811989762485e-06
729.2936025810001	0.12001903597854857	7.417118129772437e-06
730.5030447080001	0.11993717937291999	7.386193777700237e-06
731.712486835	0.11985543771399297	7.3553438726956356e-06
732.921928962	0.11977381115363812	7.324565545660713e-06
734.131371089	0.1196922998541876	7.293856033742785e-06
735.340813216	0.11961090398873418	7.263212689552158e-06
736.550255343	0.11952962374137567	7.232632991895028e-06
737.7596974700001	0.11944845930740366	7.202114554326238e-06
738.9691395970001	0.11936741089342824	7.1716551317414734e-06
740.1785817240001	0.11928647871746158	7.141252628664656e-06
741.3880238510001	0.11920566300894082	7.110905107844509e-06
742.5974659780001	0.11912496400870491	7.0806107962784835e-06
743.806908105	0.11904438196892124	7.050368091701005e-06
745.016350232	0.11896391715296592	7.020175568508553e-06
746.225792359	0.11888356983526241	6.990031982797729e-06
747.435234486	0.11880334030107187	6.959936278667488e-06
748.644676613	0.11872322884624997	6.929887590120135e-06
749.8541187400001	0.1186432357769656	6.89988524742118e-06
751.0635608670001	0.11856336140937372	6.869928777305907e-06
752.2730029940001	0.11848360606926939	6.840017906594967e-06
753.4824451210001	0.118403970091695	6.810152565077391e-06
754.6918872480001	0.11832445382053375	6.7803328869675515e-06
755.901329375	0.11824505760806171	6.75055920793355e-06
757.110771502	0.11816578181448076	6.720832069941541e-06
758.320213629	0.11808662680743927	6.691152219674526e-06
759.529655756	0.11800759296151353	6.661520604488945e-06
760.739097883	0.11792868065768299	6.631938376377895e-06
761.9485400100001	0.11784989028278565	6.602406885023631e-06
763.1579821370001	0.11777122222896737	6.572927680596814e-06
764.3674242640001	0.11769267689310749	6.543502505199852e-06
765.5768663910001	0.1176142546762423	6.514133295034115e-06
766.786308518	0.11753595598297772	6.4848221738361655e-06
767.995750645	0.11745778122090356	6.455571450034797e-06
769.205192772	0.11737973079999324	6.426383612161765e-06
770.414634899	0.11730180513201047	6.397261325329817e-06
771.624077026	0.11722400462991196	6.36820742543115e-06
772.833519153	0.11714632970725533	6.339224914758751e-06
774.0429612800001	0.11706878077760685	6.310316954812837e-06
775.2524034070001	0.11699135825395679	6.281486865415346e-06
776.4618455340001	0.11691406254813991	6.252738114274494e-06
777.6712876610001	0.11683689407026854	6.224074314850822e-06
778.880729788	0.11675985322817134	6.195499218087482e-06
780.090171915	0.11668294042684291	6.167016708942338e-06
781.299614042	0.11660615606790979	6.1386307971446925e-06
782.509056169	0.11652950054910675	6.1103456148169474e-06
783.718498296	0.11645297426376712	6.082165408285911e-06
784.9279404230001	0.11637657760033256	6.0540945323390015e-06
786.1373825500001	0.11630031094188019	6.026137445743368e-06
787.3468246770001	0.11622417466565792	5.9982987048619265e-06
788.5562668040001	0.11614816914265118	5.970582956244818e-06
789.7657089310001	0.11607229473716078	5.94299493236781e-06
790.975151058	0.11599655180640146	5.915539448007412e-06
792.184593185	0.11592094070012673	5.888221391669618e-06
793.394035312	0.11584546176026347	5.861045720649141e-06
794.603477439	0.11577011532057788	5.8340174588676395e-06
795.812919566	0.11569490170636071	5.807141688438944e-06
797.0223616930001	0.11561982123413335	5.780423547756324e-06
798.2318038200001	0.11554487421137043	5.753868226155599e-06
799.4412459470001	0.11547006093625924	5.72748095671785e-06
800.6506880740001	0.11539538169746612	5.7012670195742916e-06
801.8601302010001	0.11532083677393314	5.675231729204057e-06
803.069572328	0.11524642643469891	5.649380437444552e-06
804.279014455	0.11517215093873318	5.623718526688875e-06
805.488456582	0.11509801053480502	5.598251408259881e-06
806.697898709	0.11502400546136053	5.572984519786853e-06
807.907340836	0.11495013594643165	5.547923319226464e-06
809.1167829630001	0.11487640220756086	5.523073287670478e-06
810.3262250900001	0.11480280445174823	5.4984399241726975e-06
811.5356672170001	0.11472934287542287	5.474028742724442e-06
812.7451093440001	0.11465601766442308	5.449845273730968e-06
813.9545514710001	0.11458282899400955	5.425895059192205e-06
815.163993598	0.11450977702888541	5.402183655230097e-06
816.373435725	0.11443686192324849	5.378716626283656e-06
817.582877852	0.11436408382084057	5.355499549108189e-06
818.792319979	0.11429144285503534	5.332538006913195e-06
820.001762106	0.11421893914892943	5.309837594547478e-06
821.2112042330001	0.1141465728154526	5.287403913609715e-06
822.4206463600001	0.11407434395749304	5.265242575148702e-06
823.6300884870001	0.1140022526680335	5.243359198230088e-06
824.8395306140001	0.11393029903030992	5.22175940915508e-06
826.0489727410001	0.11385848311797142	5.200448844530508e-06
827.258414868	0.11378680499525784	5.179433149897344e-06
828.467856995	0.11371526471718962	5.158717980258288e-06
829.677299122	0.11364386232976337	5.138309000868947e-06
830.886741249	0.11357259787016076	5.118211887576567e-06
832.0961833760001	0.11350147136696372	5.098432328542161e-06
833.3056255030001	0.11343048284037938	5.078976023203585e-06
834.5150676300001	0.11335963230247227	5.059848685558051e-06
835.7245097570001	0.11328891975739601	5.041056043211611e-06
836.9339518840001	0.1132183452016449	5.022603838549654e-06
838.143394011	0.11314790862429393	5.004497828863275e-06
839.352836138	0.11307761000725351	4.986743789782169e-06
840.562278265	0.1130074493255232	4.969347512829643e-06
841.771720392	0.11293742654745002	4.952314806242343e-06
842.981162519	0.11286754163498564	4.9356514998337925e-06
844.1906046460001	0.11279779454394835	4.919363440568432e-06
845.4000467730001	0.11272818522428243	4.90345649504277e-06
846.6094889000001	0.1126587136203186	4.8879365512768844e-06
847.8189310270001	0.11258937967103451	4.87280951517877e-06
849.0283731540001	0.11252018331030887	4.858081313764712e-06
850.237815281	0.11245112446718324	4.843757894576279e-06
851.447257408	0.1123822030661069	4.829845224017074e-06
852.656699535	0.11231341902719766	4.816349288816542e-06
853.866141662	0.11224477226647853	4.803276094355428e-06
855.075583789	0.11217626269612344	4.790631661413516e-06
856.2850259160001	0.11210789022469538	4.7784220284805435e-06
857.4944680430001	0.11203965475737758	4.766653249992104e-06
858.7039101700001	0.11197155619619982	4.75533139299366e-06
859.9133522970001	0.11190359444026192	4.744462534855927e-06
861.1227944240001	0.11183576938594705	4.7340527630080095e-06
862.332236551	0.11176808092712608	4.724108169512459e-06
863.541678678	0.11170052895536625	4.714634850816245e-06
864.751120805	0.11163311336011805	4.705638902138161e-06
865.960562932	0.11156583402890725	4.697126414623279e-06
867.170005059	0.11149869084751082	4.6891034698850236e-06
868.3794471860001	0.11143168370012942	4.6815761374746675e-06
869.5888893130001	0.11136481246955199	4.674550466565981e-06
870.7983314400001	0.11129807703730832	4.668032482203179e-06
872.0077735670001	0.11123147728381878	4.662028178584642e-06
873.2172156940001	0.11116501308853079	4.656543511781966e-06
874.426657821	0.1110986843300503	4.6515843931323626e-06
875.636099948	0.11103249088626711	4.6471566794014346e-06
876.845542075	0.11096643263446355	4.6432661660948045e-06
878.054984202	0.11090050945142323	4.639918573562882e-06
879.2644263290001	0.11083472121352775	4.637119544141076e-06
880.4738684560001	0.11076906779684349	4.6348746251284865e-06
881.6833105830001	0.11070354907720918	4.633189260072319e-06
882.8927527100001	0.11063816493030151	4.632068775427376e-06
884.1021948370001	0.11057291523170674	4.6315183674462075e-06
885.3116369640001	0.11050779985697617	4.631543088974313e-06
886.521079091	0.11044281868167449	4.632147835071158e-06
887.730521218	0.11037797158143195	4.6333373274632565e-06
888.939963345	0.11031325843197189	4.635116098024346e-06
890.149405472	0.11024867910914851	4.637488473353842e-06
891.3588475990001	0.11018423348896657	4.64045855839674e-06
892.5682897260001	0.11011992144760128	4.644030219378038e-06
893.7777318530001	0.11005574286141509	4.648207062685912e-06
894.9871739800001	0.10999169760696112	4.6529924210213585e-06
896.1966161070001	0.10992778556098669	4.658389333932825e-06
897.406058234	0.10986400660043769	4.664400529962336e-06
898.615500361	0.10980036060244436	4.671028409736244e-06
899.824942488	0.10973684744431843	4.678275027576781e-06
901.034384615	0.109673467003538	4.686142076775242e-06
902.243826742	0.10961021915773003	4.6946308749706116e-06
903.4532688690001	0.10954710378465239	4.70374234707184e-06
904.6627109960001	0.10948412076217189	4.713477015317586e-06
905.8721531230001	0.10942126996823466	4.7238349860723545e-06
907.0815952500001	0.10935855128084433	4.7348159430236355e-06
908.2910373770001	0.1092959645780255	4.746419135972465e-06
909.500479504	0.10923350973779633	4.7586433794049575e-06
910.709921631	0.10917118663812776	4.771487048343238e-06
911.919363758	0.10910899515691203	4.7849480770175695e-06
913.128805885	0.10904693517191329	4.799023960167656e-06
914.338248012	0.1089850065607338	4.81371175841834e-06
915.5476901390001	0.1089232092007652	4.8290081001908145e-06
916.7571322660001	0.10886154296914269	4.844909195832668e-06
917.9665743930001	0.10880000774269626	4.86141083992388e-06
919.1760165200001	0.10873860339789983	4.8785084274377874e-06
920.3854586470001	0.10867732981082204	4.896196961735131e-06
921.594900774	0.10861618685707088	4.914471068236509e-06
922.804342901	0.10855517441174387	4.933325006932318e-06
924.013785028	0.10849429234936986	4.952752683191486e-06
925.223227155	0.10843354054385924	4.972747660467075e-06
926.432669282	0.10837291886845223	4.99330317109827e-06
927.6421114090001	0.10831242719566375	5.014412124805986e-06
928.8515535360001	0.1082520653972365	5.036067115765515e-06
930.0609956630001	0.10819183334409452	5.058260427585443e-06
931.2704377900001	0.1081317309062978	5.080984038209368e-06
932.4798799170001	0.1080717579530016	5.10422961898486e-06
933.689322044	0.10801191435242052	5.127988534588264e-06
934.898764171	0.10795219997179338	5.15225183367258e-06
936.108206298	0.10789261467735847	5.177010250555026e-06
937.317648425	0.1078331583343281	5.202254188039956e-06
938.5270905520001	0.10777383080687274	5.227973707618274e-06
939.7365326790001	0.1077146319581066	5.254158520074418e-06
940.9459748060001	0.10765556165008779	5.280797964641427e-06
942.1554169330001	0.10759661974380601	5.30788099482536e-06
943.3648590600001	0.10753780609919841	5.335396160119945e-06
944.5743011870001	0.107479120575153	5.363331586633074e-06
945.783743314	0.10742056302953001	5.391674960219625e-06
946.993185441	0.10736213331917761	5.420413509296113e-06
948.202627568	0.10730383129996457	5.4495339825175235e-06
949.412069695	0.10724565682680363	5.479022641366854e-06
950.6215118220001	0.10718760975369367	5.50886523798906e-06
951.8309539490001	0.10712968993375475	5.5390470097344915e-06
953.0403960760001	0.10707189721927425	5.569552667578443e-06
954.2498382030001	0.10701423146174634	5.60036639290665e-06
955.4592803300001	0.10695669251192723	5.631471835515376e-06
956.6687224570001	0.10689928021988046	5.662852116978303e-06
957.878164584	0.10684199443503062	5.694489836250929e-06
959.087606711	0.10678483500621412	5.72636708474332e-06
960.297048838	0.1067278017817347	5.758465460324574e-06
961.506490965	0.1066708946094094	5.790766088674569e-06
962.7159330920001	0.10661411333662739	5.8232496531566e-06
963.9253752190001	0.10655745781039505	5.855896423260551e-06
965.1348173460001	0.10650092787738845	5.888686292003276e-06
966.3442594730001	0.1064445233839986	5.9215988166933855e-06
967.5537016000001	0.10638824417637287	5.95461326313513e-06
968.763143727	0.10633209010045999	5.987708657674172e-06
969.972585854	0.10627606100204477	6.020863839355111e-06
971.182027981	0.10622015672678427	6.0540575138974896e-06
972.391470108	0.10616437712023574	6.087268316745811e-06
973.600912235	0.1061087220278861	6.120474870660185e-06
974.8103543620001	0.10605319129516945	6.153655854835739e-06
976.0197964890001	0.10599778476749006	6.186790065178721e-06
977.2292386160001	0.10594250229023125	6.21985648303059e-06
978.4386807430001	0.1058873437087663	6.252834340520969e-06
979.6481228700001	0.10583230886846096	6.285703185239151e-06
980.857564997	0.10577739761467499	6.318442947858145e-06
982.067007124	0.10572260979275795	6.351034002601842e-06
983.276449251	0.10566794524803767	6.383457233461023e-06
984.485891378	0.10561340382580908	6.41569408963044e-06
985.6953335050001	0.10555898537131789	6.447726646207264e-06
986.9047756320001	0.10550468972974002	6.479537655052205e-06
988.1142177590001	0.10545051674615541	6.511110596859667e-06
989.3236598860001	0.10539646626552102	6.542429726774456e-06
990.5331020130001	0.10534253813264367	6.573480118527995e-06
991.7425441400001	0.1052887321921402	6.604247701123361e-06
992.951986267	0.10523504828840798	6.6347192925491445e-06
994.161428394	0.10518148626558467	6.664882632196734e-06
995.370870521	0.10512804596750511	6.694726401230668e-06
996.580312648	0.10507472723766194	6.724240245298082e-06
997.7897547750001	0.1050215299191643	6.753414788781743e-06
998.9991969020001	0.10496845385469042	6.782241648561231e-06
1000.2086390290001	0.10491549888644348	6.810713435838404e-06
1001.4180811560001	0.10486266485610639	6.838823762376842e-06
1002.6275232830001	0.10480995160479503	6.8665672361014625e-06
1003.8369654100001	0.10475735897301151	6.893939456094442e-06
1005.046407537	0.10470488680060092	6.920937002571005e-06
1006.255849664	0.10465253492670044	6.94755742409084e-06
1007.465291791	0.10460030318970016	6.973799219659062e-06
1008.674733918	0.10454819142719532	6.999661821297046e-06
1009.8841760450001	0.10449619947594245	7.025145570711979e-06
1011.0936181720001	0.10444432717182046	7.050251693018804e-06
1012.3030602990001	0.1043925743497849	7.0749822719213006e-06
1013.5125024260001	0.10434094084383241	7.099340221312557e-06
1014.7219445530001	0.10428942648696063	7.123329251740689e-06
1015.9313866800001	0.10423803111113097	7.146953841736791e-06
1017.140828807	0.10418675454723608	7.170219203421033e-06
1018.350270934	0.10413559662506362	7.193131245915121e-06
1019.559713061	0.10408455717326495	7.215696546726915e-06
1020.769155188	0.10403363601933156	7.237922311099825e-06
1021.9785973150001	0.10398283298955938	7.259816339178918e-06
1023.1880394420001	0.10393214790902848	7.281386989099576e-06
1024.397481569	0.10388158060157549	7.302643145363618e-06
1025.606923696	0.10383113088977808	7.323594178499556e-06
1026.816365823	0.10378079859492949	7.3442499136358855e-06
1028.0258079500002	0.1037305835370234	7.364620596301477e-06
1029.235250077	0.10368048553473476	7.384716858572495e-06
1030.4446922040001	0.1036305044054136	7.404549686558877e-06
1031.654134331	0.10358063996506596	7.424130387954667e-06
1032.8635764580001	0.10353089202834755	7.443470565072082e-06
1034.073018585	0.10348126040855271	7.462582079141771e-06
1035.282460712	0.10343174491761202	7.481477027862637e-06
1036.491902839	0.10338234536608638	7.500167717828803e-06
1037.701344966	0.10333306156316469	7.518666635422827e-06
1038.9107870930002	0.10328389331666095	7.53698642640601e-06
1040.12022922	0.10323484043301565	7.555139872655166e-06
1041.3296713470002	0.10318590271730087	7.573139869863581e-06
1042.539113474	0.10313707997322133	7.590999410977512e-06
1043.7485556010001	0.10308837200311949	7.6087315675094475e-06
1044.957997728	0.1030397786079837	7.6263494756090965e-06
1046.167439855	0.10299129958745448	7.643866320768069e-06
1047.376881982	0.1029429347398344	7.661295327499325e-06
1048.586324109	0.10289468386209952	7.678649749828283e-06
1049.795766236	0.10284654674990806	7.69594286237759e-06
1051.005208363	0.10279852319761366	7.713187960596534e-06
1052.2146504900002	0.10275061299827917	7.730398351106936e-06
1053.424092617	0.10270281594369017	7.747587355982052e-06
1054.6335347440001	0.10265513182436939	7.764768312055184e-06
1055.842976871	0.1026075604295923	7.78195457489029e-06
1057.0524189980001	0.10256010154740365	7.79915952615574e-06
1058.261861125	0.10251275496463283	7.816396579273482e-06
1059.471303252	0.10246552046691154	7.833679193328748e-06
1060.680745379	0.10241839783869322	7.851020880651273e-06
1061.890187506	0.10237138686326906	7.868435226122616e-06
1063.0996296330002	0.10232448732278666	7.885935899565076e-06
1064.30907176	0.10227769899827287	7.903536672427764e-06
1065.5185138870002	0.10223102166965108	7.921251440126682e-06
1066.727956014	0.10218445511576392	7.939094238059311e-06
1067.9373981410001	0.10213799911439535	7.95707926207009e-06
1069.146840268	0.102091653442294	7.9752208908474e-06
1070.356282395	0.1020454178751986	7.993533702671077e-06
1071.565724522	0.10199929218786273	8.012032496769243e-06
1072.775166649	0.10195327615408663	8.030732308308854e-06
1073.9846087760002	0.10190736954674375	8.049648428070827e-06
1075.194050903	0.10186157213781431	8.068796409954074e-06
1076.4034930300002	0.10181588369842175	8.08819208204613e-06
1077.612935157	0.1017703039988695	8.107851552317423e-06
1078.8223772840001	0.10172483280868068	8.127791205356518e-06
1080.031819411	0.10167946989664453	8.148027695287806e-06
1081.2412615380001	0.10163421503086101	8.168577930946694e-06
1082.450703665	0.10158906797879357	8.189459055472448e-06
1083.660145792	0.10154402850731689	8.210688409194052e-06
1084.869587919	0.10149909638277906	8.232283493239682e-06
1086.079030046	0.10145427137106104	8.254261913002324e-06
1087.2884721730002	0.10140955323763391	8.276641316455863e-06
1088.4979143	0.10136494174762886	8.299439314583971e-06
1089.7073564270001	0.10132043666590056	8.322673396454828e-06
1090.916798554	0.10127603775709816	8.346360823697289e-06
1092.1262406810001	0.10123174478573335	8.370518521652396e-06
1093.335682808	0.10118755751625103	8.39516295028037e-06
1094.545124935	0.10114347571309755	8.42030996610044e-06
1095.754567062	0.10109949914079316	8.445974675127157e-06
1096.964009189	0.10105562756399825	8.472171272782494e-06
1098.1734513160002	0.10101186074758027	8.498912878153816e-06
1099.382893443	0.10096819845667836	8.526211356391711e-06
1100.5923355700002	0.10092464045675979	8.554077140758804e-06
1101.801777697	0.10088118651368543	8.582519051978534e-06
1103.0112198240001	0.10083783639375689	8.61154410890963e-06
1104.220661951	0.10079458986376776	8.64115734892749e-06
1105.430104078	0.10075144669105114	8.671361647136776e-06
1106.639546205	0.10070840664351703	8.702157542671021e-06
1107.848988332	0.10066546948969207	8.733543070586884e-06
1109.058430459	0.10062263499874723	8.76551361261758e-06
1110.267872586	0.1005799029405303	8.798061750803404e-06
1111.4773147130002	0.10053727308558497	8.831177143493344e-06
1112.68675684	0.1004947452051699	8.86484641478628e-06
1113.8961989670001	0.10045231907127787	8.899053066893918e-06
1115.105641094	0.10040999445664511	8.933777410187002e-06
1116.3150832210001	0.1003677711347616	8.968996519109326e-06
1117.524525348	0.10032564887987737	9.004684205284105e-06
1118.733967475	0.10028362746700754	9.040811024864774e-06
1119.943409602	0.10024170667193573	9.077344300701977e-06
1121.152851729	0.10019988627121451	9.114248177639612e-06
1122.3622938560002	0.10015816604216433	9.151483699190865e-06
1123.571735983	0.10011654576287746	9.189008911055605e-06
1124.7811781100002	0.10007502521221237	9.226778987833909e-06
1125.990620237	0.10003360416979691	9.264746384922887e-06
1127.2000623640001	0.09999228241602415	9.302861010048847e-06
1128.409504491	0.09995105973205369	9.341070422188084e-06
1129.618946618	0.09990993589981179	9.379320045290594e-06
1130.828388745	0.09986891070198974	9.417553401317398e-06
1132.037830872	0.09982798392204613	9.455712357503084e-06
1133.2472729990002	0.09978715534420907	9.493737392482752e-06
1134.456715126	0.0997464247534769	9.531567871782998e-06
1135.6661572530002	0.09970579193562253	9.569142329332911e-06
1136.87559938	0.09966525667719726	9.606398764905816e-06
1138.0850415070001	0.09962481876553482	9.64327493868445e-06
1139.294483634	0.09958447798875676	9.679708672691488e-06
1140.5039257610001	0.09954423413577891	9.715638151622175e-06
1141.713367888	0.09950408699631783	9.751002220928913e-06
1142.922810015	0.09946403636089696	9.78574068416452e-06
1144.132252142	0.09942408202085627	9.81979458991352e-06
1145.341694269	0.09938422376835837	9.853106513326652e-06
1146.5511363960002	0.09934446139639488	9.885620827376108e-06
1147.760578523	0.09930479469879971	9.91728396019751e-06
1148.9700206500002	0.09926522347025568	9.948044642698018e-06
1150.179462777	0.0992257475063032	9.977854137805227e-06
1151.3889049040001	0.09918636660334902	1.0006666454827793e-05
1152.598347031	0.09914708055867555	1.0034438549578345e-05
1153.807789158	0.09910788917045082	1.0061130500974023e-05
1155.017231285	0.09906879223773563	1.0086705672321133e-05
1156.226673412	0.0990297895604923	1.0111130850930721e-05
1157.4361155390002	0.0989908809395908	1.0134376371598958e-05
1158.645557666	0.09895206617681791	1.0156416215253986e-05
1159.8549997930002	0.09891334507488457	1.0177228089193236e-05
1161.06444192	0.09887471743742525	1.0196793487878882e-05
1162.2738840470001	0.09883618306900895	1.0215097732514494e-05
1163.483326174	0.09879774177513856	1.023212999095068e-05
1164.6927683010001	0.09875939336225409	1.024788327819436e-05
1165.902210428	0.09872113763773249	1.0262354439036144e-05
1167.111652555	0.09868297440988431	1.027554410983033e-05
1168.321094682	0.09864490348795339	1.0287456665837195e-05
1169.530536809	0.09860692468210892	1.029810015050978e-05
1170.7399789360002	0.09856903780343791	1.0307486189622887e-05
1171.949421063	0.09853124266393806	1.031562988955083e-05
1173.1588631900001	0.09849353907650121	1.032254972161182e-05
1174.368305317	0.09845592685490306	1.0328267393635718e-05
1175.5777474440001	0.09841840581378321	1.0332807712930335e-05
1176.787189571	0.09838097576862502	1.0336198432531803e-05
1177.996631698	0.09834363653573443	1.0338470094502443e-05
1179.206073825	0.09830638793221329	1.0339655858988974e-05
1180.415515952	0.09826922977593211	1.0339791327413555e-05
1181.6249580790002	0.0982321618855011	1.0338914363811849e-05
1182.834400206	0.098195184080236	1.03370649038508e-05
1184.0438423330002	0.09815829618012024	1.0334284766052405e-05
1185.25328446	0.0981214980057705	1.0330617454875907e-05
1186.4627265870001	0.09808478937839579	1.0326107963572438e-05
1187.672168714	0.09804817011975425	1.0320802579077442e-05
1188.881610841	0.09801164005211038	1.03147486780869e-05
1190.091052968	0.09797519899818892	1.0307994538007256e-05
1191.300495095	0.0979388467811282	1.0300589131857056e-05
1192.5099372220002	0.09790258322443443	1.0292581942036374e-05
1193.719379349	0.09786640815192668	1.0284022766392175e-05
1194.9288214760002	0.09783032138769346	1.0274961532495591e-05
1196.138263603	0.0977943227560406	1.026544811920121e-05
1197.3477057300001	0.09775841208144015	1.0255532175489622e-05
1198.557147857	0.09772258918848166	1.024526295606695e-05
1199.7665899840001	0.09768685390182451	1.0234689152637812e-05
1200.976032111	0.0976512060461441	1.0223858742860516e-05
1202.185474238	0.09761564544608982	1.0212818835673726e-05
1203.394916365	0.09758017192623462	1.0201615535298438e-05
1204.604358492	0.0975447853110332	1.0190293808954089e-05
1205.8138006190002	0.09750948542477486	1.0178897358587878e-05
1207.023242746	0.09747427209154581	1.0167468510940168e-05
1208.2326848730002	0.09743914513518909	1.0156048109040735e-05
1209.442127	0.09740410437926442	1.0144675418184782e-05
