0.0	0.0	0.0
1.209442127	5.503631284825638e-06	-3.409871349619691e-11
2.418884254	2.198888915307763e-05	-3.3207338490087994e-10
3.6283263810000004	4.938438507949169e-05	-6.81456610945451e-10
4.837768508	8.757500380070384e-05	-9.95617737774082e-10
6.047210635000001	0.0001364034146641284	-1.3062280982851512e-09
7.256652762000001	0.00019567185862408016	-1.6010126210021218e-09
8.466094889	0.0002651433432015545	-1.9153760620110745e-09
9.675537016	0.0003445432709338324	-2.210215593658538e-09
10.884979143	0.00043356092708034944	-2.4609387014314782e-09
12.094421270000002	0.0005318512481657333	-2.6583749276052265e-09
13.303863397	0.0006390365345259759	-2.785002820162967e-09
14.513305524000002	0.0007547083263599491	-2.811491599697226e-09
15.722747651	0.000878429388557067	-2.6958632259749213e-09
16.932189778	0.0010097357974911704	-2.3868315881252576e-09
18.141631905	0.0011481391370142982	-1.820944578150296e-09
19.351074032	0.0012931287945697628	-9.215752482681618e-10
20.560516159000002	0.0014441743625675252	4.0045809586243373e-10
21.769958286	0.0016007281443093473	2.24761711769958e-09
22.979400413	0.0017622277531011883	4.734774728230261e-09
24.188842540000003	0.0019280987985084881	7.985534899167519e-09
25.398284667000002	0.0020977576523651532	1.2125215505385202e-08
26.607726794	0.00227061428052747	1.7270598245997582e-08
27.817168921	0.0024460751235383963	2.3521357663645434e-08
29.026611048000003	0.0026235460148730334	3.0959611588323256e-08
30.236053175000002	0.002802435129702213	3.9655134732744674e-08
31.445495302	0.002982155953468016	4.9667012933914415e-08
32.654937429	0.0031621302608927475	6.10380481148101e-08
33.864379556	0.0033417910878193735	7.379139650478217e-08
35.073821683000006	0.0035205856620106396	8.793396546176036e-08
36.28326381	0.0036979782725472927	1.0346312878653306e-07
37.492705937000004	0.0038734530661261907	1.2038065252100267e-07
38.702148064	0.004046516754213488	1.387180745252313e-07
39.911590191	0.004216701210444006	1.585701435567332e-07
41.121032318000005	0.004383565928877229	1.801217382389721e-07
42.330474445	0.004546700301920762	2.0364620773444907e-07
43.539916572	0.004705725675775275	2.2946570641263336e-07
44.749358699000005	0.004860297167642645	2.5789444078037966e-07
45.958800826	0.005010105270608459	2.891947323302752e-07
47.168242953000004	0.005154877293428405	3.235489345062361e-07
48.377685080000006	0.005294378670126836	3.6103490701262006e-07
49.587127207	0.005428414130190125	4.0161233162158035e-07
50.796569334000004	0.005556828653262805	4.4512306322114463e-07
52.00601146100001	0.0056795081153739385	4.912965815259635e-07
53.215453588	0.005796379590214649	5.397696489309508e-07
54.424895715000005	0.005907411328672646	5.901143043207097e-07
55.634337842	0.006012612462028189	6.418626604783433e-07
56.843779969	0.0061120324589061725	6.945259384879781e-07
58.053222096000006	0.006205760348054147	7.476074122852646e-07
59.262664223	0.006293923712252967	8.006117551451581e-07
60.472106350000004	0.006376687457509306	8.530537581781812e-07
61.68154847700001	0.006454252363997449	9.044667851307555e-07
62.890990604	0.006526853428719403	9.544100829603933e-07
64.100432731	0.006594758012749363	1.0024741778634482e-06
65.309874858	0.006658263808181	1.048284050775208e-06
66.519316985	0.006717696641680145	1.091500060692687e-06
67.728759112	0.006773408132935035	1.1318167709696123e-06
68.93820123900001	0.006825773227301352	1.1689599193227868e-06
70.14764336600001	0.006875187622515392	1.2026819227644017e-06
71.357085493	0.006922065109498066	1.2327564123518284e-06
72.56652762	0.006966834847075706	1.2589723094288093e-06
73.775969747	0.007009938590244231	1.2811278304823152e-06
74.98541187400001	0.007051827892145703	1.2990249692219764e-06
76.19485400100001	0.007092961301403008	1.3124664149643674e-06
77.404296128	0.007133801576905405	1.321259537761655e-06
78.613738255	0.007174812938483708	1.3252324836100092e-06
79.823180382	0.0072164583666072275	1.3242626053443843e-06
81.032622509	0.007259196963955274	1.3183117852317436e-06
82.24206463600001	0.007303481395989994	1.307463033468846e-06
83.45150676300001	0.007349755430189266	1.2919556952438078e-06
84.66094889	0.00739845159274226	1.2722171943686514e-06
85.870391017	0.0074499889590765285	1.2488866378941766e-06
87.079833144	0.007504771090603641	1.2228225125928067e-06
88.28927527100001	0.007563184123209057	1.1950867006889794e-06
89.49871739800001	0.007625595004454288	1.1669027286392341e-06
90.708159525	0.007692349870936	1.1395960501933693e-06
91.917601652	0.007763772559443642	1.1145320076760943e-06
93.127043779	0.007840163254102512	1.0930670677965142e-06
94.33648590600001	0.007921797279720647	1.0765219023834576e-06
95.54592803300001	0.008008924053873384	1.0661772224542845e-06
96.75537016000001	0.00810176620784672	1.063289737256963e-06
97.964812287	0.008200518883916775	1.0691249586681152e-06
99.174254414	0.00830534921624722	1.0850008217152703e-06
100.383696541	0.008416396002622914	1.1123287991211578e-06
101.59313866800001	0.008533769569382505	1.1526329909972837e-06
102.80258079500001	0.008657551821497826	1.2075329681449047e-06
104.01202292200001	0.008787796460389734	1.278694567659866e-06
105.221465049	0.008924529350794462	1.3677716922464433e-06
106.430907176	0.00906774902368527	1.4763677465718451e-06
107.64034930300001	0.009217427308018318	1.606036314893682e-06
108.84979143000001	0.009373510085278314	1.7583245015280852e-06
110.05923355700001	0.009535918158116689	1.934845806578507e-06
111.268675684	0.009704548222455853	2.1373583396728697e-06
112.478117811	0.009879273935049851	2.3678276026332448e-06
113.687559938	0.01005994706838494	2.628471890326973e-06
114.89700206500001	0.010246398731604696	2.9217952282704968e-06
116.10644419200001	0.010438440629937934	3.2505938889071517e-06
117.31588631900001	0.01063586635604466	3.6179200270075983e-06
118.525328446	0.010838452724312587	4.027009503045745e-06
119.734770573	0.011045961152992426	4.481192875018457e-06
120.94421270000001	0.011258139086404498	4.983804678402836e-06
122.15365482700001	0.011474721441979011	5.5381015675382715e-06
123.36309695400001	0.011695432063661085	6.147197145279217e-06
124.572539081	0.011919985162966634	6.814017301273659e-06
125.781981208	0.012148086732051524	7.5412744774616505e-06
126.99142333500001	0.012379435918846032	8.331454964980537e-06
128.200865462	0.012613726359945903	9.186811665105539e-06
129.410307589	0.012850647468765432	1.0109353070613815e-05
130.619749716	0.013089885673021504	1.1100812996574764e-05
131.82919184300002	0.013331125593679147	1.2162581233527279e-05
133.03863397	0.013574051166126021	1.3295590900312251e-05
134.24807609700002	0.013818346716227252	1.4500190274813077e-05
135.457518224	0.014063698002691664	1.5776042408895012e-05
136.666960351	0.014309793221369889	1.712207717945729e-05
137.87640247800002	0.014556323952722603	1.8536485661419843e-05
139.085844605	0.014802986042781118	2.0016728939213203e-05
140.29528673200002	0.015049480434254154	2.1559548264829378e-05
141.504728859	0.015295513974259996	2.316098706267498e-05
142.714170986	0.015540800211891446	2.4816435887687958e-05
143.92361311300002	0.015785060185447265	2.6520695882233927e-05
145.13305524	0.01602802319588479	2.8268048196677397e-05
146.34249736700002	0.016269427562748347	3.0052320624871894e-05
147.551939494	0.01650902135559533	3.1866949689786734e-05
148.761381621	0.016746563088212128	3.37050408760217e-05
149.97082374800002	0.01698182235675175	3.5559430846218616e-05
151.180265875	0.017214580398146346	3.742275417986363e-05
152.38970800200002	0.017444630544410686	3.928751428023684e-05
153.599150129	0.017671778555586052	4.114615476954906e-05
154.808592256	0.01789584283050385	4.299112582636705e-05
156.018034383	0.018116654515473174	4.481494104669868e-05
157.22747651	0.018334057546661488	4.661022428625756e-05
158.43691863700002	0.01854790866499738	4.83697503971499e-05
159.646360764	0.0187580774332201	5.008648660355589e-05
160.85580289100002	0.018964446269273343	5.175364166953687e-05
162.065245018	0.019166910494263573	5.336472864597127e-05
163.274687145	0.01936537837941058	5.4913644480235625e-05
164.48412927200002	0.01955977116637279	5.639476576790987e-05
165.693571399	0.01975002303195845	5.780305324373357e-05
166.90301352600002	0.019936080974908156	5.9134148426982734e-05
168.112455653	0.02011790461884187	6.0384438033095754e-05
169.32189778	0.020295465945168765	6.155106285563874e-05
170.53133990700002	0.020468748983319685	6.263186270326209e-05
171.740782034	0.020637749487048617	6.362527268988585e-05
172.95022416100002	0.020802474616294944	6.45302048505273e-05
174.159666288	0.020962942631182403	6.534595138555318e-05
175.369108415	0.02111918259489707	6.607213248565843e-05
176.57855054200002	0.02127123407799974	6.670869251128956e-05
177.787992669	0.0214191468569265	6.725593312608506e-05
178.99743479600002	0.021562980601567597	6.771456494507206e-05
180.206876923	0.021702804549115964	6.808575942341826e-05
181.41631905	0.021838697163001658	6.83711871029898e-05
182.62576117700002	0.021970745776344613	6.857303441673748e-05
183.835203304	0.02209904621932617	6.869399776166692e-05
185.04464543100002	0.02222370243001681	6.873725899065453e-05
186.254087558	0.022344826048886206	6.870644860074309e-05
187.46352968500003	0.02246253599810509	6.860560117902336e-05
188.67297181200001	0.02257695804736998	6.843910466350737e-05
189.882413939	0.02268822436809779	6.821164372755748e-05
191.09185606600002	0.022796473077145208	6.79281389946436e-05
192.301298193	0.022901847769049615	6.759368557008261e-05
193.51074032000002	0.02300449703379204	6.721349196650934e-05
194.720182447	0.02310457396082441	6.679281450194256e-05
195.929624574	0.02320223563882684	6.63368842759839e-05
197.13906670100002	0.02329764266108349	6.585083623212143e-05
198.348508828	0.023390958636124223	6.533965375298987e-05
199.55795095500002	0.023482349697643786	6.480813122831773e-05
200.767393082	0.023571984011602924	6.426084744185825e-05
201.976835209	0.023660031283193737	6.370214359122996e-05
203.18627733600002	0.023746662267094223	6.313610459111746e-05
204.395719463	0.02383204828285339	6.256654405775796e-05
205.60516159000002	0.02391636073584415	6.199699234981583e-05
206.814603717	0.023999770643655917	6.143068614862556e-05
208.02404584400003	0.024082448167879918	6.087055847703125e-05
209.23348797100002	0.024164562151840426	6.031922931802922e-05
210.442930098	0.02424627966560616	5.97789980686267e-05
211.65237222500002	0.024327765560218668	5.9251839339152786e-05
212.861814352	0.024409182033248447	5.87394031786703e-05
214.07125647900003	0.02449068820763463	5.8243020099938706e-05
215.28069860600002	0.024572439725461075	5.776371068022079e-05
216.490140733	0.024654588358002903	5.730219917596286e-05
217.69958286000002	0.024737281633148995	5.685893049047494e-05
218.909024987	0.024820662481115568	5.643408987124311e-05
220.11846711400003	0.024904868899230426	5.602762479455372e-05
221.32790924100001	0.024990033636460587	5.5639268589244636e-05
222.537351368	0.02507628389826427	5.526856541157422e-05
223.74679349500002	0.025163741072292717	5.491489619720106e-05
224.956235622	0.02525252047541649	5.45775052093973e-05
226.16567774900003	0.02534273112253278	5.4255526735035385e-05
227.375119876	0.025434475517614484	5.3948011383167276e-05
228.584562003	0.02552784946749812	5.365395139038211e-05
229.79400413000002	0.025622941918984288	5.337230441091422e-05
231.003446257	0.02571983481986478	5.3102015496924234e-05
232.21288838400002	0.02581860300439412	5.2842037171027087e-05
233.422330511	0.025919314103424514	5.259134743465206e-05
234.63177263800003	0.02602202847907055	5.234896533682679e-05
235.84121476500002	0.02612679918343821	5.2113963666801e-05
237.050656892	0.026233671940733155	5.188547855822967e-05
238.26009901900002	0.02634268515188048	5.1662716110303144e-05
239.469541146	0.026453869920702	5.1444956394087824e-05
240.67898327300003	0.026567250100714694	5.123155533409171e-05
241.88842540000002	0.02668284236172954	5.102194498720578e-05
243.097867527	0.026800656275613483	5.081563269631545e-05
244.30730965400002	0.026920694420739216	5.061219950490482e-05
245.516751781	0.027042952504770918	5.0411298116049745e-05
246.72619390800003	0.02716741950546376	5.021265056526056e-05
247.93563603500002	0.027294077829103626	5.0016045680730374e-05
249.145078162	0.027422903486085608	4.982133633123999e-05
250.35452028900002	0.02755386628294525	4.9628436399802986e-05
251.563962416	0.02768693002993196	4.943731738550756e-05
252.77340454300003	0.027822052762996215	4.9248004512790715e-05
253.98284667000001	0.02795918697884572	4.906057222826886e-05
255.192288797	0.028098279881597257	4.8875138991785795e-05
256.401730924	0.028239273639489713	4.8691861321868583e-05
257.61117305100004	0.028382105650206556	4.851092712962048e-05
258.820615178	0.02852670881352885	4.833254846822465e-05
260.030057305	0.02867301181030367	4.8156953899184344e-05
261.239499432	0.028820939386989354	4.798438073161976e-05
262.448941559	0.02897041264526676	4.7815067396286084e-05
263.65838368600004	0.029121349336321024	4.764924617328439e-05
264.867825813	0.029273664159402992	4.748713642659601e-05
266.07726794	0.029427269064159885	4.732893840902814e-05
267.286710067	0.029582073556054078	4.717482763507271e-05
268.49615219400005	0.029737985004010495	4.7024949788903073e-05
269.70559432100004	0.02989490894930396	4.687941615463203e-05
270.915036448	0.030052749414618565	4.6738299599568447e-05
272.124478575	0.030211409212207965	4.6601631188672695e-05
273.333920702	0.030370790250104487	4.646939754393475e-05
274.54336282900005	0.03053079383535624	4.634153904445851e-05
275.75280495600003	0.03069132097332687	4.62179489475803e-05
276.962247083	0.030852272662126024	4.60984734574681e-05
278.17168921	0.031013550181319006	4.5982912732173805e-05
279.381131337	0.03117505537412483	4.5871022785485875e-05
280.59057346400004	0.03133669092239756	4.576251819934624e-05
281.80001559100003	0.03149836061375138	4.5657075557261626e-05
283.009457718	0.031659969600242976	4.555433749443132e-05
284.218899845	0.031821424648022484	4.545391731483379e-05
285.428341972	0.03198263437729432	4.5355404180005574e-05
286.63778409900004	0.032143509491745145	4.525836892525499e-05
287.84722622600003	0.03230396299648162	4.5162370386096744e-05
289.056668353	0.032463910403901536	4.5066961752535025e-05
290.26611048	0.03262326992781057	4.497169634123903e-05
291.475552607	0.032781962666458324	4.487613269152042e-05
292.68499473400004	0.03293991277428193	4.477983934407765e-05
293.89443686100003	0.03309704762135481	4.468239952516601e-05
295.103878988	0.03325329793971654	4.458341564845206e-05
296.313321115	0.0334085979562966	4.4482513481508126e-05
297.522763242	0.03356288551239441	4.437934587354514e-05
298.73220536900004	0.033716102169720416	4.427359601258242e-05
299.94164749600003	0.033868193302985	4.416498019260395e-05
301.151089623	0.03401910817902357	4.405325009312883e-05
302.36053175	0.03416880002246894	4.393819457922643e-05
303.569973877	0.034317226068020366	4.3819641030539585e-05
304.77941600400004	0.03446434759939696	4.369745621889525e-05
305.98885813100003	0.034610129975116484	4.3571546746586136e-05
307.198300258	0.034754542641274054	4.344185907013765e-05
308.407742385	0.03489755913154397	4.330837912702533e-05
309.617184512	0.03503915705466882	4.3171131591400405e-05
310.82662663900004	0.03517931806973375	4.303017877613446e-05
312.036068766	0.03531802784956138	4.288561921309912e-05
313.245510893	0.03545527603259803	4.2737585930866984e-05
314.45495302	0.0355910561636871	4.258624446048824e-05
315.664395147	0.03572536562416007	4.243179059594675e-05
316.87383727400004	0.03585820555170595	4.227444793742779e-05
318.083279401	0.03598958075050332	4.211446525429495e-05
319.292721528	0.036119499592131045	4.195211368918764e-05
320.502163655	0.03624797390780057	4.178768384468252e-05
321.71160578200005	0.036375018872472034	4.162148278069505e-05
322.92104790900004	0.0365006528814458	4.145383095972051e-05
324.130490036	0.03662489742002673	4.128505918134153e-05
325.339932163	0.0367477769268769	4.1115505548497645e-05
326.54937429	0.0368693186516675	4.094551251877878e-05
327.75881641700005	0.036989552507629433	4.0775424092464395e-05
328.96825854400004	0.037108510919594793	4.0605583182583e-05
330.177700671	0.03722622866809869	4.043632919763989e-05
331.387142798	0.03734274273010857	4.026799584601299e-05
332.596584925	0.03745809211694905	4.010090914937131e-05
333.80602705200005	0.037572317709994286	3.993538565003018e-05
335.01546917900004	0.0376854620947033	3.9771730792699056e-05
336.224911306	0.037797569393562956	3.9610237478697164e-05
337.434353433	0.037908685098494606	3.9451184794411265e-05
338.64379556	0.03801885590326358	3.929483692621603e-05
339.85323768700005	0.0381281295364058	3.9141442260389074e-05
341.06267981400003	0.03823655459518556	3.89912326737159e-05
342.272121941	0.038344180381071215	3.8844423006263144e-05
343.481564068	0.03845105673720236	3.870121069806946e-05
344.691006195	0.03855723388829765	3.8561775578136726e-05
345.90044832200005	0.038662762283434446	3.842627978348954e-05
347.10989044900003	0.0387676924421049	3.8294867794846923e-05
348.319332576	0.038872074803933225	3.81676665692343e-05
349.528774703	0.03897595958241907	3.80447857609398e-05
350.73821683	0.03907939662303808	3.7926318013182264e-05
351.94765895700004	0.03918243526602694	3.781233931341596e-05
353.15710108400003	0.03928512421413056	3.770290939919727e-05
354.366543211	0.03938751140558781	3.759807220889979e-05
355.575985338	0.039489643892592345	3.7497856365388646e-05
356.785427465	0.03959156772544962	3.74022756882467e-05
357.99486959200004	0.039693327842622673	3.731132972753591e-05
359.20431171900003	0.039794967966840684	3.722500431505604e-05
360.413753846	0.039896530507414256	3.714327212603117e-05
361.623195973	0.039998056468888425	3.7066093252208066e-05
362.8326381	0.04009958536613059	3.6993415780222144e-05
364.04208022700004	0.040201155145938944	3.6925176377493505e-05
365.25152235400003	0.04030280211522918	3.6861300881670224e-05
366.460964481	0.04040456087583921	3.680170489477388e-05
367.670406608	0.04050646426597145	3.674629438074407e-05
368.87984873500005	0.04060854330827216	3.669496627082063e-05
370.08929086200004	0.040710827164527445	3.66476090716483e-05
371.29873298900003	0.0408133430969389	3.660410348158631e-05
372.508175116	0.04091611643592546	3.656432301257854e-05
373.717617243	0.04101917055437638	3.652813462065332e-05
374.92705937000005	0.04112252684826952	3.649539934329326e-05
376.13650149700004	0.04122620472355125	3.6465972944774826e-05
377.34594362400003	0.041330221589156835	3.6439706570060545e-05
378.555385751	0.04143459285604109	3.641644740436156e-05
379.764827878	0.04153933194207095	3.639603933946078e-05
380.97427000500005	0.041644450282623174	3.637832364467946e-05
382.18371213200004	0.041749957346713364	3.6363139640883706e-05
383.393154259	0.04185586065847711	3.6350325375136864e-05
384.602596386	0.04196216582380544	3.633971829319851e-05
385.812038513	0.04206887656193613	3.633115590933996e-05
387.02148064000005	0.042175994741788736	3.632447646721859e-05
388.23092276700004	0.04228352042281949	3.631951958992812e-05
389.440364894	0.04239145190017053	3.631612691792642e-05
390.649807021	0.042499785753882025	3.631414272731826e-05
391.859249148	0.042608516901918164	3.631341452801061e-05
393.06869127500005	0.04271763865677075	3.6313793638109295e-05
394.27813340200004	0.042827142785380745	3.6315135729385956e-05
395.487575529	0.042937019572130565	3.631730134107887e-05
396.697017656	0.043047257884645404	3.6320156359879476e-05
397.906459783	0.043157845242142875	3.632357246172426e-05
399.11590191000005	0.04326876788607495	3.632742751398858e-05
400.32534403700004	0.043380010852792236	3.633160593364592e-05
401.534786164	0.043491558047975096	3.633599900361001e-05
402.744228291	0.04360339232256526	3.634050513974705e-05
403.953670418	0.043715495549941565	3.634503011318331e-05
405.16311254500005	0.04382784870408143	3.634948722516729e-05
406.37255467200004	0.04394043193844969	3.635379743336366e-05
407.581996799	0.044053224665372454	3.635788943232371e-05
408.791438926	0.04416620563564104	3.636169968743673e-05
410.000881053	0.04427935301811221	3.636517242405165e-05
411.21032318000005	0.04439264447906861	3.6368259575180044e-05
412.41976530700003	0.04450605726110807	3.6370920684872876e-05
413.629207434	0.044619568261345215	3.637312277666227e-05
414.838649561	0.04473315410870665	3.637484018125799e-05
416.04809168800006	0.04484679124012093	3.637605433354224e-05
417.25753381500004	0.04496045597539919	3.637675353691171e-05
418.46697594200003	0.045074124590619734	3.6376932697783094e-05
419.676418069	0.04518777338984015	3.6376593034784324e-05
420.885860196	0.045301378774960696	3.6375741765528154e-05
422.09530232300006	0.04541491731358259	3.6374391770360396e-05
423.30474445000004	0.045528365804707906	3.6372561242084935e-05
424.51418657700003	0.045641701342137575	3.637027331796013e-05
425.723628704	0.045754901375443024	3.636755570139547e-05
426.933070831	0.04586794376838291	3.636444027375276e-05
428.14251295800005	0.04598080685466078	3.636096270172265e-05
429.35195508500004	0.04609346949092143	3.635716204197415e-05
430.56139721200003	0.046205911106899436	3.6353080344349726e-05
431.770839339	0.04631811175263821	3.6348762261023987e-05
432.980281466	0.04643005214271713	3.6344254659278084e-05
434.18972359300005	0.04654171369742562	3.633960624342033e-05
435.39916572000004	0.046653078580840356	3.633486718725418e-05
436.60860784700003	0.046764129735769724	3.633008877959261e-05
437.818049974	0.04687485091553744	3.6325323082636316e-05
439.027492101	0.046985226712591706	3.6320622606825285e-05
440.23693422800005	0.04709524258393598	3.631604000292952e-05
441.44637635500004	0.04720488487337693	3.631162776939239e-05
442.65581848200003	0.047314140830615206	3.6307437981397525e-05
443.865260609	0.04742299862718783	3.6303522034698104e-05
445.074702736	0.04753144736930086	3.629993041016892e-05
446.28414486300005	0.04763947710759237	3.62967124564982e-05
447.49358699000004	0.04774707884386746	3.629391618930335e-05
448.703029117	0.047854244534864344	3.629158810980978e-05
449.912471244	0.047960967093111304	3.628977303926958e-05
451.121913371	0.04806724038494883	3.628851396768092e-05
452.33135549800005	0.048173059225784944	3.6287851921542466e-05
453.54079762500004	0.04827841937267448	3.628782584006263e-05
454.750239752	0.04838331751430331	3.628847246980472e-05
455.959681879	0.04848775125847504	3.628982626756608e-05
457.169124006	0.04859171911719587	3.6291919315510085e-05
458.37856613300005	0.048695220489461816	3.629478124683738e-05
459.58800826000004	0.04879825564185658	3.629843917908309e-05
460.797450387	0.04890082568706599	3.63029176564198e-05
462.006892514	0.04900293256042847	3.6308238598166905e-05
463.216334641	0.04910457899463384	3.631442125595787e-05
464.42577676800005	0.04920576849269345	3.632148217149895e-05
465.63521889500004	0.049306505299300016	3.63294351445416e-05
466.844661022	0.04940679437070022	3.633829120065788e-05
468.054103149	0.04950664134320967	3.634805856455756e-05
469.26354527600006	0.04960605250048839	3.635874263479402e-05
470.47298740300005	0.04970503473970789	3.6370345962807846e-05
471.68242953000004	0.04980359553673384	3.638286823288569e-05
472.891871657	0.04990174291045064	3.6396306244965885e-05
474.101313784	0.04999948538635399	3.641065390206027e-05
475.31075591100006	0.05009683195953459	3.642590219758984e-05
476.52019803800005	0.0501937920571774	3.6442039207831034e-05
477.72964016500003	0.05029037550069812	3.645905008845152e-05
478.939082292	0.050386592467633044	3.64769170740495e-05
480.148524419	0.05048245345340586	3.649561948336498e-05
481.35796654600006	0.05057796923308214	3.651513373073665e-05
482.56740867300005	0.05067315082322231	3.65354333443394e-05
483.77685080000003	0.05076800944395478	3.655648898969553e-05
484.986292927	0.05086255648136181	3.6578268506558616e-05
486.195735054	0.05095680345029382	3.660073695302728e-05
487.40517718100006	0.05105076195770639	3.662385666338199e-05
488.61461930800004	0.0511444436666198	3.664758731939391e-05
489.82406143500003	0.051237860260787374	3.667188603319078e-05
491.033503562	0.05133102341015691	3.66967074434426e-05
492.242945689	0.05142394473721208	3.67220038275202e-05
493.45238781600005	0.05151663578426671	3.6747725223966315e-05
494.66182994300004	0.05160910798178886	3.67738195726423e-05
495.87127207000003	0.05170137261782263	3.680023286871789e-05
497.080714197	0.05179344080857488	3.682690933138522e-05
498.290156324	0.05188532347022534	3.68537915894158e-05
499.49959845100005	0.051977031292013844	3.6880820880646605e-05
500.70904057800004	0.052068574710657164	3.690793726738377e-05
501.91848270500003	0.05215996388613741	3.693507986570887e-05
503.127924832	0.05225120867890177	3.696218708792137e-05
504.337366959	0.05234231862850656	3.6989196898218075e-05
505.54680908600005	0.05243330293373851	3.701604707847339e-05
506.75625121300004	0.05252417043423255	3.704267550736642e-05
507.96569334000003	0.0526149295936077	3.7069020445925965e-05
509.175135467	0.05270558848413667	3.70950208289487e-05
510.384577594	0.05279615477295497	3.712061656775141e-05
511.59401972100005	0.05288663570981529	3.714574885115568e-05
512.803461848	0.052977038116391054	3.717036045093769e-05
514.0129039750001	0.053067368377116196	3.719439602753581e-05
515.2223461020001	0.05315763243156024	3.721780243270761e-05
516.4317882290001	0.05324783576831907	3.724052900864995e-05
517.641230356	0.053337983420408394	3.7262527880593157e-05
518.850672483	0.05342807996213363	3.7283754240951584e-05
520.06011461	0.05351812950741149	3.7304166621718295e-05
521.269556737	0.05360813570951707	3.732372715606333e-05
522.478998864	0.05369810176221826	3.734240182407276e-05
523.688440991	0.053788030402264535	3.736016068092457e-05
524.897883118	0.053877923913187464	3.737697806796629e-05
526.1073252450001	0.05396778413037293	3.739283280059707e-05
527.3167673720001	0.05405761244735535	3.740770833690308e-05
528.5262094990001	0.05414740982328953	3.742159292191298e-05
529.735651626	0.05423717679154824	3.7434479703984056e-05
530.945093753	0.0543269134693882	3.744636683082768e-05
532.15453588	0.054416619568635805	3.7457257512740695e-05
533.363978007	0.05450629440733004	3.746716006167173e-05
534.573420134	0.0545959369222713	3.7476087900729974e-05
535.782862261	0.05468554568240365	3.7484059546291464e-05
536.9923043880001	0.05477511890298525	3.749109855910469e-05
538.2017465150001	0.05486465446046905	3.7497233470054945e-05
539.4111886420001	0.05495414990804717	3.750249767532293e-05
540.6206307690001	0.05504360249178124	3.750692930663694e-05
541.830072896	0.055133009167263325	3.751057107212449e-05
543.039515023	0.05522236661674287	3.7513470074501613e-05
544.24895715	0.055311671266653706	3.751567760210448e-05
545.458399277	0.05540091930548128	3.751724889845326e-05
546.667841404	0.055490106701904525	3.751824291045927e-05
547.877283531	0.05557922922315196	3.751872201688674e-05
549.0867256580001	0.055668282453510916	3.7518751737600515e-05
550.2961677850001	0.05575726181293035	3.7518400427683154e-05
551.5056099120001	0.0558461625756561	3.751773895813122e-05
552.715052039	0.05593497988884469	3.7516840383152246e-05
553.924494166	0.05602370879109827	3.7515779600072116e-05
555.133936293	0.056112344230863934	3.751463299722111e-05
556.34337842	0.05620088108464829	3.7513478102072165e-05
557.552820547	0.05628931417500091	3.75123932218016e-05
558.762262674	0.056377638288202275	3.75114570838438e-05
559.971704801	0.05646584819163217	3.751074847944048e-05
561.1811469280001	0.056553938650755906	3.751034590544821e-05
562.3905890550001	0.05664190444569442	3.7510327216367275e-05
563.6000311820001	0.05672974038734129	3.751076928009244e-05
564.809473309	0.0568174413329818	3.7511747642128526e-05
566.018915436	0.05690500220138548	3.75133362012095e-05
567.228357563	0.05699241798734106	3.7515606896419515e-05
568.43779969	0.05707968377559374	3.751862940560955e-05
569.647241817	0.05716679475417677	3.7522470860519e-05
570.856683944	0.05725374622709064	3.752719557577776e-05
572.066126071	0.0573405336263283	3.7532864796277665e-05
573.2755681980001	0.05742715252321012	3.753953645775819e-05
574.4850103250001	0.057513598639025616	3.754726496867519e-05
575.6944524520001	0.05759986785495887	3.7556101010470046e-05
576.903894579	0.057685956221290385	3.756609135475927e-05
578.113336706	0.05777185996586538	3.757727870119538e-05
579.322778833	0.05785757550181812	3.758970153259371e-05
580.53222096	0.05794309943455584	3.760339399253288e-05
581.741663087	0.05802842856799237	3.7618385780138837e-05
582.951105214	0.05811355991003703	3.7634702062501734e-05
584.160547341	0.058198490677338184	3.765236340938642e-05
585.3699894680001	0.05828321829928665	3.7671385742892204e-05
586.5794315950001	0.058367740421288714	3.769178030760951e-05
587.7888737220001	0.058452054907312256	3.771355365668613e-05
588.998315849	0.058536159841722814	3.773670765394461e-05
590.207757976	0.05862005353041507	3.776123949480343e-05
591.417200103	0.05870373450126015	3.778714174066028e-05
592.62664223	0.058787201503882	3.781440236746897e-05
593.836084357	0.05887045350877866	3.784300483164064e-05
595.045526484	0.05895348970580942	3.7872928145403144e-05
596.2549686110001	0.059036309502070415	3.7904146966968734e-05
597.4644107380001	0.05911891251917413	3.7936631701907394e-05
598.6738528650001	0.05920129858995941	3.797034861453665e-05
599.8832949920001	0.059283467754656566	3.800525995201683e-05
601.092737119	0.059365420256531735	3.804132407672827e-05
602.302179246	0.059447156537031524	3.807849560484578e-05
603.511621373	0.059528677230463296	3.811672555650394e-05
604.7210635	0.05960998315822837	3.815596151217833e-05
605.930505627	0.05969107532264504	3.819614777531801e-05
607.139947754	0.059771954900384616	3.823722554160542e-05
608.3493898810001	0.059852623235546444	3.8279133071440556e-05
609.5588320080001	0.059933081832409175	3.832180587146245e-05
610.7682741350001	0.060013332347880116	3.836517687514348e-05
611.9777162620001	0.06009337658367385	3.8409176631045176e-05
613.187158389	0.06017321647825337	3.8453733491382343e-05
614.396600516	0.06025285409855809	3.849877380627102e-05
615.606042643	0.06033229163154894	3.8544222114846354e-05
616.81548477	0.06041153137560462	3.8590001344978614e-05
618.024926897	0.06049057573178902	3.863603300743945e-05
619.234369024	0.06056942719502837	3.8682237394848123e-05
620.4438111510001	0.060648088345215685	3.872853377941095e-05
621.6532532780001	0.06072656183828181	3.8774840610615165e-05
622.8626954050001	0.06080485039724673	3.8821075711974227e-05
624.072137532	0.06088295680329097	3.88671564779354e-05
625.281579659	0.06096088388686263	3.8913000068359074e-05
626.491021786	0.06103863451885122	3.8958523600904064e-05
627.700463913	0.06111621160184908	3.900364434105026e-05
628.90990604	0.061193618061526206	3.9048279892528916e-05
630.119348167	0.06127085683813952	3.90923483803877e-05
631.328790294	0.06134793087819897	3.913576863267966e-05
632.5382324210001	0.06142484312631168	3.917846036027808e-05
633.7476745480001	0.06150159651722152	3.922034432770334e-05
634.9571166750001	0.06157819396806567	3.9261342526205176e-05
636.166558802	0.0616546383708637	3.930137833432085e-05
637.376000929	0.06173093258526012	3.934037668022328e-05
638.585443056	0.061807079431526316	3.937826419519431e-05
639.794885183	0.06188308168384757	3.941496935844699e-05
641.00432731	0.06195894206389934	3.9450422642248534e-05
642.213769437	0.062034663234732175	3.948455664520688e-05
643.4232115640001	0.06211024779496925	3.951730622098584e-05
644.6326536910001	0.062185698273331994	3.954860859830151e-05
645.8420958180001	0.06226101712349732	3.95784034948046e-05
647.0515379450001	0.06233620671929922	3.960663322369403e-05
648.260980072	0.06241126935027727	3.963324279031306e-05
649.470422199	0.06248620721757586	3.9658179983099915e-05
650.679864326	0.06256102243020246	3.9681395452976966e-05
651.889306453	0.06263571700164623	3.970284278865069e-05
653.09874858	0.06271029284685423	3.972247857774688e-05
654.308190707	0.06278475177957435	3.9740262464285e-05
655.5176328340001	0.06285909551005407	3.97561571950095e-05
656.7270749610001	0.06293332564310496	3.977012865563916e-05
657.9365170880001	0.0630074436765186	3.978214590126494e-05
659.1459592150001	0.06308145099984108	3.979218117426492e-05
660.355401342	0.06315534889349164	3.980020991615692e-05
661.564843469	0.0632291385282325	3.9806210770310545e-05
662.774285596	0.0633028209649649	3.981016557313568e-05
663.983727723	0.06337639715486611	3.981205934171263e-05
665.19316985	0.06344986793984336	3.98118802487383e-05
666.402611977	0.06352323405330115	3.980961959014799e-05
667.6120541040001	0.06359649612121278	3.98052717472632e-05
668.8214962310001	0.06366965466348772	3.9798834139029795e-05
670.0309383580001	0.06374271009561781	3.9790307167452095e-05
671.2403804850001	0.06381566273059903	3.977969415588551e-05
672.449822612	0.06388851278111084	3.976700128114297e-05
673.659264739	0.06396126036193943	3.975223749854029e-05
674.868706866	0.06403390549264296	3.973541446164616e-05
676.078148993	0.06410644810042888	3.971654643707811e-05
677.28759112	0.06417888802324365	3.9695650211832074e-05
678.497033247	0.06425122501305555	3.9672744999452587e-05
679.7064753740001	0.06432345873931179	3.964785233876984e-05
680.9159175010001	0.06439558879256574	3.962099598984364e-05
682.1253596280001	0.06446761468825202	3.959220182811067e-05
683.3348017550001	0.06453953587059354	3.956149773417563e-05
684.544243882	0.06461135171663378	3.952891348083534e-05
685.753686009	0.06468306154037166	3.949448061936355e-05
686.963128136	0.06475466459698893	3.94582323626366e-05
688.172570263	0.06482616008715075	3.9420203470122484e-05
689.38201239	0.06489754716137253	3.9380430128769705e-05
690.5914545170001	0.06496882492442863	3.933894983589975e-05
691.8008966440001	0.06503999243979862	3.929580128179412e-05
693.0103387710001	0.0651110487341262	3.925102423246533e-05
694.2197808980001	0.06518199280169078	3.920465941288894e-05
695.429223025	0.06525282360886496	3.915674839433943e-05
696.638665152	0.06532354009855156	3.910733348001512e-05
697.848107279	0.06539414119458946	3.905645759330752e-05
699.057549406	0.06546462580610711	3.900416417076665e-05
700.266991533	0.06553499283182397	3.89504970534131e-05
701.47643366	0.06560524116427674	3.889550038580919e-05
702.6858757870001	0.06567536969396606	3.88392185143185e-05
703.8953179140001	0.06574537731341487	3.878169588837964e-05
705.1047600410001	0.06581526292111844	3.872297696943749e-05
706.3142021680001	0.06588502542539032	3.8663106137324263e-05
707.523644295	0.06595466374808484	3.86021276064033e-05
708.733086422	0.06602417682819135	3.854008534070314e-05
709.942528549	0.0660935636252934	3.847702297461495e-05
711.151970676	0.06616282312288536	3.841298373918282e-05
712.361412803	0.0662319543315365	3.8348010388370746e-05
713.57085493	0.06630095629190326	3.8282145133639065e-05
714.7802970570001	0.0663698280775784	3.821542958025021e-05
715.9897391840001	0.06643856879777203	3.8147904668156474e-05
717.1991813110001	0.06650717759982802	3.8079610614599606e-05
718.4086234380001	0.06657565367156022	3.8010586865032506e-05
719.618065565	0.06664399624341939	3.7940872043780976e-05
720.827507692	0.0667122045904751	3.787050391121029e-05
722.036949819	0.06678027803421999	3.779951932349858e-05
723.246391946	0.06684821594419277	3.772795419596745e-05
724.455834073	0.0669160177394152	3.7655843470414896e-05
725.6652762	0.0669836828896511	3.7583221085003944e-05
726.8747183270001	0.06705121091648032	3.7510119948354084e-05
728.0841604540001	0.06711860139419239	3.743657191844016e-05
729.2936025810001	0.06718585395050199	3.736260778094806e-05
730.5030447080001	0.0672529682670846	3.728825723296198e-05
731.712486835	0.06731994407993921	3.721354887030147e-05
732.921928962	0.06738678117957884	3.713851017576705e-05
734.131371089	0.06745347941105417	3.7063167511594474e-05
735.340813216	0.06752003867380743	3.698754611361276e-05
736.550255343	0.0675864589213716	3.691167008744668e-05
737.7596974700001	0.06765274016091212	3.683556240929378e-05
738.9691395970001	0.06771888245261694	3.6759244927174e-05
740.1785817240001	0.0677848859089422	3.668273836451165e-05
741.3880238510001	0.06785075069371864	3.660606232517137e-05
742.5974659780001	0.0679164770211232	3.6529235302030155e-05
743.806908105	0.06798206515452515	3.645227468746196e-05
745.016350232	0.068047515405209	3.637519678421594e-05
746.225792359	0.06811282813098388	3.629801681862814e-05
747.435234486	0.06817800373468635	3.622074895530457e-05
748.644676613	0.06824304266258234	3.614340631430518e-05
749.8541187400001	0.06830794540267282	3.606600098854693e-05
751.0635608670001	0.0683727124829207	3.598854406356145e-05
752.2730029940001	0.0684373444693892	3.5911045637672124e-05
753.4824451210001	0.06850184196431815	3.583351484451098e-05
754.6918872480001	0.0685662056041307	3.5755959875915215e-05
755.901329375	0.06863043605738561	3.567838800635344e-05
757.110771502	0.06869453402268005	3.5600805617627016e-05
758.320213629	0.06875850022651266	3.552321822565017e-05
759.529655756	0.06882233542111181	3.544563050857843e-05
760.739097883	0.0688860403822357	3.536804633254914e-05
761.9485400100001	0.06894961590695335	3.5290468783120215e-05
763.1579821370001	0.06901306281141617	3.5212900192885106e-05
764.3674242640001	0.06907638192862066	3.513534217239564e-05
765.5768663910001	0.06913957410617431	3.505779564099945e-05
766.786308518	0.06920264020406913	3.4980260858636884e-05
767.995750645	0.06926558109247201	3.490273745571891e-05
769.205192772	0.0693283976495315	3.4825224468038164e-05
770.414634899	0.0693910907592164	3.474772036614629e-05
771.624077026	0.06945366130918385	3.4670223089666035e-05
772.833519153	0.0695161101886872	3.4592730079454096e-05
774.0429612800001	0.06957843828653035	3.4515238310508945e-05
775.2524034070001	0.06964064648906511	3.4437744324288025e-05
776.4618455340001	0.06970273567824756	3.4360244261860965e-05
777.6712876610001	0.06976470672975106	3.428273389584332e-05
778.880729788	0.06982656051114149	3.420520866370147e-05
780.090171915	0.06988829788012096	3.412766369767177e-05
781.299614042	0.06994991968283817	3.4050093857847934e-05
782.509056169	0.07001142675227624	3.3972493763586203e-05
783.718498296	0.07007281990671575	3.389485782212036e-05
784.9279404230001	0.07013409994827713	3.381718026044601e-05
786.1373825500001	0.0701952676615448	3.373945515269825e-05
787.3468246770001	0.07025632381227483	3.3661676450843075e-05
788.5562668040001	0.07031726914619367	3.358383801108855e-05
789.7657089310001	0.07037810438787713	3.3505933620798034e-05
790.975151058	0.07043883023972068	3.342795702522411e-05
792.184593185	0.07049944738100239	3.334990195260245e-05
793.394035312	0.07055995646703385	3.3271762137263774e-05
794.603477439	0.07062035812840116	3.319353134437277e-05
795.812919566	0.07068065297029766	3.311520339096794e-05
797.0223616930001	0.07074084157194838	3.303677216631877e-05
798.2318038200001	0.07080092448612271	3.295823165464073e-05
799.4412459470001	0.07086090223873676	3.287957595172421e-05
800.6506880740001	0.07092077532854574	3.280079928248882e-05
801.8601302010001	0.0709805442269215	3.272189601921764e-05
803.069572328	0.07104020937771782	3.264286069627285e-05
804.279014455	0.07109977119722027	3.256368802361226e-05
805.488456582	0.0711592300741729	3.248437290212551e-05
806.697898709	0.071218586369893	3.240491043317414e-05
807.907340836	0.07127784041845812	3.232529593218318e-05
809.1167829630001	0.07133699252697184	3.224552493628875e-05
810.3262250900001	0.07139604297589754	3.216559321662509e-05
811.5356672170001	0.07145499201946956	3.2085496780802044e-05
812.7451093440001	0.0715138398861646	3.2005231885302914e-05
813.9545514710001	0.07157258677924186	3.1924795038723625e-05
815.163993598	0.07163123287734006	3.1844183006223316e-05
816.373435725	0.07168977833513725	3.1763392815227436e-05
817.582877852	0.07174822328406003	3.1682421757318996e-05
818.792319979	0.07180656783304579	3.160126739073683e-05
820.001762106	0.0718648120693534	3.1519927542910115e-05
821.2112042330001	0.07192295605941605	3.1438400310751425e-05
822.4206463600001	0.07198099984973469	3.135668406065959e-05
823.6300884870001	0.07203894346780874	3.127477742656343e-05
824.8395306140001	0.07209678692309883	3.119267931109007e-05
826.0489727410001	0.07215453020802004	3.111038888277514e-05
827.258414868	0.07221217329895914	3.102790557402572e-05
828.467856995	0.07226971615731523	3.09452290771696e-05
829.677299122	0.07232715873055794	3.0862359342834037e-05
830.886741249	0.07238450095330198	3.077929657431573e-05
832.0961833760001	0.07244174274838915	3.0696041225823515e-05
833.3056255030001	0.07249888402798334	3.0612593994649234e-05
834.5150676300001	0.07255592469466644	3.052895581998694e-05
835.7245097570001	0.07261286464253483	3.0445127875370466e-05
836.9339518840001	0.07266970375829562	3.0361111564629374e-05
838.143394011	0.07272644192235708	3.0276908514921286e-05
839.352836138	0.0727830790099075	3.019252057235461e-05
840.562278265	0.07283961489198917	3.010794979515701e-05
841.771720392	0.07289604943654909	3.0023198447302042e-05
842.981162519	0.07295238250947794	2.993826899261818e-05
844.1906046460001	0.07300861397563022	2.9853164088378797e-05
845.4000467730001	0.07306474369981739	2.976788657866169e-05
846.6094889000001	0.07312077154778067	2.968243948770225e-05
847.8189310270001	0.07317669738713153	2.9596826012733536e-05
849.0283731540001	0.07323252108826916	2.9511049517400718e-05
850.237815281	0.07328824252525928	2.9425113525026704e-05
851.447257408	0.07334386157669086	2.9339021712823168e-05
852.656699535	0.073399378126482	2.9252777902876477e-05
853.866141662	0.07345479206466601	2.916638605671307e-05
855.075583789	0.07351010328812695	2.9079850269012083e-05
856.2850259160001	0.07356531170130542	2.8993174757920322e-05
857.4944680430001	0.07362041721685397	2.8906363860907564e-05
858.7039101700001	0.0736754197562625	2.881942202647504e-05
859.9133522970001	0.07373031925043257	2.873235380840937e-05
861.1227944240001	0.07378511564021271	2.864516385676075e-05
862.332236551	0.07383980887689091	2.8557856913960245e-05
863.541678678	0.07389439892264078	2.847043780572105e-05
864.751120805	0.07394888575092556	2.838291143569726e-05
865.960562932	0.0740032693468571	2.829528277747137e-05
867.170005059	0.07405754970751147	2.820755686851023e-05
868.3794471860001	0.07411172684219952	2.8119738805482486e-05
869.5888893130001	0.07416580077269368	2.8031833735156925e-05
870.7983314400001	0.07421977153341103	2.794384684853721e-05
872.0077735670001	0.07427363917155572	2.7855783376224753e-05
873.2172156940001	0.07432740374721342	2.7767648579871982e-05
874.426657821	0.074381065333411	2.7679447747973098e-05
875.636099948	0.07443462401613342	2.7591186189031932e-05
876.845542075	0.07448807989429419	2.750286922626491e-05
878.054984202	0.07454143307967619	2.7414502190671137e-05
879.2644263290001	0.07459468369683059	2.7326090416636545e-05
880.4738684560001	0.07464783188293818	2.723763923698395e-05
881.6833105830001	0.07470087778763805	2.7149153975173398e-05
882.8927527100001	0.074753821572819	2.7060639942335226e-05
884.1021948370001	0.0748066634123836	2.6972102432302144e-05
885.3116369640001	0.07485940349197392	2.6883546715730843e-05
886.521079091	0.07491204200867692	2.6794978034988454e-05
887.730521218	0.07496457917069109	2.6706401602391192e-05
888.939963345	0.07501701519697833	2.6617822593183005e-05
890.149405472	0.07506935031688299	2.652924614204799e-05
891.3588475990001	0.07512158476973191	2.6440677340235387e-05
892.5682897260001	0.07517371880441102	2.6352121231066203e-05
893.7777318530001	0.07522575267892452	2.6263582806127142e-05
894.9871739800001	0.07527768665993774	2.6175067003797776e-05
896.1966161070001	0.07532952102229888	2.608657870283501e-05
897.406058234	0.07538125604855356	2.5998122723376174e-05
898.615500361	0.0754328920284415	2.5909703820988112e-05
899.824942488	0.0754844292583853	2.5821326686390243e-05
901.034384615	0.07553586804097319	2.5732995942828025e-05
902.243826742	0.075587208684429	2.564471614318289e-05
903.4532688690001	0.07563845150208055	2.5556491768772047e-05
904.6627109960001	0.07568959681182581	2.5468327227078168e-05
905.8721531230001	0.07574064493559408	2.5380226851100602e-05
907.0815952500001	0.07579159619880944	2.529219489801856e-05
908.2910373770001	0.0758424509298538	2.520423554774782e-05
909.500479504	0.07589320945953469	2.5116352901960104e-05
910.709921631	0.0759438721205575	2.502855098321095e-05
911.919363758	0.07599443924700094	2.4940833734790586e-05
913.128805885	0.07604491117380427	2.485320502084373e-05
914.338248012	0.07609528823626016	2.4765668624880456e-05
915.5476901390001	0.07614557076951757	2.4678228250186116e-05
916.7571322660001	0.0761957591080991	2.459088751934342e-05
917.9665743930001	0.0762458535854275	2.4503649974968303e-05
919.1760165200001	0.07629585453336453	2.4416519080577175e-05
920.3854586470001	0.07634576228177105	2.432949821988142e-05
921.594900774	0.07639557715807466	2.4242590697142905e-05
922.804342901	0.07644529948686002	2.415579973759199e-05
924.013785028	0.07649492958947382	2.4069128489678854e-05
925.223227155	0.07654446778364603	2.398258002347643e-05
926.432669282	0.0765939143831341	2.3896157333188205e-05
927.6421114090001	0.07664326969738368	2.3809863336998298e-05
928.8515535360001	0.07669253403120893	2.3723700878040616e-05
930.0609956630001	0.07674170768449609	2.363767272724144e-05
931.2704377900001	0.07679079095192494	2.3551781580353882e-05
932.4798799170001	0.076839784122713	2.3466030062276922e-05
933.689322044	0.07688868748037916	2.338042072733526e-05
934.898764171	0.0769375013025334	2.3294956059149516e-05
936.108206298	0.0769862258606817	2.3209638472930986e-05
937.317648425	0.07703486142005751	2.312447031743395e-05
938.5270905520001	0.07708340823947386	2.30394538722927e-05
939.7365326790001	0.0771318665711971	2.2954591354854198e-05
940.9459748060001	0.07718023666084046	2.286988491537709e-05
942.1554169330001	0.07722851874728223	2.278533664255104e-05
943.3648590600001	0.07727671306260073	2.2700948563491554e-05
944.5743011870001	0.0773248198320352	2.2616722642468622e-05
945.783743314	0.07737283927396128	2.2532660786910758e-05
946.993185441	0.07742077159989108	2.2448764842864006e-05
948.202627568	0.07746861701449047	2.23650366020039e-05
949.412069695	0.07751637571561697	2.2281477797316095e-05
950.6215118220001	0.07756404789437361	2.2198090108352485e-05
951.8309539490001	0.07761163373518225	2.2114875160583734e-05
953.0403960760001	0.07765913341587384	2.2031834526951717e-05
954.2498382030001	0.07770654710779527	2.194896972853019e-05
955.4592803300001	0.07775387497593172	2.1866282236702915e-05
956.6687224570001	0.07780111717904326	2.1783773474019413e-05
957.878164584	0.07784827386981753	2.1701444814649555e-05
959.087606711	0.0778953451950359	2.1619297586289735e-05
960.297048838	0.07794233129574824	2.1537333071452787e-05
961.506490965	0.07798923230746695	2.1455552509271875e-05
962.7159330920001	0.07803604836036356	2.137395709632426e-05
963.9253752190001	0.07808277957948224	2.129254798540141e-05
965.1348173460001	0.07812942608495896	2.121132629166903e-05
966.3442594730001	0.07817598799225056	2.113029308973656e-05
967.5537016000001	0.07822246541236964	2.1049449417316748e-05
968.763143727	0.07826885845212954	2.0968796274890144e-05
969.972585854	0.07831516721439287	2.0888334629477357e-05
971.182027981	0.0783613917983208	2.080806541321609e-05
972.391470108	0.07840753229963603	2.072798952516733e-05
973.600912235	0.078453588810881	2.0648107835530737e-05
974.8103543620001	0.07849956142168053	2.0568421183136758e-05
976.0197964890001	0.07854545021900654	2.048893037931759e-05
977.2292386160001	0.07859125528744577	2.0409636208928852e-05
978.4386807430001	0.07863697670946261	2.033053943081184e-05
979.6481228700001	0.0786826145656636	2.0251640779171636e-05
980.857564997	0.0787281689350587	2.0172940966612357e-05
982.067007124	0.07877363989532533	2.009444068377471e-05
983.276449251	0.07881902752306173	2.001614060184421e-05
984.485891378	0.07886433189404357	1.993804137268579e-05
985.6953335050001	0.07890955308347045	1.9860143631537056e-05
986.9047756320001	0.07895469116621011	1.9782447998344783e-05
988.1142177590001	0.07899974621703779	1.970495507848926e-05
989.3236598860001	0.07904471831086587	1.9627665462928452e-05
990.5331020130001	0.0790896075229734	1.9550579731955744e-05
991.7425441400001	0.0791344139292193	1.947369845538393e-05
992.951986267	0.07917913760625321	1.9397022194454547e-05
994.161428394	0.07922377863172075	1.9320551501509613e-05
995.370870521	0.07926833708445429	1.9244286922374905e-05
996.580312648	0.07931281304465602	1.9168228997681413e-05
997.7897547750001	0.07935720659407829	1.909237826451208e-05
998.9991969020001	0.07940151781618184	1.9016735254977235e-05
1000.2086390290001	0.07944574679629723	1.894130050169696e-05
1001.4180811560001	0.07948989362176773	1.8866074534174238e-05
1002.6275232830001	0.07953395838208657	1.8791057884540836e-05
1003.8369654100001	0.07957794116902003	1.8716251083447197e-05
1005.046407537	0.07962184207672271	1.8641654666271223e-05
1006.255849664	0.07966566120184015	1.8567269169655074e-05
1007.465291791	0.07970939864360474	1.8493095135224518e-05
1008.674733918	0.07975305450391569	1.8419133110539316e-05
1009.8841760450001	0.07979662888741137	1.834538364682116e-05
1011.0936181720001	0.07984012190153113	1.827184730381644e-05
1012.3030602990001	0.07988353365656523	1.8198524647836176e-05
1013.5125024260001	0.0799268642656958	1.8125416252602845e-05
1014.7219445530001	0.07997011384502453	1.80525227015401e-05
1015.9313866800001	0.08001328251359566	1.797984458733818e-05
1017.140828807	0.08005637039340309	1.790738251229964e-05
1018.350270934	0.08009937760939079	1.7835137088211847e-05
1019.559713061	0.08014230428944367	1.776310893960853e-05
1020.769155188	0.08018515056436899	1.769129870229352e-05
1021.9785973150001	0.08022791656786842	1.7619707022558984e-05
1023.1880394420001	0.08027060243650058	1.754833455889974e-05
1024.397481569	0.08031320830963731	1.74771819843065e-05
1025.606923696	0.08035573432940932	1.7406249981764925e-05
1026.816365823	0.08039818064064919	1.7335539250446128e-05
1028.0258079500002	0.08044054739081787	1.726505050054765e-05
1029.235250077	0.08048283472993517	1.7194784456720043e-05
1030.4446922040001	0.08052504281049436	1.7124741856688223e-05
1031.654134331	0.08056717178737764	1.7054923452309225e-05
1032.8635764580001	0.08060922181776188	1.6985330009985035e-05
1034.073018585	0.08065119306101877	1.6915962309117516e-05
1035.282460712	0.08069308567861429	1.6846821143388573e-05
1036.491902839	0.08073489983399748	1.6777907320424415e-05
1037.701344966	0.08077663569249123	1.6709221661736647e-05
1038.9107870930002	0.0808182934211747	1.6640765002759297e-05
1040.12022922	0.0808598731887665	1.6572538192786774e-05
1041.3296713470002	0.08090137516550135	1.650454209540515e-05
1042.539113474	0.08094279952300762	1.6436777586575526e-05
1043.7485556010001	0.08098414643418177	1.6369245557150055e-05
1044.957997728	0.08102541607306069	1.6301946909714693e-05
1046.167439855	0.08106660861469349	1.623488256113238e-05
1047.376881982	0.08110772423501313	1.6168053441596714e-05
1048.586324109	0.0811487631107067	1.6101460492321765e-05
1049.795766236	0.08118972541908821	1.6035104668161435e-05
1051.005208363	0.0812306113379661	1.596898693731727e-05
1052.2146504900002	0.08127142104552214	1.590310827814725e-05
1053.424092617	0.08131215472017939	1.5837469681042415e-05
1054.6335347440001	0.08135281254048099	1.5772072149150414e-05
1055.842976871	0.08139339468496558	1.5706916694697007e-05
1057.0524189980001	0.08143390133204943	1.564200434418182e-05
1058.261861125	0.08147433265990492	1.557733613236952e-05
1059.471303252	0.08151468884634822	1.5512913104124192e-05
1060.680745379	0.08155497006872788	1.5448736315874004e-05
1061.890187506	0.08159517650381373	1.5384806833208856e-05
1063.0996296330002	0.08163530832769474	1.532112573174633e-05
1064.30907176	0.08167536571567581	1.5257694095709746e-05
1065.5185138870002	0.08171534884218178	1.5194513018393323e-05
1066.727956014	0.08175525788066561	1.5131583602201163e-05
1067.9373981410001	0.08179509300351959	1.5068906957513903e-05
1069.146840268	0.08183485438198909	1.5006484202576434e-05
1070.356282395	0.08187454218609867	1.4944316465274428e-05
1071.565724522	0.0819141565845738	1.4882404878841997e-05
1072.775166649	0.08195369774477232	1.4820750584878048e-05
1073.9846087760002	0.08199316583262282	1.4759354731833773e-05
1075.194050903	0.08203256101256129	1.4698218474521796e-05
1076.4034930300002	0.08207188344748177	1.4637342975890487e-05
1077.612935157	0.08211113329868534	1.4576729403371086e-05
1078.8223772840001	0.08215031072583641	1.451637893194084e-05
1080.031819411	0.08218941588692559	1.4456292741506e-05
1081.2412615380001	0.0822284489382347	1.4396472018492142e-05
1082.450703665	0.08226741003431284	1.4336917953217226e-05
1083.660145792	0.08230629932794843	1.4277631742626704e-05
1084.869587919	0.08234511697015497	1.421861458852395e-05
1086.079030046	0.08238386311015806	1.4159867697767049e-05
1087.2884721730002	0.08242253789538558	1.4101392281093574e-05
1088.4979143	0.08246114147146738	1.4043189555251596e-05
1089.7073564270001	0.0824996739822366	1.3985260740158542e-05
1090.916798554	0.08253813556973345	1.3927607060299773e-05
1092.1262406810001	0.08257652637421958	1.3870229745162915e-05
1093.335682808	0.08261484653419104	1.3813130026554168e-05
1094.545124935	0.0826530961863982	1.3756309142460161e-05
1095.754567062	0.08269127546586892	1.3699768332290324e-05
1096.964009189	0.0827293845059359	1.3643508840643106e-05
1098.1734513160002	0.08276742343826719	1.3587531913746282e-05
1099.382893443	0.08280539239290166	1.3531838802995725e-05
1100.5923355700002	0.08284329149828545	1.3476430763384475e-05
1101.801777697	0.08288112088131228	1.342130905190591e-05
1103.0112198240001	0.08291888066736874	1.3366474928788383e-05
1104.220661951	0.08295657098037817	1.3311929656313868e-05
1105.430104078	0.08299419194285199	1.3257674500957239e-05
1106.639546205	0.08303174367593896	1.320371073212494e-05
1107.848988332	0.08306922629948003	1.3150039619876434e-05
1109.058430459	0.08310663993206087	1.3096662438081892e-05
1110.267872586	0.08314398469107045	1.304358046200188e-05
1111.4773147130002	0.08318126069275882	1.2990794969759701e-05
1112.68675684	0.08321846805229632	1.2938307240569058e-05
1113.8961989670001	0.08325560688383331	1.2886118555235963e-05
1115.105641094	0.08329267730056175	1.2834230197009559e-05
1116.3150832210001	0.08332967941477692	1.2782643449599362e-05
1117.524525348	0.08336661333793913	1.2731359597434956e-05
1118.733967475	0.08340347918073732	1.2680379926450642e-05
1119.943409602	0.08344027705314776	1.262970572188083e-05
1121.152851729	0.08347700706450102	1.2579338270099648e-05
1122.3622938560002	0.08351366932353992	1.252927885645446e-05
1123.571735983	0.08355026393848304	1.247952876646801e-05
1124.7811781100002	0.08358679101708436	1.2430089284234031e-05
1125.990620237	0.08362325066669021	1.2380961692790762e-05
1127.2000623640001	0.0836596429943035	1.2332147272585628e-05
1128.409504491	0.08369596810663535	1.2283647302958612e-05
1129.618946618	0.08373222611016337	1.2235463058969421e-05
1130.828388745	0.08376841711118635	1.2187595812953576e-05
1132.037830872	0.08380454121587684	1.2140046833240754e-05
1133.2472729990002	0.08384059853033159	1.209281738327204e-05
1134.456715126	0.08387658916062031	1.2045908721993486e-05
1135.6661572530002	0.08391251321283431	1.1999322101095763e-05
1136.87559938	0.08394837079313068	1.1953058766863053e-05
1138.0850415070001	0.08398416200777525	1.1907119956774516e-05
1139.294483634	0.08401988696318344	1.1861506900334125e-05
1140.5039257610001	0.08405554576595953	1.181622081781686e-05
1141.713367888	0.08409113852293033	1.1771262917961697e-05
1142.922810015	0.08412666534118199	1.1726634400801895e-05
1144.132252142	0.08416212632808881	1.1682336451955805e-05
1145.341694269	0.08419752159134387	1.1638370244678204e-05
1146.5511363960002	0.0842328512389819	1.1594736936369276e-05
1147.760578523	0.08426811537940734	1.1551437671379909e-05
1148.9700206500002	0.08430331412141169	1.1508473574580683e-05
1150.179462777	0.08433844757419472	1.14658457538322e-05
1151.3889049040001	0.0843735158473774	1.1423555297366846e-05
1152.598347031	0.08440851905101737	1.1381603271909819e-05
1153.807789158	0.0844434572956207	1.1339990722635047e-05
1155.017231285	0.08447833069214894	1.1298718670549221e-05
1156.226673412	0.08451313935202528	1.1257788111687455e-05
1157.4361155390002	0.08454788338713773	1.1217200014834215e-05
1158.645557666	0.08458256290984129	1.1176955320427628e-05
1159.8549997930002	0.08461717803295597	1.1137054938469476e-05
1161.06444192	0.08465172886976538	1.109749974684057e-05
1162.2738840470001	0.08468621553400832	1.1058290590867568e-05
1163.483326174	0.08472063813987339	1.1019428280387941e-05
1164.6927683010001	0.08475499680198866	1.0980913587602606e-05
1165.902210428	0.08478929163541153	1.09427472467196e-05
1167.111652555	0.08482352275561249	1.090492995032484e-05
1168.321094682	0.08485769027846365	1.0867462348723503e-05
1169.530536809	0.08489179432021891	1.0830345048749977e-05
1170.7399789360002	0.08492583499749617	1.0793578608123556e-05
1171.949421063	0.08495981242726065	1.0757163539722196e-05
1173.1588631900001	0.08499372672679971	1.0721100303732037e-05
1174.368305317	0.08502757801370187	1.0685389309935569e-05
1175.5777474440001	0.08506136640583632	1.065003091316159e-05
1176.787189571	0.08509509202132196	1.0615025413265951e-05
1177.996631698	0.08512875497850701	1.058037305160526e-05
1179.206073825	0.08516235539594184	1.0546074010615093e-05
1180.415515952	0.08519589339235104	1.0512128411130682e-05
1181.6249580790002	0.08522936908660547	1.0478536312296165e-05
1182.834400206	0.08526278259769463	1.0445297706941008e-05
1184.0438423330002	0.08529613404469763	1.0412412521498548e-05
1185.25328446	0.08532942354675688	1.0379880615630086e-05
1186.4627265870001	0.08536265122304285	1.0347701777989291e-05
1187.672168714	0.08539581719273254	1.0315875728154195e-05
1188.881610841	0.08542892157497499	1.0284402111534634e-05
1190.091052968	0.08546196448886305	1.0253280501456198e-05
1191.300495095	0.08549494605340724	1.0222510394597305e-05
1192.5099372220002	0.08552786638750454	1.019209121383434e-05
1193.719379349	0.08556072560990911	1.0162022303387028e-05
1194.9288214760002	0.0855935238392081	1.0132302930900556e-05
1196.138263603	0.0856262611937917	1.0102932285656973e-05
1197.3477057300001	0.08565893779182818	1.0073909476536248e-05
1198.557147857	0.08569155375123626	1.0045233534774485e-05
1199.7665899840001	0.08572410918966032	1.0016903410863518e-05
1200.976032111	0.08575660422444774	9.988917975314635e-06
1202.185474238	0.08578903897262381	9.96127601851251e-06
1203.394916365	0.08582141355086916	9.933976251638499e-06
1204.604358492	0.085853728075497	9.907017305486019e-06
1205.8138006190002	0.08588598266243666	9.88039773248338e-06
1207.023242746	0.08591817742720995	9.854116006289023e-06
1208.2326848730002	0.0859503124849129	9.828170523983968e-06
1209.442127	0.08598238795020156	9.802559605229565e-06
