0.0	0.0	0.0
1.209442127	1.1937460358049413e-06	1.9236876124204123e-09
2.418884254	4.76976043369436e-06	1.865695549260956e-09
3.6283263810000004	1.0701782729014168e-05	1.8788457059679156e-09
4.837768508	1.8949171317419304e-05	1.809986334375261e-09
6.047210635000001	2.9458910647008174e-05	1.77096669663132e-09
7.256652762000001	4.2164483903555496e-05	1.7732832523479126e-09
8.466094889	5.69891256937287e-05	1.5908751691327764e-09
9.675537016	7.3850119357253e-05	1.570226198933156e-09
10.884979143	9.265926815580715e-05	1.7248337234949452e-09
12.094421270000002	0.00011332671483006563	1.9655100163931772e-09
13.303863397	0.00013576393684274548	2.2427072840997324e-09
14.513305524000002	0.00015988696746773557	2.515224586664486e-09
15.722747651	0.00018561948715651696	2.795366982926893e-09
16.932189778	0.00021289588930602902	3.097050664653237e-09
18.141631905	0.00024166428550784392	3.418216585412459e-09
19.351074032	0.0002718892882206213	3.751169825148666e-09
20.560516159000002	0.0003035545405117703	4.0864950337693515e-09
21.769958286	0.00033666495008443205	4.415901424026226e-09
22.979400413	0.0003712485730506324	4.7409312353105806e-09
24.188842540000003	0.0004073581033252704	5.090111903098798e-09
25.398284667000002	0.0004450719399961745	5.557219478673192e-09
26.607726794	0.00048449477217163477	6.3452301162011525e-09
27.817168921	0.00052575759027182	7.668775144982342e-09
29.026611048000003	0.0005690172967643759	9.572180166089435e-09
30.236053175000002	0.0006144559661758737	1.2067167911993e-08
31.445495302	0.0006622795648720987	1.5228207231798314e-08
32.654937429	0.0007127162143848113	1.9165579335871492e-08
33.864379556	0.0007660139962385813	2.3982012232700868e-08
35.073821683000006	0.0008224383566978854	2.9733956750041914e-08
36.28326381	0.0008822691687894091	3.640799281384579e-08
37.492705937000004	0.0009457974936825485	4.391193499520294e-08
38.702148064	0.001013322107453842	5.207693110623462e-08
39.911590191	0.0010851458518055196	6.066375947004287e-08
41.121032318000005	0.0011615718399371525	6.939528364032773e-08
42.330474445	0.0012428995210793745	7.80503577720476e-08
43.539916572	0.0013294205624358984	8.659501562155512e-08
44.749358699000005	0.0014214145775882086	9.525831229794004e-08
45.958800826	0.0015191449211746347	1.0445033131320344e-07
47.168242953000004	0.0016228548139700428	1.1453695001268207e-07
48.377685080000006	0.0017327638484069912	1.2566134385432453e-07
49.587127207	0.0018490647276281095	1.3775095950422139e-07
50.796569334000004	0.001971920141016947	1.5066728345782684e-07
52.00601146100001	0.0021014597905339074	1.6439514676649582e-07
53.215453588	0.0022377776757339886	1.792153317352909e-07
54.424895715000005	0.002380929867245937	1.9578198805332844e-07
55.634337842	0.0025309328766849257	2.1499079954490586e-07
56.843779969	0.002687762456061653	2.3772663442176642e-07
58.053222096000006	0.0028513527064077822	2.647091095023615e-07
59.262664223	0.0030215955418582954	2.964843801160901e-07
60.472106350000004	0.003198340575343814	3.334780560248869e-07
61.68154847700001	0.0033813954458519467	3.7604680361935735e-07
62.890990604	0.0035705265781765566	4.2451576650442415e-07
64.100432731	0.0037654603551618444	4.792084387200948e-07
65.309874858	0.00396588467861844	5.404769109277961e-07
66.519316985	0.004171450894841191	6.087370657852437e-07
67.728759112	0.0043817760622848305	6.845088540529428e-07
68.93820123900001	0.004596445540347314	7.684551324015029e-07
70.14764336600001	0.004815015877592836	8.61402812075066e-07
71.357085493	0.005037017973046414	9.643214680937883e-07
72.56652762	0.005261960475703138	1.0782361493419655e-06
73.775969747	0.0054893333819628146	1.2040685474906764e-06
74.98541187400001	0.005718611795187434	1.3424307031469161e-06
76.19485400100001	0.005949259816643633	1.4934217725917465e-06
77.404296128	0.006180734534331191	1.6564718555948691e-06
78.613738255	0.006412490077532406	1.8302578217652782e-06
79.823180382	0.006643981684218543	2.0127247162352944e-06
81.032622509	0.00687466968637866	2.201226875056284e-06
82.24206463600001	0.007104023323318652	2.3927431045104077e-06
83.45150676300001	0.007331524336852922	2.5840925622662875e-06
84.66094889	0.007556670351606464	2.772128942890815e-06
85.870391017	0.007778978075338541	2.95395225871173e-06
87.079833144	0.007997986297680807	3.1271668290172983e-06
88.28927527100001	0.008213258578256043	3.2902282897860575e-06
89.49871739800001	0.008424385485731578	3.442956240198783e-06
90.708159525	0.008630986261892586	3.5872422749127483e-06
91.917601652	0.008832709837091755	3.727824706888009e-06
93.127043779	0.009029235215510233	3.872748267740921e-06
94.33648590600001	0.009220271402573347	4.032960228161045e-06
95.54592803300001	0.009405557322963724	4.220732742196775e-06
96.75537016000001	0.00958486241580431	4.447255906827412e-06
97.964812287	0.00975798834513449	4.7202962994298884e-06
99.174254414	0.00992477147677215	5.0428087345399445e-06
100.383696541	0.01008508514317475	5.412915398399459e-06
101.59313866800001	0.010238840852333514	5.825053765718434e-06
102.80258079500001	0.010385988274658831	6.271647281288057e-06
104.01202292200001	0.010526514417363792	6.744583383428484e-06
105.221465049	0.010660442516069983	7.236094673761923e-06
106.430907176	0.010787830920733207	7.7391107939747e-06
107.64034930300001	0.01090877191743599	8.247441982125196e-06
108.84979143000001	0.01102339026331295	8.7560886893665e-06
110.05923355700001	0.011131841276478654	9.261688856998548e-06
111.268675684	0.011234308495883716	9.762898734884671e-06
112.478117811	0.011331001064765155	1.0260492738819319e-05
113.687559938	0.011422151043862825	1.0757095411923348e-05
114.89700206500001	0.011508010854342712	1.125659273979707e-05
116.10644419200001	0.011588851018885725	1.1763349154105477e-05
117.31588631900001	0.011664958309214199	1.2281395276218151e-05
118.525328446	0.011736634298395877	1.2813763575974428e-05
119.734770573	0.011804194173523611	1.3362110203964242e-05
120.94421270000001	0.011867965572505685	1.3926664653393568e-05
122.15365482700001	0.011928287242352297	1.4506445189436271e-05
123.36309695400001	0.011985507439847444	1.5099622296781226e-05
124.572539081	0.01203998211023789	1.5703914760491664e-05
125.781981208	0.012092072934481848	1.6316939565778106e-05
126.99142333500001	0.01214214533993284	1.6936478655293537e-05
128.200865462	0.012190566549408564	1.7560655588597774e-05
129.410307589	0.012237703718587234	1.818803066170419e-05
130.619749716	0.012283922190450698	1.8817629042606544e-05
131.82919184300002	0.01232958388013068	1.9448918100597213e-05
133.03863397	0.012375045793489371	2.008174971528418e-05
134.24807609700002	0.012420658677032573	2.0716281881724318e-05
135.457518224	0.012466765794140439	2.135289213088e-05
136.666960351	0.012513701821595355	2.1992093860028818e-05
137.87640247800002	0.012561791859302633	2.2634465139858332e-05
139.085844605	0.012611350542847283	2.328059613728232e-05
140.29528673200002	0.012662681241744595	2.393105421203705e-05
141.504728859	0.012716075320214517	2.4586357550773014e-05
142.714170986	0.012771811443485616	2.5246947146021513e-05
143.92361311300002	0.012830154934449254	2.5913156581234995e-05
145.13305524	0.012891357205011954	2.6585189067264852e-05
146.34249736700002	0.012955655284634866	2.726311043238018e-05
147.551939494	0.013023271450811969	2.7946858605720196e-05
148.761381621	0.013094412951076077	2.863626391020343e-05
149.97082374800002	0.013169271801310618	2.933107318019882e-05
151.180265875	0.013248024646716447	3.0030972197127604e-05
152.38970800200002	0.013330832674495424	3.073560299855751e-05
153.599150129	0.013417841569408702	3.1444574472394696e-05
154.808592256	0.013509181505346133	3.21574661326869e-05
156.018034383	0.013604967168722027	3.287382606359649e-05
157.22747651	0.013705297813020498	3.3593164735626184e-05
158.43691863700002	0.013810257347535958	3.4314946815127254e-05
159.646360764	0.013919914466261271	3.503858335375544e-05
160.85580289100002	0.014034322824034122	3.5763426910977655e-05
162.065245018	0.014153521266017335	3.648877219565383e-05
163.274687145	0.01427753411348839	3.721386453956211e-05
164.48412927200002	0.01440637150434107	3.793791770558755e-05
165.693571399	0.014540029781424218	3.8660140902812956e-05
166.90301352600002	0.014678491916807928	3.937977227546663e-05
168.112455653	0.014821727956492297	4.009611307771297e-05
169.32189778	0.014969695469462405	4.0808554539451596e-05
170.53133990700002	0.015122339988502098	4.1516589612225465e-05
171.740782034	0.01527959543748705	4.22198048701217e-05
172.95022416100002	0.01544138454864596	4.291785276859306e-05
174.159666288	0.015607619280073442	4.361040923204058e-05
175.369108415	0.01577820124589901	4.429712443915393e-05
176.57855054200002	0.01595302216867056	4.497757524733915e-05
177.787992669	0.01613196435755067	4.5651226581678035e-05
178.99743479600002	0.016314901209540718	4.63174072705001e-05
180.206876923	0.01650169772622995	4.697530364557831e-05
181.41631905	0.016692211036546282	4.762397149194443e-05
182.62576117700002	0.016886290916815306	4.826236338933853e-05
183.835203304	0.01708378030251644	4.888936497350248e-05
185.04464543100002	0.017284515790209017	4.950383186698771e-05
186.254087558	0.017488328131769464	5.010462037794443e-05
187.46352968500003	0.01769504272543368	5.069060886987737e-05
188.67297181200001	0.017904480108156026	5.126070993842934e-05
189.882413939	0.018116456449635703	5.1813873143285796e-05
191.09185606600002	0.018330784042982162	5.2349077407297535e-05
192.301298193	0.018547271791856834	5.2865319035639706e-05
193.51074032000002	0.018765725706167795	5.336160826491709e-05
194.720182447	0.018985949414144603	5.383697816149256e-05
195.929624574	0.019207744679563606	5.429049401561628e-05
197.13906670100002	0.019430911908376303	5.472125268163315e-05
198.348508828	0.01965525064277886	5.512837609162084e-05
199.55795095500002	0.019880560050319875	5.551100925691556e-05
200.767393082	0.020106639413185714	5.586832643479646e-05
201.976835209	0.020333288617175156	5.6199541892851705e-05
203.18627733600002	0.020560308637215682	5.6503920489159204e-05
204.395719463	0.020787502016487304	5.678078571406601e-05
205.60516159000002	0.021014673337247387	5.702952515225615e-05
206.814603717	0.021241629682101068	5.724959434201657e-05
208.02404584400003	0.02146818108475912	5.744052007122193e-05
209.23348797100002	0.021694140969505813	5.760190388473304e-05
210.442930098	0.02191932657870012	5.7733426295897546e-05
211.65237222500002	0.022143559387582612	5.783485198046863e-05
212.861814352	0.022366665505522892	5.790603604298988e-05
214.07125647900003	0.02258847606272884	5.7946931288328406e-05
215.28069860600002	0.022808827581418514	5.795759627668838e-05
216.490140733	0.023027562330523447	5.793820378138889e-05
217.69958286000002	0.023244528663051486	5.7889049096887235e-05
218.909024987	0.02345958133528974	5.7810557470720685e-05
220.11846711400003	0.023672581806972303	5.770328982190928e-05
221.32790924100001	0.023883398521411938	5.756794589012486e-05
222.537351368	0.02409190716437979	5.7405364096820676e-05
223.74679349500002	0.024297990900275422	5.7216517640618225e-05
224.956235622	0.024501540583912386	5.700250668298364e-05
226.16567774900003	0.024702454946166963	5.676454686115387e-05
227.375119876	0.024900640751888515	5.6503954790933854e-05
228.584562003	0.025096012928903018	5.6222131655793e-05
229.79400413000002	0.025288494667624933	5.592054630513595e-05
231.003446257	0.0254780174916881	5.560071921295839e-05
232.21288838400002	0.025664521301024822	5.526420812167689e-05
233.422330511	0.02584795438968533	5.491259559071365e-05
234.63177263800003	0.026028273440754993	5.454747840319168e-05
235.84121476500002	0.026205443499941732	5.4170458572197486e-05
237.050656892	0.026379437928487744	5.378313530292452e-05
238.26009901900002	0.026550238335561395	5.338709715013128e-05
239.469541146	0.026717834490101774	5.2983913988116234e-05
240.67898327300003	0.026882224212046262	5.2575128861452525e-05
241.88842540000002	0.027043413242905198	5.216224998403996e-05
243.097867527	0.02720141509578452	5.174674306775032e-05
244.30730965400002	0.027356250885180535	5.133002398524166e-05
245.516751781	0.027507949137125266	5.091345164175479e-05
246.72619390800003	0.027656545580510394	5.049832090685727e-05
247.93563603500002	0.0278020829206129	5.008585552802865e-05
249.145078162	0.02794461059596941	4.9677201057821344e-05
250.35452028900002	0.028084184519789224	4.927341792488193e-05
251.563962416	0.028220866807083293	4.887547487441342e-05
252.77340454300003	0.028354725488644768	4.848424305178635e-05
253.98284667000001	0.028485834212984333	4.8100491030937675e-05
255.192288797	0.02861427193733341	4.772488107630426e-05
256.401730924	0.02874012260884427	4.735796687459265e-05
257.61117305100004	0.028863474837140524	4.7000192907004814e-05
258.820615178	0.028984421559366327	4.665189555246278e-05
260.030057305	0.029103059698831934	4.631330592891055e-05
261.239499432	0.0292194898183146	4.59845543884644e-05
262.448941559	0.029333815769059073	4.566567642188497e-05
263.65838368600004	0.02944614433656109	4.535661952912146e-05
264.867825813	0.029556584884296886	4.505725048876021e-05
266.07726794	0.029665248996622366	4.476736259067948e-05
267.286710067	0.02977225012203249	4.448668278057669e-05
268.49615219400005	0.0298777032178662	4.4214879041966015e-05
269.70559432100004	0.02998172439741159	4.395156844385673e-05
270.915036448	0.030084430580372315	4.369632614300016e-05
272.124478575	0.030185939147715366	4.344869541057839e-05
273.333920702	0.03028636760197834	4.320819847256487e-05
274.54336282900005	0.030385833234085512	4.297434755371188e-05
275.75280495600003	0.03048445279758289	4.274665499007931e-05
276.962247083	0.030582342191015858	4.252464090136042e-05
278.17168921	0.03067961614897247	4.230783707841124e-05
279.381131337	0.030776387942246818	4.209578674721733e-05
280.59057346400004	0.030872769087673	4.188804139285342e-05
281.80001559100003	0.03096886906839919	4.168415701202008e-05
283.009457718	0.031064795065566284	4.1483692146369965e-05
284.218899845	0.031160651702363804	4.1286208880930325e-05
285.428341972	0.03125654080126519	4.1091276506400936e-05
286.63778409900004	0.03135256115499058	4.089847665016741e-05
287.84722622600003	0.031448808311550315	4.070740859829149e-05
289.056668353	0.03154537437361049	4.051769395445574e-05
290.26611048	0.03164234781238017	4.032898028516688e-05
291.475552607	0.03173981329622343	4.0140943756901064e-05
292.68499473400004	0.03183785153419243	3.995329093835682e-05
293.89443686100003	0.03193653913465378	3.9765759972256956e-05
295.103878988	0.03203594847914908	3.957812129540507e-05
296.313321115	0.03213614761157374	3.939017803372302e-05
297.522763242	0.032237200142699186	3.9201766145614045e-05
298.73220536900004	0.03233916517000858	3.901275435222504e-05
299.94164749600003	0.03244209721274848	3.882304385328726e-05
301.151089623	0.03254604616204765	3.863256782038537e-05
302.36053175	0.032651057245900096	3.844129064121158e-05
303.569973877	0.03275717100876302	3.8249206893300776e-05
304.77941600400004	0.032864423305472484	3.8056340022300744e-05
305.98885813100003	0.03297284530914497	3.786274071675344e-05
307.198300258	0.0330824635326862	3.7668484967113335e-05
308.407742385	0.03319329986349959	3.7473671816505305e-05
309.617184512	0.033305371610944844	3.727842081282128e-05
310.82662663900004	0.03341869156607665	3.708286918308316e-05
312.036068766	0.03353326807315427	3.688716876045837e-05
313.245510893	0.03364910511239979	3.669148270258068e-05
314.45495302	0.03376620239345039	3.649598204435517e-05
315.664395147	0.033884555458944345	3.6300842139311134e-05
316.87383727400004	0.034004155797657795	3.610623904873041e-05
318.083279401	0.03412499096660493	3.59123459368489e-05
319.292721528	0.03424704472150475	3.5719329542354954e-05
320.502163655	0.03437029715501487	3.552734678733647e-05
321.71160578200005	0.03449472484212887	3.533654159078803e-05
322.92104790900004	0.03462030099213831	3.514704194956441e-05
324.130490036	0.03474699560655668	3.495895734149354e-05
325.339932163	0.03487477564241749	3.477237651158078e-05
326.54937429	0.03500360518036362	3.4587365681064666e-05
327.75881641700005	0.03513344559696808	3.4403967230715086e-05
328.96825854400004	0.03526425574075897	3.4222198886447986e-05
330.177700671	0.0353959921114576	3.404205343365951e-05
331.387142798	0.035528609041955775	3.3863498960917496e-05
332.596584925	0.03566205888255222	3.368647960900139e-05
333.80602705200005	0.03579629218687576	3.351091677560901e-05
335.01546917900004	0.03593125789881576	3.333671071401361e-05
336.224911306	0.03606690353970484	3.3163742488858835e-05
337.434353433	0.03620317539504439	3.2991876287796655e-05
338.64379556	0.03634001870022405	3.2820962119489365e-05
339.85323768700005	0.036477377824840486	3.265083890793055e-05
341.06267981400003	0.03661519645527842	3.2481337940509e-05
342.272121941	0.03675341777518001	3.2312286569231295e-05
343.481564068	0.0368919846433532	3.2143512043467286e-05
344.691006195	0.03703083976863247	3.1974845366008724e-05
345.90044832200005	0.03716992588120682	3.1806125091526994e-05
347.10989044900003	0.037309185899962335	3.163720101078589e-05
348.319332576	0.03744856309543748	3.146793767818664e-05
349.528774703	0.037588001248011094	3.129821772913125e-05
350.73821683	0.037727444800965834	3.1127944927859715e-05
351.94765895700004	0.03786683900806396	3.095704689133274e-05
353.15710108400003	0.03800613007529096	3.078547744052362e-05
354.366543211	0.038145265296434853	3.0613218548443055e-05
355.575985338	0.038284193182205765	3.0440281863141066e-05
356.785427465	0.03842286358262886	3.026670978529185e-05
357.99486959200004	0.038561227802473605	3.0092576089021795e-05
359.20431171900003	0.03869923870951155	2.9917986077176074e-05
360.413753846	0.03883685083541682	2.9743076262805793e-05
361.623195973	0.03897402046914373	2.9568013576991977e-05
362.8326381	0.039110705742640826	2.939299411903386e-05
364.04208022700004	0.039246866708780644	2.92182414745512e-05
365.25152235400003	0.03938246541142765	2.9044004647389893e-05
366.460964481	0.039517465947606065	2.8870555656614372e-05
367.670406608	0.039651834521775405	2.8698186849531753e-05
368.87984873500005	0.03978553949223864	2.852720797687846e-05
370.08929086200004	0.039918551409747254	2.8357943071857216e-05
371.29873298900003	0.04005084304837254	2.8190727171993497e-05
372.508175116	0.04018238942874711	2.802590292910469e-05
373.717617243	0.04031316783379421	2.7863817153014617e-05
374.92705937000005	0.040443157817094205	2.770481733293137e-05
376.13650149700004	0.04057234120405887	2.754924818604674e-05
377.34594362400003	0.04070070208610536	2.7397448274867085e-05
378.555385751	0.04082822680804737	2.7249746735967304e-05
379.764827878	0.04095490394893341	2.7106460160102352e-05
380.97427000500005	0.041080724296583174	2.696788965523528e-05
382.18371213200004	0.041205680816089205	2.683431812737342e-05
383.393154259	0.041329768612556286	2.6706007803888796e-05
384.602596386	0.04145298488837599	2.6583198019253135e-05
385.812038513	0.04157532889532668	2.646610328544303e-05
387.02148064000005	0.04169680188181282	2.6354911655782524e-05
388.23092276700004	0.04181740703555125	2.6249783390364574e-05
389.440364894	0.041937149422023784	2.6150849927904446e-05
390.649807021	0.042056035919016736	2.6058213159832064e-05
391.859249148	0.04217407514756412	2.597194500396033e-05
393.06869127500005	0.0422912773996222	2.5892087266238857e-05
394.27813340200004	0.04240765456278914	2.581865177939581e-05
395.487575529	0.04252322004239031	2.5751620803486134e-05
396.697017656	0.04263798868124531	2.569094767336493e-05
397.906459783	0.042751976677426855	2.5636557673791193e-05
399.11590191000005	0.04286520150031786	2.5588349126957182e-05
400.32534403700004	0.042977681805272915	2.554619466883093e-05
401.534786164	0.04308943734717147	2.550994269378493e-05
402.744228291	0.043200488893155184	2.5479418937781328e-05
403.953670418	0.043310858134826706	2.5454428170970332e-05
405.16311254500005	0.043420567600181224	2.5434755978431067e-05
406.37255467200004	0.04352964056553142	2.5420170597797503e-05
407.581996799	0.043638100967678395	2.5410424801054825e-05
408.791438926	0.043745973316572796	2.5405257800772332e-05
410.000881053	0.043853282608695025	2.5404397172299765e-05
411.21032318000005	0.04396005424138057	2.5407560774129348e-05
412.41976530700003	0.04406631392830297	2.5414458655508122e-05
413.629207434	0.04417208761631607	2.5424794935452394e-05
414.838649561	0.044277401403853923	2.5438269640347037e-05
416.04809168800006	0.044382281461071406	2.545458049014222e-05
417.25753381500004	0.04448675395190244	2.5473424619238274e-05
418.46697594200003	0.0445908449581986	2.549450022617915e-05
419.676418069	0.04469458040611274	2.551750814279543e-05
420.885860196	0.04479798599486337	2.554215331702122e-05
422.09530232300006	0.044901087128026804	2.5568146206186223e-05
423.30474445000004	0.04500390884747851	2.559520407331321e-05
424.51418657700003	0.045106475770100435	2.5623052191365384e-05
425.723628704	0.04520881202736492	2.5651424942736536e-05
426.933070831	0.04531094120788483	2.5680066826530344e-05
428.14251295800005	0.045412886303020615	2.5708733362133816e-05
429.35195508500004	0.045514669655615916	2.5737191892278036e-05
430.56139721200003	0.04561631291192958	2.5765222290536972e-05
431.770839339	0.0457178369768182	2.5792617566435168e-05
432.980281466	0.04581926197221653	2.581918437630476e-05
434.18972359300005	0.04592060719895113	2.584474343482898e-05
435.39916572000004	0.0460218911019121	2.586912983711635e-05
436.60860784700003	0.04612313123860222	2.5892193288614188e-05
437.818049974	0.04622434425106669	2.5913798247003607e-05
439.027492101	0.0463255458412028	2.5933823981023878e-05
440.23693422800005	0.04642675074943735	2.5952164546218215e-05
441.44637635500004	0.04652797273674616	2.5968728685843788e-05
442.65581848200003	0.0466292245699918	2.5983439655440335e-05
443.865260609	0.046730518010535294	2.5996234977350413e-05
445.074702736	0.04683186380607683	2.6007066130615158e-05
446.28414486300005	0.04693327168566694	2.6015898176740825e-05
447.49358699000004	0.047034750357830626	2.6022709327253058e-05
448.703029117	0.047136307511727815	2.6027490459645777e-05
449.912471244	0.04723794982127376	2.603024458157836e-05
451.121913371	0.0473396829521395	2.6030986250292815e-05
452.33135549800005	0.047441511571533895	2.6029740954255486e-05
453.54079762500004	0.047543439360675926	2.602654445721503e-05
454.750239752	0.04764546902985475	2.602144211194729e-05
455.959681879	0.047747602335965686	2.6014488150998965e-05
457.169124006	0.04784984010241693	2.6005744952893795e-05
458.37856613300005	0.0479521822412831	2.5995282295984082e-05
459.58800826000004	0.048054627777592306	2.5983176600865464e-05
460.797450387	0.0481571748756183	2.5969510166458552e-05
462.006892514	0.04825982086705509	2.5954370406746527e-05
463.216334641	0.04836256228094046	2.5937849089222593e-05
464.42577676800005	0.04846539487520463	2.5920041585107915e-05
465.63521889500004	0.04856831366970452	2.590104612790405e-05
466.844661022	0.04867131298061413	2.58809630937079e-05
468.054103149	0.04877438645603442	2.5859894298533652e-05
469.26354527600006	0.04887752711269348	2.5837942321600372e-05
470.47298740300005	0.04898072737359271	2.581520985701152e-05
471.68242953000004	0.04908397910647496	2.5791799094030493e-05
472.891871657	0.04918727366297558	2.5767811133108603e-05
474.101313784	0.049290601918328306	2.5743345436332598e-05
475.31075591100006	0.049393954311490795	2.5718499314771885e-05
476.52019803800005	0.04949732088556588	2.5693367458796927e-05
477.72964016500003	0.0496006913283904	2.5668041508134815e-05
478.939082292	0.04970405501317083	2.5642609664508245e-05
480.148524419	0.049807401039040744	2.56171563513402e-05
481.35796654600006	0.049910718271425375	2.5591761915678775e-05
482.56740867300005	0.050013995382100475	2.5566502377707982e-05
483.77685080000003	0.0501172208888345	2.5541449225000153e-05
484.986292927	0.05022038319450505	2.551666925066841e-05
486.195735054	0.05032347062559137	2.5492224434558187e-05
487.40517718100006	0.050426471469944445	2.546817186608595e-05
488.61461930800004	0.050529374013739296	2.5444563706002523e-05
489.82406143500003	0.05063216657752327	2.5421447185168316e-05
491.033503562	0.05073483755127713	2.5398864637129316e-05
492.242945689	0.050837375428407314	2.5376853563582088e-05
493.45238781600005	0.05093976883859852	2.5355446728511005e-05
494.66182994300004	0.051042006579457254	2.5334672279766387e-05
495.87127207000003	0.0511440776468823	2.5314553894352214e-05
497.080714197	0.051245971264105246	2.529511094499173e-05
498.290156324	0.0513476769093455	2.527635868544486e-05
499.49959845100005	0.05144918434203716	2.5258308454060306e-05
500.70904057800004	0.05155048362757823	2.5240967885923446e-05
501.91848270500003	0.0516515651605726	2.5224341139016888e-05
503.127924832	0.05175241968652859	2.5208429129284167e-05
504.337366959	0.05185303832198797	2.5193229765676755e-05
505.54680908600005	0.05195341257306593	2.5178738192488356e-05
506.75625121300004	0.052053534352384766	2.516494703090925e-05
507.96569334000003	0.05215339599438848	2.5151846615402563e-05
509.175135467	0.052252990269036355	2.513942522936813e-05
510.384577594	0.052352310393868756	2.512766933260616e-05
511.59401972100005	0.05245135004445312	2.5116563779953553e-05
512.803461848	0.05255010336321627	2.5106092031704306e-05
514.0129039750001	0.05264856496667406	2.5096236349976325e-05
515.2223461020001	0.05274672995107709	2.5086977985321138e-05
516.4317882290001	0.052844593896494665	2.5078297348485128e-05
517.641230356	0.05294215286935636	2.5070174166946187e-05
518.850672483	0.0530394034234893	2.506258762665129e-05
520.06011461	0.05313634259967407	2.5055516499874567e-05
521.269556737	0.053232967923761636	2.5048939255776892e-05
522.478998864	0.05332927740338907	2.5042834155493802e-05
523.688440991	0.05342526952333682	2.5037179331716538e-05
524.897883118	0.05352094323957124	2.5031952855096114e-05
526.1073252450001	0.05361629797202482	2.5027132784332875e-05
527.3167673720001	0.053711333596160815	2.502269720298966e-05
528.5262094990001	0.053806050433380576	2.5018624243804004e-05
529.735651626	0.05390044924032215	2.5014892101278925e-05
530.945093753	0.05399453119711524	2.5011479034030967e-05
532.15453588	0.05408829789464667	2.5008363354171555e-05
533.363978007	0.054181751320897184	2.5005523414850526e-05
534.573420134	0.054274893846417024	2.5002937584034335e-05
535.782862261	0.05436772820899618	2.500058421813291e-05
536.9923043880001	0.054460257497598266	2.4998441626395972e-05
538.2017465150001	0.05455248513562284	2.4996488037067504e-05
539.4111886420001	0.0546444148635574	2.499470155749958e-05
540.6206307690001	0.05473605072109085	2.499306013802887e-05
541.830072896	0.05482739702874788	2.4991541531648437e-05
543.039515023	0.05491845836911515	2.4990123261671418e-05
544.24895715	0.05500923956772226	2.4988782586829303e-05
545.458399277	0.055099745673640496	2.4987496473011197e-05
546.667841404	0.05518998193987056	2.498624157030269e-05
547.877283531	0.05527995380357343	2.498499419387406e-05
549.0867256580001	0.055369666866213335	2.498373031178314e-05
550.2961677850001	0.055459126873676025	2.4982425539658167e-05
551.5056099120001	0.055548339696413984	2.498105514306112e-05
552.715052039	0.055637311309686056	2.4979594045070807e-05
553.924494166	0.055726047773942876	2.497801684293035e-05
555.133936293	0.05581455521541935	2.497629783107809e-05
556.34337842	0.05590283980697871	2.497441103273335e-05
557.552820547	0.0559909077492705	2.4972330237215294e-05
558.762262674	0.05607876525224497	2.4970029043976086e-05
559.971704801	0.056166418517071756	2.496748091371167e-05
561.1811469280001	0.05625387371850926	2.4964659224919936e-05
562.3905890550001	0.05634113698777024	2.4961537334909207e-05
563.6000311820001	0.05642821439591808	2.4958088645796935e-05
564.809473309	0.05651511193783366	2.4954286673625317e-05
566.018915436	0.05660183551679018	2.4950105120819574e-05
567.228357563	0.05668839092966557	2.4945517950818668e-05
568.43779969	0.05677478385282255	2.494049946173961e-05
569.647241817	0.0568610198286838	2.4935024363351205e-05
570.856683944	0.05694710425302848	2.4929067851578744e-05
572.066126071	0.05703304236302841	2.492260568154385e-05
573.2755681980001	0.057118839226041995	2.4915614239368598e-05
574.4850103250001	0.05720449972918686	2.4908070609913227e-05
575.6944524520001	0.057290028569702015	2.489995264211184e-05
576.903894579	0.05737543024610554	2.489123900976698e-05
578.113336706	0.0574607090501631	2.4881909266154145e-05
579.322778833	0.05754586905966981	2.4871943894970166e-05
580.53222096	0.0576309141320434	2.4861324355846382e-05
581.741663087	0.05771584789873643	2.4850033122004252e-05
582.951105214	0.05780067376045786	2.483805371397748e-05
584.160547341	0.05788539488320664	2.4825370723930518e-05
585.3699894680001	0.05797001419510095	2.4811969836208396e-05
586.5794315950001	0.05805453438400332	2.4797837839973252e-05
587.7888737220001	0.05813895789591985	2.4782962634310515e-05
588.998315849	0.05822328693416889	2.4767333229313302e-05
590.207757976	0.058307523459298655	2.4750939740092487e-05
591.417200103	0.05839166918973368	2.4733773372800897e-05
592.62664223	0.05847572560313888	2.4715826407353983e-05
593.836084357	0.05855969393846861	2.469709217503377e-05
595.045526484	0.058643575198688534	2.467756502935122e-05
596.2549686110001	0.05872737015413832	2.4657240313960305e-05
597.4644107380001	0.05881107934651591	2.463611432664896e-05
598.6738528650001	0.058894703093449345	2.4614184279755587e-05
599.8832949920001	0.05897824149363397	2.459144825817516e-05
601.092737119	0.059061694432503455	2.4567905173704163e-05
602.302179246	0.05914506158840571	2.4543554719891327e-05
603.511621373	0.059228342439249265	2.4518397324300097e-05
604.7210635	0.05931153626959522	2.449243410053877e-05
605.930505627	0.05939464217815647	2.4465666800311398e-05
607.139947754	0.05947765908567652	2.4438097765922167e-05
608.3493898810001	0.05956058574314993	2.440972988376345e-05
609.5588320080001	0.05964342074035869	2.438056653936095e-05
610.7682741350001	0.059726162514682664	2.4350611572940438e-05
611.9777162620001	0.0598088093601576	2.431986923895459e-05
613.187158389	0.059891359436745235	2.4288344167759432e-05
614.396600516	0.0599738107797842	2.4256041328448553e-05
615.606042643	0.06005616130958187	2.422296599614711e-05
616.81548477	0.06013840884112931	2.418912372202387e-05
618.024926897	0.06022055109389141	2.4154520307292324e-05
619.234369024	0.06030258570165151	2.4119161778906387e-05
620.4438111510001	0.06038451022237741	2.408305437083593e-05
621.6532532780001	0.06046632214807528	2.404620450714772e-05
622.8626954050001	0.06054801891460863	2.4008618788949382e-05
624.072137532	0.06062959791144741	2.3970303983962662e-05
625.281579659	0.060711056491323655	2.393126702164756e-05
626.491021786	0.060792391979767574	2.389151498811702e-05
627.700463913	0.06087360168449373	2.3851055125282535e-05
628.90990604	0.060954682904622706	2.3809894834082807e-05
630.119348167	0.06103563293969965	2.3768041677112594e-05
631.328790294	0.06111644909850386	2.3725503385321027e-05
632.5382324210001	0.061197128707619	2.368228786502296e-05
633.7476745480001	0.061277669119742126	2.363840320847976e-05
634.9571166750001	0.06135806772172299	2.359385770422941e-05
636.166558802	0.06143832194230544	2.3548659847750006e-05
637.376000929	0.061518429259561046	2.350281835368036e-05
638.585443056	0.061598387207998616	2.3456342167894753e-05
639.794885183	0.06167819338533846	2.340924047974174e-05
641.00432731	0.06175784545893378	2.336152273456569e-05
642.213769437	0.061837341171834447	2.3313198644012506e-05
643.4232115640001	0.06191667834847852	2.3264278196103953e-05
644.6326536910001	0.06199585490001044	2.3214771665189147e-05
645.8420958180001	0.06207486882920915	2.3164689620311072e-05
647.0515379450001	0.06215371823503174	2.3114042931421038e-05
648.260980072	0.06223240131675873	2.306284277278688e-05
649.470422199	0.06231091637774458	2.301110062866794e-05
650.679864326	0.06238926182876743	2.295882829218678e-05
651.889306453	0.062467436190982197	2.2906037866592556e-05
653.09874858	0.06254543809847134	2.2852741759814403e-05
654.308190707	0.06262326630040312	2.2798952682025398e-05
655.5176328340001	0.06270091966279324	2.274468363687606e-05
656.7270749610001	0.06277839716987793	2.268994791265773e-05
657.9365170880001	0.0628556979251016	2.263475907100736e-05
659.1459592150001	0.06293282115172832	2.2579130934219642e-05
660.355401342	0.06300976619308038	2.2523077568812025e-05
661.564843469	0.06308653251241554	2.246661326909932e-05
662.774285596	0.06316311969244906	2.2409752537970986e-05
663.983727723	0.06323952743453161	2.2352510067737158e-05
665.19316985	0.06331575555749387	2.2294900715422583e-05
666.402611977	0.06339180399616924	2.2236939482337952e-05
667.6120541040001	0.06346767279960731	2.2178641487889595e-05
668.8214962310001	0.06354336212898828	2.2120021944168177e-05
670.0309383580001	0.0636188722552543	2.2061096131199288e-05
671.2403804850001	0.06369420355646783	2.200187936764315e-05
672.449822612	0.06376935651491968	2.1942386985919876e-05
673.659264739	0.06384433171398893	2.1882634301817124e-05
674.868706866	0.0639191298347819	2.1822636588850507e-05
676.078148993	0.063993751652556	2.1762409050275967e-05
677.28759112	0.0640681980329525	2.1701966790629894e-05
678.497033247	0.06414246992804509	2.164132478835478e-05
679.7064753740001	0.06421656837223015	2.1580497870613216e-05
680.9159175010001	0.06429049447796456	2.151950068619013e-05
682.1253596280001	0.06436424943137646	2.1458347680379445e-05
683.3348017550001	0.06443783448775982	2.139705307224508e-05
684.544243882	0.06451125096696954	2.133563082937693e-05
685.753686009	0.06458450024873337	2.127409464820419e-05
686.963128136	0.06465758376790069	2.1212457930514688e-05
688.172570263	0.06473050300963303	2.1150733766664636e-05
689.38201239	0.06480325950456743	2.1088934916870194e-05
690.5914545170001	0.06487585482395293	2.1027073793467692e-05
691.8008966440001	0.06494829057478463	2.0965162446938283e-05
693.0103387710001	0.06502056839494873	2.0903212553429504e-05
694.2197808980001	0.06509268994838485	2.0841235399463152e-05
695.429223025	0.06516465692029208	2.077924187549171e-05
696.638665152	0.0652364710123829	2.0717242464174e-05
697.848107279	0.06530813393819987	2.0655247234541926e-05
699.057549406	0.06537964741850949	2.0593265834089717e-05
700.266991533	0.0654510131767844	2.053130748733132e-05
701.47643366	0.06552223293478204	2.046938099023228e-05
702.6858757870001	0.06559330840823664	2.0407494710604594e-05
703.8953179140001	0.06566424130266794	2.034565658549023e-05
705.1047600410001	0.06573503330932395	2.028387412412558e-05
706.3142021680001	0.0658056861012565	2.0222154409317954e-05
707.523644295	0.06587620132954908	2.016050410042437e-05
708.733086422	0.06594658061969663	2.009892943744602e-05
709.942528549	0.06601682556814575	2.003743624711071e-05
711.151970676	0.06608693773900787	1.997602994884202e-05
712.361412803	0.06615691866093953	1.9914715560075595e-05
713.57085493	0.06622676982420776	1.985349770569943e-05
714.7802970570001	0.06629649267793385	1.979238062592256e-05
715.9897391840001	0.06636608862752816	1.9731368183698896e-05
717.1991813110001	0.0664355590323126	1.967046387593131e-05
718.4086234380001	0.06650490520333571	1.9609670841245203e-05
719.618065565	0.06657412840138391	1.9548991869943915e-05
720.827507692	0.06664322983518729	1.948842941731926e-05
722.036949819	0.06671221065982129	1.9427985608794926e-05
723.246391946	0.06678107197530743	1.936766225547967e-05
724.455834073	0.06684981482540521	1.9307460861277095e-05
725.6652762	0.06691844019660213	1.9247382635396902e-05
726.8747183270001	0.06698694901729824	1.918742850272262e-05
728.0841604540001	0.06705534215717406	1.912759911352466e-05
729.2936025810001	0.06712362042675528	1.9067894854762466e-05
730.5030447080001	0.06719178457715581	1.9008315861261552e-05
731.712486835	0.06725983530000508	1.894886202423111e-05
732.921928962	0.06732777322755147	1.8889533003323997e-05
734.131371089	0.06739559893293612	1.883032823530572e-05
735.340813216	0.06746331293063884	1.877124694418507e-05
736.550255343	0.06753091567707846	1.8712288152282352e-05
737.7596974700001	0.06759840757137763	1.865345068911385e-05
738.9691395970001	0.06766578895627105	1.859473319994168e-05
740.1785817240001	0.06773306011916141	1.8536134156973166e-05
741.3880238510001	0.067800221293313	1.8477651867842822e-05
742.5974659780001	0.06786727265917007	1.841928448381252e-05
743.806908105	0.06793421434580843	1.8361030012009526e-05
745.016350232	0.06800104643249323	1.8302886319862286e-05
746.225792359	0.06806776895035169	1.824485114821861e-05
747.435234486	0.06813438188414181	1.818692211764559e-05
748.644676613	0.06820088517412135	1.812909673957864e-05
749.8541187400001	0.0682672787179957	1.8071372423266644e-05
751.0635608670001	0.0683335623729474	1.8013746484531715e-05
752.2730029940001	0.06839973595773427	1.795621615755275e-05
753.4824451210001	0.06846579925484977	1.7898778600206644e-05
754.6918872480001	0.06853175201273629	1.784143090475176e-05
755.901329375	0.06859759394804685	1.7784170106976798e-05
757.110771502	0.06866332474794397	1.7726993195016718e-05
758.320213629	0.06872894407242824	1.7669897117658223e-05
759.529655756	0.06879445155669205	1.7612878794107163e-05
760.739097883	0.06885984681348682	1.7555935122761808e-05
761.9485400100001	0.06892512943550003	1.7499062991099532e-05
763.1579821370001	0.06899029899773165	1.7442259282610207e-05
764.3674242640001	0.06905535505986628	1.7385520887840355e-05
765.5768663910001	0.06912029716862939	1.7328844712761992e-05
766.786308518	0.06918512486012678	1.7272227688061754e-05
767.995750645	0.06924983766215591	1.7215666776510914e-05
769.205192772	0.06931443509648569	1.715915898474199e-05
770.414634899	0.06937891668109929	1.71027013684789e-05
771.624077026	0.06944328193238845	1.704629104338366e-05
772.833519153	0.06950753036730313	1.6989925192970483e-05
774.0429612800001	0.06957166150544379	1.6933601076813968e-05
775.2524034070001	0.06963567487109483	1.687731603733055e-05
776.4618455340001	0.06969956999519396	1.6821067510000273e-05
777.6712876610001	0.06976334641723213	1.676485302897634e-05
778.880729788	0.06982700368708196	1.6708670234646347e-05
780.090171915	0.06989054136675014	1.665251688060908e-05
781.299614042	0.06995395903205012	1.6596390840760704e-05
782.509056169	0.0700172562741916	1.654029011584475e-05
783.718498296	0.0700804327012832	1.6484212838065135e-05
784.9279404230001	0.07014348793975271	1.6428157276814442e-05
786.1373825500001	0.07020642163567149	1.637212184526696e-05
787.3468246770001	0.07026923345599069	1.6316105103389595e-05
788.5562668040001	0.07033192308968342	1.6260105763080616e-05
789.7657089310001	0.07039449024879382	1.6204122691959436e-05
790.975151058	0.07045693466938716	1.6148154916962808e-05
792.184593185	0.0705192561124102	1.6092201626000673e-05
793.394035312	0.07058145436445072	1.6036262173307105e-05
794.603477439	0.07064352923840421	1.5980336078215465e-05
795.812919566	0.07070548057404263	1.592442302846335e-05
797.0223616930001	0.07076730823849078	1.586852288105672e-05
798.2318038200001	0.07082901212660757	1.58126356634967e-05
799.4412459470001	0.07089059216127086	1.5756761573931762e-05
800.6506880740001	0.07095204829357923	1.570090098034032e-05
801.8601302010001	0.07101338050295534	1.5645054420669153e-05
803.069572328	0.07107458879716376	1.5589222602572432e-05
804.279014455	0.07113567321224767	1.553340639981868e-05
805.488456582	0.07119663381237237	1.5477606852360533e-05
806.697898709	0.07125747068959641	1.5421825164610703e-05
807.907340836	0.07131818396355888	1.536606270226641e-05
809.1167829630001	0.07137877378109493	1.5310320990700692e-05
810.3262250900001	0.07143924031577305	1.5254601709827888e-05
811.5356672170001	0.0714995837673669	1.519890669306026e-05
812.7451093440001	0.07155980436125857	1.5143237921471757e-05
813.9545514710001	0.0716199023477816	1.5087597522840817e-05
815.163993598	0.07167987800150032	1.5031987765793926e-05
816.373435725	0.07173973162043708	1.497641105619572e-05
817.582877852	0.07179946352524416	1.4920869932167466e-05
818.792319979	0.07185907405832852	1.4865367059609993e-05
820.001762106	0.07191856358293248	1.4809905228168835e-05
821.2112042330001	0.07197793248217005	1.4754487345612089e-05
822.4206463600001	0.07203718115803066	1.46991164331097e-05
823.6300884870001	0.07209631003034739	1.4643795619937007e-05
824.8395306140001	0.07215531953573441	1.4588528138934094e-05
826.0489727410001	0.07221421012650096	1.4533317319443841e-05
827.258414868	0.07227298226954418	1.4478166584133785e-05
828.467856995	0.07233163644522148	1.4423079441708742e-05
829.677299122	0.07239017314621048	1.4368059482516943e-05
830.886741249	0.07244859287636013	1.4313110372829003e-05
832.0961833760001	0.07250689614953174	1.4258235847678638e-05
833.3056255030001	0.07256508348844008	1.4203439708657344e-05
834.5150676300001	0.07262315542349514	1.4148725813977279e-05
835.7245097570001	0.07268111249164175	1.4094098076117212e-05
836.9339518840001	0.07273895523521773	1.403956045564017e-05
838.143394011	0.07279668420081187	1.3985116953905886e-05
839.352836138	0.0728542999381428	1.3930771609116195e-05
840.562278265	0.07291180299894955	1.387652848936058e-05
841.771720392	0.07296919393590441	1.3822391688174444e-05
842.981162519	0.0730264733015495	1.376836531880902e-05
844.1906046460001	0.07308364164725464	1.3714453508202337e-05
845.4000467730001	0.07314069952220659	1.3660660390716465e-05
846.6094889000001	0.07319764747242502	1.3606990104939418e-05
847.8189310270001	0.07325448603981359	1.3553446785996414e-05
849.0283731540001	0.07331121576124022	1.3500034561623757e-05
850.237815281	0.0733678371676606	1.344675754678122e-05
851.447257408	0.07342435078327439	1.3393619836452886e-05
852.656699535	0.07348075712472023	1.334062550334743e-05
853.866141662	0.0735370567003157	1.3287778591355103e-05
855.075583789	0.07359325000933635	1.3235083110951492e-05
856.2850259160001	0.0736493375413391	1.318254303338786e-05
857.4944680430001	0.07370531977552865	1.3130162287553589e-05
858.7039101700001	0.0737611971801695	1.3077944754461332e-05
859.9133522970001	0.073816970212047	1.3025894262148859e-05
861.1227944240001	0.07387263931596766	1.2974014582480893e-05
862.332236551	0.07392820492431353	1.2922309426027777e-05
863.541678678	0.07398366745663694	1.2870782438088901e-05
864.751120805	0.07403902731930694	1.2819437195307828e-05
865.960562932	0.07409428490519882	1.276827720107533e-05
867.170005059	0.07414944059343427	1.2717305882521296e-05
868.3794471860001	0.07420449474916341	1.2666526587399208e-05
869.5888893130001	0.07425944772339615	1.2615942580049986e-05
870.7983314400001	0.07431429985287417	1.2565557038499646e-05
872.0077735670001	0.07436905145999531	1.25153730516175e-05
873.2172156940001	0.07442370285277193	1.2465393617576125e-05
874.426657821	0.07447825432484037	1.2415621640407194e-05
875.636099948	0.07453270615550549	1.2366059927946144e-05
876.845542075	0.07458705860982849	1.2316711189800683e-05
878.054984202	0.07464131193875559	1.2267578036658938e-05
879.2644263290001	0.07469546637928273	1.2218662977187384e-05
880.4738684560001	0.07474952215465601	1.2169968417841452e-05
881.6833105830001	0.07480347947460904	1.212149666279869e-05
882.8927527100001	0.07485733853563238	1.2073249911241687e-05
884.1021948370001	0.07491109952127642	1.202523025672459e-05
885.3116369640001	0.07496476260248176	1.1977439689612367e-05
886.521079091	0.07501832793794132	1.1929880094567508e-05
887.730521218	0.07507179567448721	1.1882553251645498e-05
888.939963345	0.0751251659475036	1.1835460836961803e-05
890.149405472	0.07517843888135982	1.1788604422548571e-05
891.3588475990001	0.07523161458986995	1.17419854782434e-05
892.5682897260001	0.07528469317676742	1.1695605371206428e-05
893.7777318530001	0.07533767473619944	1.1649465368776834e-05
894.9871739800001	0.07539055935323487	1.1603566640587381e-05
896.1966161070001	0.07544334710438808	1.1557910257202958e-05
897.406058234	0.07549603805815279	1.1512497194992702e-05
898.615500361	0.07554863227554966	1.1467328336900575e-05
899.824942488	0.07560112981067466	1.1422404474472943e-05
901.034384615	0.07565353071126314	1.13777263102586e-05
902.243826742	0.07570583501925009	1.1333294461360836e-05
903.4532688690001	0.07575804277133598	1.1289109459757879e-05
904.6627109960001	0.07581015399955757	1.1245171758032738e-05
905.8721531230001	0.07586216873185171	1.1201481727949135e-05
907.0815952500001	0.07591408699261962	1.1158039668164079e-05
908.2910373770001	0.07596590880328645	1.1114845803947468e-05
909.500479504	0.07601763418285798	1.1071900291549113e-05
910.709921631	0.0760692631484636	1.102920321954912e-05
911.919363758	0.07612079571589864	1.0986754614632704e-05
913.128805885	0.07617223190015042	1.0944554441757516e-05
914.338248012	0.07622357171591841	1.0902602609450675e-05
915.5476901390001	0.07627481517811438	1.086089897215698e-05
916.7571322660001	0.07632596230235746	1.0819443332839062e-05
917.9665743930001	0.07637701310544653	1.077823544688217e-05
919.1760165200001	0.07642796760582247	1.0737275024711456e-05
920.3854586470001	0.07647882582400918	1.0696561734535991e-05
921.594900774	0.07652958778304156	1.0656095205826256e-05
922.804342901	0.07658025350886714	1.0615875031396224e-05
924.013785028	0.07663082303073734	1.0575900771364062e-05
925.223227155	0.07668129638157	1.0536171955336997e-05
926.432669282	0.07673167359829827	1.0496688083982644e-05
927.6421114090001	0.07678195472219354	1.0457448633973274e-05
928.8515535360001	0.07683213979916914	1.0418453056638117e-05
930.0609956630001	0.07688222888005988	1.0379700784865476e-05
931.2704377900001	0.07693222202088014	1.0341191231482394e-05
932.4798799170001	0.07698211928306105	1.0302923794543234e-05
933.689322044	0.07703192073366137	1.0264897856878632e-05
934.898764171	0.07708162644555665	1.0227112789212285e-05
936.108206298	0.07713123649760989	1.0189567950669593e-05
937.317648425	0.0771807509748103	1.0152262692731856e-05
938.5270905520001	0.07723016996839721	1.0115196359527273e-05
939.7365326790001	0.07727949357595928	1.0078368288147997e-05
940.9459748060001	0.0773287219015088	1.0041777811929643e-05
942.1554169330001	0.07737785505553835	1.0005424260693986e-05
943.3648590600001	0.0774268931550516	9.969306961524355e-06
944.5743011870001	0.07747583632357631	9.933425239979517e-06
945.783743314	0.07752468469115405	9.89777842173905e-06
946.993185441	0.0775734383943109	9.862365832531104e-06
948.202627568	0.07762209757600867	9.82718679793051e-06
949.412069695	0.07767066238557617	9.792240645832189e-06
950.6215118220001	0.07771913297862457	9.757526706198845e-06
951.8309539490001	0.07776750951694231	9.723044311053807e-06
953.0403960760001	0.07781579216837362	9.688792793639235e-06
954.2498382030001	0.0778639811066833	9.654771491288113e-06
955.4592803300001	0.07791207651140197	9.620979742866556e-06
956.6687224570001	0.07796007856766111	9.587416890113893e-06
957.878164584	0.07800798746601147	9.554082276787732e-06
959.087606711	0.07805580340223124	9.520975249809204e-06
960.297048838	0.07810352657711955	9.488095158261975e-06
961.506490965	0.0781511571962807	9.455441351848558e-06
962.7159330920001	0.0781986954698985	9.423013182546986e-06
963.9253752190001	0.07824614161249954	9.390810002759127e-06
965.1348173460001	0.0782934958427123	9.358831166355735e-06
966.3442594730001	0.07834075838301187	9.327076025879852e-06
967.5537016000001	0.0783879294594675	9.29554393512465e-06
968.763143727	0.07843500930147697	9.26423424443492e-06
969.972585854	0.07848199814150023	9.233146303946425e-06
971.182027981	0.07852889621478644	9.202279461330263e-06
972.391470108	0.07857570375910565	9.171633059418152e-06
973.600912235	0.07862242101446718	9.141206438822169e-06
974.8103543620001	0.07866904822284723	9.11099893583497e-06
976.0197964890001	0.07871558562791041	9.08100987991371e-06
977.2292386160001	0.07876203347473555	9.051238595147236e-06
978.4386807430001	0.07880839200954025	9.021684398190983e-06
979.6481228700001	0.07885466147940824	8.992346600180243e-06
980.857564997	0.07890084213202184	8.963224500606675e-06
982.067007124	0.07894693421539677	8.934317392327333e-06
983.276449251	0.0789929379776212	8.90562455766075e-06
984.485891378	0.0790388536665981	8.877145267762436e-06
985.6953335050001	0.07908468152979982	8.84887878302433e-06
986.9047756320001	0.0791304218140216	8.820824351888306e-06
988.1142177590001	0.07917607476514706	8.792981209466374e-06
989.3236598860001	0.07922164062791769	8.765348577045099e-06
990.5331020130001	0.07926711964571366	8.73792566263395e-06
991.7425441400001	0.07931251206034119	8.710711659748926e-06
992.951986267	0.07935781811182842	8.683705746217034e-06
994.161428394	0.07940303803823409	8.656907083872804e-06
995.370870521	0.07944817207545965	8.630314818720985e-06
996.580312648	0.07949322045707778	8.603928079563992e-06
997.7897547750001	0.0795381834141662	8.57774597933971e-06
998.9991969020001	0.07958306117515644	8.551767611538877e-06
1000.2086390290001	0.07962785396569041	8.525992051915645e-06
1001.4180811560001	0.0796725620084864	8.500418358520671e-06
1002.6275232830001	0.07971718552322027	8.475045570769481e-06
1003.8369654100001	0.07976172472641867	8.44987270862161e-06
1005.046407537	0.07980617983135346	8.424898773744876e-06
1006.255849664	0.07985055104796109	8.400122747829073e-06
1007.465291791	0.07989483858276153	8.37554359397097e-06
1008.674733918	0.07993904263879731	8.35116025571886e-06
1009.8841760450001	0.07998316341557815	8.326971657062786e-06
1011.0936181720001	0.08002720110903634	8.302976703189964e-06
1012.3030602990001	0.08007115591149917	8.27917427909622e-06
1013.5125024260001	0.08011502801166329	8.255563251027194e-06
1014.7219445530001	0.08015881759458615	8.232142466555917e-06
1015.9313866800001	0.08020252484168541	8.20891075474826e-06
1017.140828807	0.08024614993074737	8.1858669254186e-06
1018.350270934	0.08028969303594753	8.163009771168315e-06
1019.559713061	0.08033315432787931	8.140338065342445e-06
1020.769155188	0.08037653397359074	8.11785056483448e-06
1021.9785973150001	0.08041983213663319	8.095546009488946e-06
1023.1880394420001	0.08046304897711441	8.073423121777237e-06
1024.397481569	0.08050618465176486	8.051480608865388e-06
1025.606923696	0.080549239314005	8.029717161357048e-06
1026.816365823	0.08059221311402834	8.00813145546401e-06
1028.0258079500002	0.08063510619888202	7.986722153215251e-06
1029.235250077	0.08067791871256173	7.965487901038856e-06
1030.4446922040001	0.08072065079611061	7.94442733465796e-06
1031.654134331	0.0807633025877188	7.923539074449342e-06
1032.8635764580001	0.0808058742228358	7.902821731040166e-06
1034.073018585	0.08084836583428272	7.882273902904472e-06
1035.282460712	0.08089077755237069	7.861894177400863e-06
1036.491902839	0.08093310950502133	7.841681133886608e-06
1037.701344966	0.08097536181789353	7.821633339558953e-06
1038.9107870930002	0.08101753461450888	7.801749356455994e-06
1040.12022922	0.08105962801638468	7.78202773818109e-06
1041.3296713470002	0.08110164214316581	7.762467030519763e-06
1042.539113474	0.08114357711275638	7.743065774590764e-06
1043.7485556010001	0.08118543304146046	7.723822505745867e-06
1044.957997728	0.08122721004411108	7.704735754123994e-06
1046.167439855	0.08126890823421071	7.685804047746108e-06
1047.376881982	0.08131052772406798	7.667025910507854e-06
1048.586324109	0.08135206862493119	7.64839986374059e-06
1049.795766236	0.08139353104712091	7.629924430523678e-06
1051.005208363	0.08143491510016992	7.611598129365777e-06
1052.2146504900002	0.08147622089294737	7.593419481729585e-06
1053.424092617	0.08151744853379497	7.5753870093965115e-06
1054.6335347440001	0.08155859813064838	7.557499235164283e-06
1055.842976871	0.08159966979116608	7.5397546844690264e-06
1057.0524189980001	0.0816406636228498	7.52215188632908e-06
1058.261861125	0.08168157973316184	7.5046893730877795e-06
1059.471303252	0.08172241822964108	7.487365682374215e-06
1060.680745379	0.08176317922001193	7.4701793556548935e-06
1061.890187506	0.08180386281229542	7.45312894116838e-06
1063.0996296330002	0.08184446911490625	7.436212993779281e-06
1064.30907176	0.08188499823675524	7.419430074725666e-06
1065.5185138870002	0.08192545028734088	7.402778753178302e-06
1066.727956014	0.08196582537683672	7.386257606549469e-06
1067.9373981410001	0.08200612361617804	7.369865221541992e-06
1069.146840268	0.08204634511713772	7.353600193263024e-06
1070.356282395	0.08208648999240059	7.337461127575009e-06
1071.565724522	0.08212655835563075	7.3214466396581634e-06
1072.775166649	0.0821665503215352	7.305555356671049e-06
1073.9846087760002	0.08220646600591812	7.289785917240951e-06
1075.194050903	0.08224630552573375	7.274136971038608e-06
1076.4034930300002	0.08228606899913472	7.258607180573584e-06
1077.612935157	0.08232575654550768	7.243195221195904e-06
1078.8223772840001	0.08236536828551137	7.2278997806300616e-06
1080.031819411	0.08240490434110641	7.212719561494508e-06
1081.2412615380001	0.08244436483557517	7.197653280532348e-06
1082.450703665	0.08248374989354632	7.1826996668592956e-06
1083.660145792	0.0825230596410012	7.1678574663964725e-06
1084.869587919	0.08256229420528519	7.153125439896805e-06
1086.079030046	0.08260145371511056	7.138502364242776e-06
1087.2884721730002	0.082640538300553	7.123987031971745e-06
1088.4979143	0.08267954809304466	7.109578250982289e-06
1089.7073564270001	0.08271848322536125	7.095274847452391e-06
1090.916798554	0.08275734383160684	7.081075664797002e-06
1092.1262406810001	0.08279613004718976	7.066979563040989e-06
1093.335682808	0.08283484200879906	7.052985421631985e-06
1094.545124935	0.0828734798543761	7.039092138277181e-06
1095.754567062	0.08291204372307648	7.0252986293012e-06
1096.964009189	0.08295053375523731	7.011603830972551e-06
1098.1734513160002	0.08298895009233145	6.998006698620417e-06
1099.382893443	0.08302729287692728	6.9845062093484556e-06
1100.5923355700002	0.08306556225263768	6.971101360247208e-06
1101.801777697	0.0831037583640712	6.957791170118546e-06
1103.0112198240001	0.08314188135677726	6.944574681249157e-06
1104.220661951	0.0831799313771934	6.931450958173049e-06
1105.430104078	0.08321790857258164	6.918419088068175e-06
1106.639546205	0.08325581309097435	6.905478183326253e-06
1107.848988332	0.08329364508110641	6.892627379841805e-06
1109.058430459	0.08333140469235421	6.879865841584809e-06
1110.267872586	0.08336909207467144	6.867192756571049e-06
1111.4773147130002	0.08340670737852095	6.8546073415173125e-06
1112.68675684	0.08344425075480678	6.842108840921796e-06
1113.8961989670001	0.08348172235480648	6.8296965282310385e-06
1115.105641094	0.08351912233010371	6.817369708057008e-06
1116.3150832210001	0.08355645083251845	6.80512771515111e-06
1117.524525348	0.08359370801403547	6.792969916130457e-06
1118.733967475	0.08363089402673893	6.7808957116503756e-06
1119.943409602	0.08366800902274119	6.768904536459127e-06
1121.152851729	0.08370505315411465	6.756995860793379e-06
1122.3622938560002	0.08374202657282395	6.745169190994506e-06
1123.571735983	0.08377892943065968	6.733424071801217e-06
1124.7811781100002	0.08381576187917218	6.7217600865184765e-06
1125.990620237	0.083852524069606	6.710176859672913e-06
1127.2000623640001	0.0838892161528366	6.698674055673094e-06
1128.409504491	0.08392583827931016	6.6872513825654745e-06
1129.618946618	0.08396239059898054	6.675908592622326e-06
1130.828388745	0.08399887326125194	6.664645481807379e-06
1132.037830872	0.08403528641492193	6.653461892580751e-06
1133.2472729990002	0.084071630208127	6.642357714091853e-06
1134.456715126	0.08410790478828895	6.631332883826483e-06
1135.6661572530002	0.08414411030206591	6.620387387833339e-06
1136.87559938	0.08418024689530323	6.609521262333104e-06
1138.0850415070001	0.0842163147129879	6.59873459169924e-06
1139.294483634	0.08425231389920473	6.588027513157013e-06
1140.5039257610001	0.08428824459709641	6.577400212547107e-06
1141.713367888	0.0843241069488252	6.566852926924737e-06
1142.922810015	0.08435990109553694	6.5563859450429714e-06
1144.132252142	0.08439562717733014	6.5459996038383585e-06
1145.341694269	0.08443128533322233	6.535694291513055e-06
1146.5511363960002	0.08446687570112646	6.525470442272895e-06
1147.760578523	0.08450239841782406	6.515328540276794e-06
1148.9700206500002	0.08453785361894585	6.5052691115882174e-06
1150.179462777	0.0845732414389516	6.495292726205582e-06
1151.3889049040001	0.08460856201111377	6.485399995308398e-06
1152.598347031	0.08464381546750505	6.475591565967524e-06
1153.807789158	0.0846790019389895	6.465868120101416e-06
1155.017231285	0.084714121555213	6.456230368370528e-06
1156.226673412	0.08474917444460156	6.4466790466357915e-06
1157.4361155390002	0.0847841607343564	6.437214911124128e-06
1158.645557666	0.08481908055045724	6.427838733068166e-06
1159.8549997930002	0.08485393401766728	6.418551290491236e-06
1161.06444192	0.08488872125953793	6.40935336412213e-06
1162.2738840470001	0.08492344239841935	6.400245727575023e-06
1163.483326174	0.08495809755547426	6.391229141149586e-06
1164.6927683010001	0.08499268685069128	6.3823043423394795e-06
1165.902210428	0.0850272104029017	6.373472037393502e-06
1167.111652555	0.08506166832980347	6.3647328888842966e-06
1168.321094682	0.08509606074798091	6.356087508895756e-06
1169.530536809	0.08513038777293304	6.347536445948545e-06
1170.7399789360002	0.0851646495191002	6.339080175144485e-06
1171.949421063	0.08519884609989552	6.330719084956281e-06
1173.1588631900001	0.08523297762773709	6.322453464305864e-06
1174.368305317	0.08526704421408404	6.314283489854259e-06
1175.5777474440001	0.0853010459694774	6.30620921588737e-06
1176.787189571	0.08533498300357566	6.298230555829535e-06
1177.996631698	0.08536885542519983	6.290347272644765e-06
1179.206073825	0.08540266334237774	6.282558962704843e-06
1180.415515952	0.08543640686239175	6.274865041592632e-06
1181.6249580790002	0.08547008609182495	6.267264731939567e-06
1182.834400206	0.08550370113661288	6.259757048016003e-06
1184.0438423330002	0.08553725210209728	6.252340782567508e-06
1185.25328446	0.08557073909307879	6.245014492104224e-06
1186.4627265870001	0.08560416221387118	6.237776485027812e-06
1187.672168714	0.08563752156835974	6.230624808457317e-06
1188.881610841	0.08567081726005958	6.223557236123598e-06
1190.091052968	0.08570404939217427	6.216571257857811e-06
1191.300495095	0.0857372180676551	6.209664068976612e-06
1192.5099372220002	0.08577032338926319	6.202832558729478e-06
1193.719379349	0.08580336545962959	6.196073306521365e-06
1194.9288214760002	0.08583634438131793	6.189382568040477e-06
1196.138263603	0.08586926025688765	6.1827562762468454e-06
1197.3477057300001	0.08590211318895213	6.176190034137693e-06
1198.557147857	0.08593490328024214	6.1696791115867225e-06
1199.7665899840001	0.0859676306336676	6.163218443396491e-06
1200.976032111	0.0860002953523766	6.1568026339397125e-06
1202.185474238	0.086032897539817	6.1504259543301475e-06
1203.394916365	0.08606543729978881	6.144082352210085e-06
1204.604358492	0.086097914736508	6.1377654542813345e-06
1205.8138006190002	0.08613032995465646	6.131468577535297e-06
1207.023242746	0.08616268305943689	6.1251847377387045e-06
1208.2326848730002	0.0861949741566227	6.118906665939422e-06
1209.442127	0.08622720335260721	6.1126268184886e-06
