0.0	0.0	0.0
1.209442127	1.1516152783251036e-06	6.147407595020485e-10
2.418884254	4.699935118265115e-06	5.172953215770945e-10
3.6283263810000004	1.090506902984631e-05	3.8280198853797754e-10
4.837768508	2.0200089529548444e-05	3.0058465573163605e-10
6.047210635000001	3.318390315312563e-05	2.3928643378203285e-10
7.256652762000001	5.0613348286245084e-05	1.918734544053927e-10
8.466094889	7.339400679597539e-05	2.213597025855581e-10
9.675537016	0.00010256914937532138	3.1880242804606166e-10
10.884979143	0.0001393070949424999	4.5690566407975924e-10
12.094421270000002	0.00018488722614193494	6.126600366427361e-10
13.303863397	0.0002406849054565643	7.92033758357187e-10
14.513305524000002	0.00030815541414343136	1.0125436497377017e-09
15.722747651	0.00038881713188074104	1.2883527830075968e-09
16.932189778	0.0004842341733123977	1.6344497695622753e-09
18.141631905	0.000595998711219202	2.063113546688974e-09
19.351074032	0.0007257132130645428	2.6013021576061002e-09
20.560516159000002	0.0008749728183021044	3.303053441992861e-09
21.769958286	0.0010453479956807653	4.269500988468351e-09
22.979400413	0.0012383676865535176	5.7004065784518395e-09
24.188842540000003	0.001455503252083992	7.923806327031763e-09
25.398284667000002	0.001698153181908123	1.1228949529842122e-08
26.607726794	0.0019676284837276737	1.559074982425643e-08
27.817168921	0.002265139439356075	2.0747637711200512e-08
29.026611048000003	0.0025917841026139453	2.6481794830892188e-08
30.236053175000002	0.002948538037324626	3.265837733177969e-08
31.445495302	0.0033362448811154336	3.896853577138746e-08
32.654937429	0.003755607693525334	4.454362861073113e-08
33.864379556	0.004207182576568198	4.807636967493328e-08
35.073821683000006	0.0046913757033092175	4.853912205266657e-08
36.28326381	0.0052084415150440416	4.542972151025602e-08
37.492705937000004	0.005758481059775462	3.846813741884037e-08
38.702148064	0.006341441562269244	2.7341782319571794e-08
39.911590191	0.0069571176692507794	1.1621289812648793e-08
41.121032318000005	0.007605154212112399	-9.246810709496182e-09
42.330474445	0.008285050289338168	-3.592561080052239e-08
43.539916572	0.008996164524154377	-6.916580829011912e-08
44.749358699000005	0.009737721376616404	-1.0977896414473929e-07
45.958800826	0.010508818391766688	-1.586076186937457e-07
47.168242953000004	0.011308434262918832	-2.1649095469879805e-07
48.377685080000006	0.012135437587829766	-2.842225749510623e-07
49.587127207	0.012988596194972708	-3.624994238924255e-07
50.796569334000004	0.013866586917296581	-4.518650609755976e-07
52.00601146100001	0.01476800569230763	-5.526528873421891e-07
53.215453588	0.015691377869896623	-6.649353763047499e-07
54.424895715000005	0.016635168613164546	-7.884844969402875e-07
55.634337842	0.017597793282626926	-9.22746897813166e-07
56.843779969	0.018577627700564175	-1.0668354513890107e-06
58.053222096000006	0.019573018199980866	-1.2195368589678777e-06
59.262664223	0.020582291371455824	-1.3793334932784175e-06
60.472106350000004	0.02160376343082827	-1.5444366094463674e-06
61.68154847700001	0.022635749140863956	-1.7128275234193024e-06
62.890990604	0.023676570230440546	-1.8823032243235278e-06
64.100432731	0.024724563265240328	-2.0505231088909576e-06
65.309874858	0.025778086934339653	-2.215053950033511e-06
66.519316985	0.02683552872744882	-2.3734108530168525e-06
67.728759112	0.02789531098767715	-2.523092888596072e-06
68.93820123900001	0.02895589633440044	-2.6616134581329553e-06
70.14764336600001	0.030015792459351365	-2.786527235003838e-06
71.357085493	0.031073556305764412	-2.8954574042459743e-06
72.56652762	0.03212779764454898	-2.986128081224665e-06
73.775969747	0.03317718206321445	-3.056406218241283e-06
74.98541187400001	0.03422043338396362	-3.104354527619159e-06
76.19485400100001	0.03525633552938351	-3.1282925455896714e-06
77.404296128	0.03628373385926305	-3.126858705470887e-06
78.613738255	0.03730153601029899	-3.099063992511599e-06
79.823180382	0.038308712279720165	-3.0443282954886373e-06
81.032622509	0.039304295601366765	-2.9624936487653974e-06
82.24206463600001	0.040287381166545316	-2.853813295571919e-06
83.45150676300001	0.04125712574168973	-2.7189207397513634e-06
84.66094889	0.0422127467313927	-2.5587870357925887e-06
85.870391017	0.04315352103045661	-2.3746753743833986e-06
87.079833144	0.04407878370384127	-2.1680980494721875e-06
88.28927527100001	0.04498792653011444	-1.940773563405909e-06
89.49871739800001	0.0458803964428131	-1.6945761297979808e-06
90.708159525	0.04675569390367728	-1.43147170226286e-06
91.917601652	0.04761337123907733	-1.1534443289486842e-06
93.127043779	0.048453030963999215	-8.624270309397072e-07
94.33648590600001	0.04927432410818389	-5.602548503510479e-07
95.54592803300001	0.05007694854993107	-2.4865216536809565e-07
96.75537016000001	0.050860647356985686	7.074411476780337e-08
97.964812287	0.051625207130858795	3.9633441820720325e-07
99.174254414	0.0523704563509877	7.264958509137365e-07
100.383696541	0.053096263718681036	1.0595299532836047e-06
101.59313866800001	0.0538025365074378	1.3936345479686217e-06
102.80258079500001	0.054489218933133576	1.7269070324901448e-06
104.01202292200001	0.05515629056103852	2.0573764245946036e-06
105.221465049	0.055803764764482004	2.3830538715257997e-06
106.430907176	0.05643168724342406	2.7019888935703297e-06
107.64034930300001	0.057040134603413464	3.0123209407144847e-06
108.84979143000001	0.05762921298939295	3.3123205741761603e-06
110.05923355700001	0.058199056765719785	3.600419154462992e-06
111.268675684	0.058749827233249334	3.875228952504209e-06
112.478117811	0.05928171137531017	4.135556838870993e-06
113.687559938	0.059794920625884665	4.380414633322459e-06
114.89700206500001	0.06028968965469538	4.609028363276409e-06
116.10644419200001	0.0607662751650132	4.820847526707498e-06
117.31588631900001	0.061224954700665316	5.01555421805824e-06
118.525328446	0.061666025459096066	5.1930707812672364e-06
119.734770573	0.06208980310729292	5.353563571103067e-06
120.94421270000001	0.062496620597081776	5.497439610166174e-06
122.15365482700001	0.06288682697577314	5.625332688748619e-06
123.36309695400001	0.063260786187728	5.7380760995918846e-06
124.572539081	0.06361887586252282	5.836661004007867e-06
125.781981208	0.06396148608652572	5.922182443786528e-06
126.99142333500001	0.06428901815728791	5.995778603050937e-06
128.200865462	0.06460188332392278	6.058571937024019e-06
129.410307589	0.06490050152071332	6.1116217386850836e-06
130.619749716	0.06518530010422133	6.15589576310534e-06
131.82919184300002	0.06545671260498115	6.192264076771535e-06
133.03863397	0.06571517750335983	6.221513012530909e-06
134.24807609700002	0.06596113703620084	6.244372946903236e-06
135.457518224	0.06619503603783393	6.261551955913788e-06
136.666960351	0.06641732081702961	6.273768122167514e-06
137.87640247800002	0.06662843807076214	6.281775550805361e-06
139.085844605	0.06682883383595369	6.286381719166445e-06
140.29528673200002	0.06701895248108317	6.288455928060364e-06
141.504728859	0.06719923574021433	6.288929915624379e-06
142.714170986	0.06737012179233559	6.288792283572708e-06
143.92361311300002	0.06753204438892256	6.2890784593970835e-06
145.13305524	0.0676854320323405	6.290857733433551e-06
146.34249736700002	0.06783070720727225	6.2952186250760445e-06
147.551939494	0.06796828566688479	6.303253551866904e-06
148.761381621	0.06809857577498017	6.316043530095059e-06
149.97082374800002	0.06822197790503058	6.334643446867076e-06
151.180265875	0.06833888389670753	6.360068290803005e-06
152.38970800200002	0.06844967657027821	6.393280612755308e-06
153.599150129	0.0685547292990126	6.435179407280615e-06
154.808592256	0.0686544056394006	6.486590528050107e-06
156.018034383	0.06874905901859668	6.548258739089265e-06
157.22747651	0.06883903247799579	6.620841446076494e-06
158.43691863700002	0.0689246584713004	6.704904161122292e-06
159.646360764	0.06900625871492908	6.800917720015242e-06
160.85580289100002	0.06908414408814209	6.909257239440724e-06
162.065245018	0.06915861457989234	7.030202743248138e-06
163.274687145	0.06922995927914029	7.1639413183478725e-06
164.48412927200002	0.06929845640517428	7.310570592496427e-06
165.693571399	0.06936437337438886	7.470103239871624e-06
166.90301352600002	0.0694279668999078	7.642472211187908e-06
168.112455653	0.06948948312047701	7.827536337550127e-06
169.32189778	0.06954915775509991	8.025086007651474e-06
170.53133990700002	0.0696072162800089	8.234848659080316e-06
171.740782034	0.06966387412468705	8.456493913869668e-06
172.95022416100002	0.06971933688382796	8.689638282358273e-06
174.159666288	0.06977380054229797	8.933849454437298e-06
175.369108415	0.06982745171035316	9.188650294072659e-06
176.57855054200002	0.06988046786658227	9.45352272968393e-06
177.787992669	0.06993301760625517	9.727911739989662e-06
178.99743479600002	0.0699852608929866	1.001122966036118e-05
180.206876923	0.07003734931182211	1.0302860970674121e-05
181.41631905	0.07008942632204616	1.0602167652171855e-05
182.62576117700002	0.07014162750815027	1.090849510793993e-05
183.835203304	0.07019408082753761	1.1221178524493553e-05
185.04464543100002	0.07024690685364707	1.153954945189526e-05
186.254087558	0.07030021901332212	1.186294228073716e-05
187.46352968500003	0.07035412381741064	1.2190700263741218e-05
188.67297181200001	0.07040872108381116	1.2522180694747296e-05
189.882413939	0.07046410415245198	1.285675892002211e-05
191.09185606600002	0.0705203600919759	1.3193830943308587e-05
192.301298193	0.07057756989820184	1.3532814502916627e-05
193.51074032000002	0.07063580868469314	1.3873148656553891e-05
194.720182447	0.07069514586595585	1.4214292014497555e-05
195.929624574	0.07075564533391378	1.455571988592177e-05
197.13906670100002	0.07081736562836763	1.4896920645062038e-05
198.348508828	0.0708803601021475	1.5237391652202093e-05
199.55795095500002	0.07094467708163274	1.5576635039615733e-05
200.767393082	0.07101036002323112	1.5914153632457163e-05
201.976835209	0.07107744766634806	1.6249447210296792e-05
203.18627733600002	0.07114597418328217	1.6582009248024216e-05
204.395719463	0.07121596932637278	1.6911324232366448e-05
205.60516159000002	0.07128745857268441	1.7236865569654338e-05
206.814603717	0.07136046326640211	1.755809409179209e-05
208.02404584400003	0.07143500075911684	1.7874457101658586e-05
209.23348797100002	0.0715110845481348	1.8185387914907423e-05
210.442930098	0.07158872441299248	1.8490305810021936e-05
211.65237222500002	0.07166792655036949	1.8788616309387304e-05
212.861814352	0.07174869370764651	1.9079711709740195e-05
214.07125647900003	0.07183102531539627	1.9362971793573176e-05
215.28069860600002	0.07191491761910644	1.963776465903114e-05
216.490140733	0.0720003638104183	1.990344763623329e-05
217.69958286000002	0.07208735415815679	2.015936828169094e-05
218.909024987	0.07217587613932847	2.040486547059927e-05
220.11846711400003	0.07226591457020656	2.063927063840612e-05
221.32790924100001	0.07235745173751865	2.0861909244053772e-05
222.537351368	0.07245046752964229	2.107210253111832e-05
223.74679349500002	0.07254493956762384	2.126916965924262e-05
224.956235622	0.07264084333576484	2.1452430260659628e-05
226.16567774900003	0.07273815231144118	2.1621207435265127e-05
227.375119876	0.07283683809380041	2.177483117620031e-05
228.584562003	0.07293687053097167	2.1912642165596526e-05
229.79400413000002	0.07303821784541445	2.2033995875838575e-05
231.003446257	0.07314084675708225	2.2138266872963836e-05
232.21288838400002	0.07324472260409266	2.222485323212751e-05
233.422330511	0.07334980946063908	2.2293180989583155e-05
234.63177263800003	0.07345607025191632	2.2342708537104948e-05
235.84121476500002	0.07356346686585939	2.2372930919499824e-05
237.050656892	0.07367196026152484	2.2383383981133167e-05
238.26009901900002	0.07378151057396468	2.2373648330515665e-05
239.469541146	0.07389207721546298	2.2343353096667833e-05
240.67898327300003	0.07400361897302149	2.229217944722376e-05
241.88842540000002	0.07411609410201234	2.221986385610638e-05
243.097867527	0.07422946041591251	2.212620107402997e-05
244.30730965400002	0.07434367537208202	2.201104679405081e-05
245.516751781	0.07445869615355843	2.1874319973837886e-05
246.72619390800003	0.07457447974685869	2.17160047902381e-05
247.93563603500002	0.07469098301581044	2.153615220045099e-05
249.145078162	0.07480816277145362	2.1334881084274245e-05
250.35452028900002	0.07492597583809052	2.1112378944006284e-05
251.563962416	0.07504437911556174	2.086890214316085e-05
252.77340454300003	0.07516332963789056	2.0604775667756094e-05
253.98284667000001	0.07528278462842326	2.0320392404209897e-05
255.192288797	0.07540270155163234	2.001621194365487e-05
256.401730924	0.07552303816176259	1.9692758921705353e-05
257.61117305100004	0.07564375254849158	1.9350620926872367e-05
258.820615178	0.07576480317978572	1.8990446024039513e-05
260.030057305	0.07588614894213075	1.8612939921624186e-05
261.239499432	0.07600774917828998	1.8218862841678268e-05
262.448941559	0.07612956372277431	1.780902612253042e-05
263.65838368600004	0.07625155293515527	1.7384288588331487e-05
264.867825813	0.0763736777313926	1.6945552719015384e-05
266.07726794	0.07649589961330493	1.6493760636678232e-05
267.286710067	0.07661818069633884	1.6029889934152963e-05
268.49615219400005	0.07674048373576463	1.5554949354996722e-05
269.70559432100004	0.07686277215141635	1.506997436089201e-05
270.915036448	0.07698501005110005	1.4576022592071776e-05
272.124478575	0.07710716225277459	1.4074169256458696e-05
273.333920702	0.07722919430558645	1.3565502471988647e-05
274.54336282900005	0.0773510725098392	1.3051118585349842e-05
275.75280495600003	0.07747276393596349	1.2532117506184829e-05
276.962247083	0.07759423644253378	1.2009598073333279e-05
278.17168921	0.07771545869337125	1.1484653495515277e-05
279.381131337	0.07783640017375243	1.0958366883735014e-05
280.59057346400004	0.07795703120574037	1.0431806916836999e-05
281.80001559100003	0.0780773229626456	9.90602364565781e-06
283.009457718	0.07819724748259094	9.382044482808429e-06
284.218899845	0.07831677768119512	8.860870384555145e-06
285.428341972	0.07843588736331737	8.34347224809848e-06
286.63778409900004	0.07855455123386829	7.830787550681309e-06
287.84722622600003	0.07867274490762469	7.3237172308361315e-06
289.056668353	0.07879044491803242	6.823122840471703e-06
290.26611048	0.07890762872494886	6.329823968339117e-06
291.475552607	0.07902427472128302	5.844595948088237e-06
292.68499473400004	0.0791403622385043	5.368167856263554e-06
293.89443686100003	0.07925587155096886	4.901220802159824e-06
295.103878988	0.07937078387903478	4.444386515401741e-06
296.313321115	0.07948508139092873	3.99824622758731e-06
297.522763242	0.07959874720334278	3.5633298459828144e-06
298.73220536900004	0.0797117653807226	3.140115419184613e-06
299.94164749600003	0.07982412093324054	2.7290288766625337e-06
301.151089623	0.0799357998134359	2.3304440528523937e-06
302.36053175	0.08004678891151171	1.944682969365366e-06
303.569973877	0.08015707604928987	1.5720163748357727e-06
304.77941600400004	0.08026664997283255	1.2126645239111131e-06
305.98885813100003	0.08037550034373753	8.667981886543125e-07
307.198300258	0.08048361772912639	5.345398821334438e-07
308.407742385	0.08059099359036052	2.1596528312373816e-07
309.617184512	0.08069762027049851	-8.88951568100146e-08
310.82662663900004	0.08080349098055366	-3.8005444052548535e-07
312.036068766	0.08090859978457894	-6.575670968385001e-07
313.245510893	0.0810129415836359	-9.215271253018839e-07
314.45495302	0.08111651209869968	-1.1720658216029926e-06
315.664395147	0.08121930785255499	-1.4093495090838346e-06
316.87383727400004	0.0813213261507534	-1.633577183108553e-06
318.083279401	0.08142256506168115	-1.8449781017523889e-06
319.292721528	0.0815230233958249	-2.0438093243254137e-06
320.502163655	0.08162270068428362	-2.2303532221783815e-06
321.71160578200005	0.08172159715661809	-2.4049149785510067e-06
322.92104790900004	0.08181971371809266	-2.5678200921564947e-06
324.130490036	0.08191705192639569	-2.7194118976745135e-06
325.339932163	0.0820136139679009	-2.860049119480198e-06
326.54937429	0.08210940263354848	-2.990103471266607e-06
327.75881641700005	0.08220442129441191	-3.1099573194679884e-06
328.96825854400004	0.08229867387702432	-3.220001411069991e-06
330.177700671	0.08239216483852993	-3.3206326891587843e-06
331.387142798	0.08248489914172852	-3.412252195701002e-06
332.596584925	0.08257688223007345	-3.495263080597219e-06
333.80602705200005	0.0826681200026875	-3.570068713525519e-06
335.01546917900004	0.08275861878945245	-3.6370709144807658e-06
336.224911306	0.08284838532623086	-3.6966683020013554e-06
337.434353433	0.0829374267302679	-3.749254768214925e-06
338.64379556	0.08302575047582726	-3.795218082543352e-06
339.85323768700005	0.08311336437010457	-3.834938623656185e-06
341.06267981400003	0.08320027652946195	-3.86878824322358e-06
342.272121941	0.08328649535602135	-3.897129261058827e-06
343.481564068	0.0833720295146596	-3.9203135930557475e-06
344.691006195	0.0834568879104289	-3.938682003169249e-06
345.90044832200005	0.08354107966644776	-3.952563485176005e-06
347.10989044900003	0.08362461410226699	-3.962274765846417e-06
348.319332576	0.08370750071276403	-3.968119924521812e-06
349.528774703	0.08378974914756603	-3.970390124169987e-06
350.73821683	0.08387136919102872	-3.969363456164786e-06
351.94765895700004	0.08395237074279034	-3.965304876857106e-06
353.15710108400003	0.084032763798912	-3.958466243951381e-06
354.366543211	0.08411255843361595	-3.9490864373718075e-06
355.575985338	0.08419176478164124	-3.937391560479661e-06
356.785427465	0.08427039302121146	-3.923595211050409e-06
357.99486959200004	0.08434845335763115	-3.9078988192378125e-06
359.20431171900003	0.08442595600751296	-3.890492038347006e-06
360.413753846	0.08450291118364137	-3.871553180209416e-06
361.623195973	0.08457932908046918	-3.851249701075311e-06
362.8326381	0.08465521986025365	-3.829738707748152e-06
364.04208022700004	0.08473059363982649	-3.8071674927451353e-06
365.25152235400003	0.08480546047799872	-3.783674090499247e-06
366.460964481	0.08487983036359698	-3.7593878353297414e-06
367.670406608	0.08495371320412413	-3.734429930537306e-06
368.87984873500005	0.08502711881504092	-3.7089140099485232e-06
370.08929086200004	0.08510005690966305	-3.6829466943493898e-06
371.29873298900003	0.08517253708966403	-3.6566281277733635e-06
372.508175116	0.08524456883617591	-3.630052504777508e-06
373.717617243	0.08531616150148148	-3.6033085658655316e-06
374.92705937000005	0.08538732430128422	-3.576480070028141e-06
376.13650149700004	0.08545806630754335	-3.5496462379978236e-06
377.34594362400003	0.08552839644187539	-3.522882162272293e-06
378.555385751	0.08559832346949241	-3.4962591788481928e-06
379.764827878	0.08566785599367283	-3.4698452099033613e-06
380.97427000500005	0.0857370024507534	-3.4437050629310685e-06
382.18371213200004	0.08580577110562644	-3.417900694969109e-06
383.393154259	0.0858741700477245	-3.3924914377770285e-06
384.602596386	0.08594220718748198	-3.3675341862083177e-06
385.812038513	0.08600989025325369	-3.3430835493814153e-06
387.02148064000005	0.08607722678868135	-3.3191919676698685e-06
388.23092276700004	0.08614422415048437	-3.2959097919182355e-06
389.440364894	0.08621088950666213	-3.2732853362376082e-06
390.649807021	0.0862772298350943	-3.251364894106805e-06
391.859249148	0.08634325192251105	-3.230192734894772e-06
393.06869127500005	0.0864089623638346	-3.2098110684347122e-06
394.27813340200004	0.08647436756185417	-3.1902599904431106e-06
395.487575529	0.08653947372723679	-3.171577406060204e-06
396.697017656	0.08660428687884124	-3.1537989422781596e-06
397.906459783	0.0866688128443294	-3.1369578412050074e-06
399.11590191000005	0.0867330572610493	-3.121084844714277e-06
400.32534403700004	0.08679702557718413	-3.106208076191591e-06
401.534786164	0.08686072305314176	-3.092352909218628e-06
402.744228291	0.08692415476317024	-3.079541841494434e-06
403.953670418	0.08698732559719073	-3.067794364508696e-06
405.16311254500005	0.08705024026282443	-3.057126843433908e-06
406.37255467200004	0.08711290328760292	-3.047552396857722e-06
407.581996799	0.08717531902134494	-3.0390807871350002e-06
408.791438926	0.08723749163869411	-3.031718323403064e-06
410.000881053	0.08729942514178983	-3.0254677712066106e-06
411.21032318000005	0.08736112336307673	-3.0203282837197094e-06
412.41976530700003	0.08742258996822216	-3.0162953411491576e-06
413.629207434	0.0874838284591439	-3.0133607082774084e-06
414.838649561	0.08754484217713254	-3.011512414894222e-06
416.04809168800006	0.08760563430605947	-3.0107347480663206e-06
417.25753381500004	0.08766620787565056	-3.0110082643017737e-06
418.46697594200003	0.087726565764838	-3.0123098219256167e-06
419.676418069	0.08778671070515955	-3.0146126351486146e-06
420.885860196	0.0878466452842111	-3.0178863409124382e-06
422.09530232300006	0.08790637194913883	-3.0220970901515474e-06
423.30474445000004	0.08796589301016376	-3.027207653220438e-06
424.51418657700003	0.08802521064413894	-3.0331775453639864e-06
425.723628704	0.08808432689812509	-3.0399631675957285e-06
426.933070831	0.08814324369298301	-3.0475179635169223e-06
428.14251295800005	0.08820196282697772	-3.055792590367364e-06
429.35195508500004	0.08826048597938801	-3.064735105869288e-06
430.56139721200003	0.08831881471412081	-3.074291163292914e-06
431.770839339	0.08837695048332136	-3.084404221674923e-06
432.980281466	0.08843489463098093	-3.0950157596098545e-06
434.18972359300005	0.08849264839653345	-3.1060655035951136e-06
435.39916572000004	0.08855021291844105	-3.117491659975642e-06
436.60860784700003	0.08860758923776735	-3.129231148904755e-06
437.818049974	0.08866477830172975	-3.1412198481239117e-06
439.027492101	0.0887217809672362	-3.1533928328722762e-06
440.23693422800005	0.08877859800439832	-3.1656846199649584e-06
441.44637635500004	0.0888352301000223	-3.1780294091649293e-06
442.65581848200003	0.08889167786107144	-3.190361325505561e-06
443.865260609	0.08894794181810262	-3.2026146513563408e-06
445.074702736	0.0890040224286748	-3.2147240642597066e-06
446.28414486300005	0.0890599200807217	-3.226624857231432e-06
447.49358699000004	0.0891156350958967	-3.2382531609872685e-06
448.703029117	0.08917116773288043	-3.2495461554490293e-06
449.912471244	0.08922651819065341	-3.260442270994229e-06
451.121913371	0.08928168661172908	-3.2708813830437956e-06
452.33135549800005	0.08933667308534857	-3.2808049918990306e-06
453.54079762500004	0.0893914776506348	-3.290156397587546e-06
454.750239752	0.08944610029970404	-3.2988808567877304e-06
455.959681879	0.08950054098073228	-3.3069257329536433e-06
457.169124006	0.08955479960097537	-3.314240631969284e-06
458.37856613300005	0.08960887602974654	-3.320777526969235e-06
459.58800826000004	0.08966277010133691	-3.326490866475854e-06
460.797450387	0.08971648161789225	-3.3313376734678006e-06
462.006892514	0.08977001035223717	-3.335277633120123e-06
463.216334641	0.08982335605063951	-3.3382731610952703e-06
464.42577676800005	0.08987651843553014	-3.3402894670557958e-06
465.63521889500004	0.08992949720815532	-3.3412945983336943e-06
466.844661022	0.08998229205117865	-3.3412594817739196e-06
468.054103149	0.09003490263121877	-3.3401579400523167e-06
469.26354527600006	0.09008732860133155	-3.337966708548459e-06
470.47298740300005	0.09013956960342023	-3.33466543589535e-06
471.68242953000004	0.09019162527059488	-3.3302366718737035e-06
472.891871657	0.09024349522945573	-3.3246658514980046e-06
474.101313784	0.09029517910231655	-3.3179412629631336e-06
475.31075591100006	0.09034667650935846	-3.3100540097945934e-06
476.52019803800005	0.09039798707071672	-3.3009979652893655e-06
477.72964016500003	0.0904491104084964	-3.2907697170580023e-06
478.939082292	0.09050004614872223	-3.279368503473088e-06
480.148524419	0.090550793923209	-3.2667961454694224e-06
481.35796654600006	0.09060135337136975	-3.2530569723575966e-06
482.56740867300005	0.09065172414194728	-3.238157737742329e-06
483.77685080000003	0.09070190589466952	-3.2221075370054584e-06
484.986292927	0.09075189830183804	-3.204917714138826e-06
486.195735054	0.09080170104983845	-3.186601767218598e-06
487.40517718100006	0.09085131384057829	-3.167175252933448e-06
488.61461930800004	0.09090073639285191	-3.146655680830751e-06
489.82406143500003	0.09094996844362806	-3.1250624142775716e-06
491.033503562	0.09099900974926704	-3.1024165639100727e-06
492.242945689	0.091047860086661	-3.078740880355776e-06
493.45238781600005	0.0910965192543027	-3.0540596486050956e-06
494.66182994300004	0.09114498707328074	-3.028398577755348e-06
495.87127207000003	0.09119326338820173	-3.0017846945368897e-06
497.080714197	0.09124134806804068	-2.9742462349095665e-06
498.290156324	0.09128924100691656	-2.945812537908702e-06
499.49959845100005	0.09133694212480062	-2.9165139387152493e-06
500.70904057800004	0.09138445136815565	-2.8863816648092904e-06
501.91848270500003	0.0914317687105056	-2.8554477322015783e-06
503.127924832	0.09147889415293152	-2.823744845210098e-06
504.337366959	0.0915258277245069	-2.7913062998724714e-06
505.54680908600005	0.09157256948266759	-2.7581658824705342e-06
506.75625121300004	0.09161911951351231	-2.72435777993987e-06
507.96569334000003	0.09166547793204505	-2.6899164891090553e-06
509.175135467	0.09171164488235088	-2.6548767238048026e-06
510.384577594	0.09175762053771602	-2.6192733375708657e-06
511.59401972100005	0.09180340510068724	-2.58314123696167e-06
512.803461848	0.0918489988030722	-2.5465153028059048e-06
514.0129039750001	0.09189440190588755	-2.5094303179671475e-06
515.2223461020001	0.09193961469925402	-2.4719208933687785e-06
516.4317882290001	0.09198463750223071	-2.4340214017975873e-06
517.641230356	0.0920294706626137	-2.3957659099037125e-06
518.850672483	0.09207411455667472	-2.3571881206009353e-06
520.06011461	0.09211856958885417	-2.318321313194915e-06
521.269556737	0.09216283619141726	-2.279198287072173e-06
522.478998864	0.09220691482405938	-2.239851313307108e-06
523.688440991	0.09225080597347321	-2.200312084200209e-06
524.897883118	0.09229451015287893	-2.1606116712249277e-06
526.1073252450001	0.09233802790151498	-2.1207804815306216e-06
527.3167673720001	0.09238135978409494	-2.080848218520005e-06
528.5262094990001	0.09242450639023196	-2.0408438490383254e-06
529.735651626	0.09246746833383025	-2.000795570346669e-06
530.945093753	0.09251024625244976	-1.960730779440305e-06
532.15453588	0.09255284080664161	-1.9206760491646115e-06
533.363978007	0.09259525267926168	-1.8806571027652423e-06
534.573420134	0.09263748257475887	-1.840698793066117e-06
535.782862261	0.0926795312184403	-1.8008250845672956e-06
536.9923043880001	0.0927213993557215	-1.7610590381066072e-06
538.2017465150001	0.09276308775135726	-1.7214227995755468e-06
539.4111886420001	0.0928045971886585	-1.6819375858710065e-06
540.6206307690001	0.0928459284686926	-1.6426236783554378e-06
541.830072896	0.09288708240947319	-1.603500417763235e-06
543.039515023	0.09292805984514517	-1.5645861999007093e-06
544.24895715	0.09296886162515222	-1.5258984729018102e-06
545.458399277	0.09300948861341043	-1.4874537375608414e-06
546.667841404	0.09304994168746	-1.449267553558981e-06
547.877283531	0.09309022173763681	-1.4113545369131434e-06
549.0867256580001	0.09313032966622067	-1.3737283705203358e-06
550.2961677850001	0.09317026638659819	-1.3364018113013916e-06
551.5056099120001	0.09321003282242499	-1.2993866983613777e-06
552.715052039	0.09324962990678581	-1.262693962561668e-06
553.924494166	0.09328905858136619	-1.2263336392222574e-06
555.133936293	0.09332831979562492	-1.190314884126653e-06
556.34337842	0.09336741450598121	-1.1546459845636971e-06
557.552820547	0.09340634367500064	-1.1193343774468024e-06
558.762262674	0.09344510827060201	-1.0843866651080983e-06
559.971704801	0.09348370926526729	-1.0498086332126527e-06
561.1811469280001	0.09352214763527018	-1.0156052701257053e-06
562.3905890550001	0.09356042435991073	-9.817807883457115e-07
563.6000311820001	0.09359854042077388	-9.483386417485826e-07
564.809473309	0.09363649680099383	-9.152815506886328e-07
566.018915436	0.0936742944845438	-8.826115214366558e-07
567.228357563	0.09371193445553447	-8.503298694795999e-07
568.43779969	0.09374941769753652	-8.184372441128284e-07
569.647241817	0.09378674519291812	-7.869336511525175e-07
570.856683944	0.09382391792220401	-7.558184775375168e-07
572.066126071	0.09386093686345412	-7.25090515657993e-07
573.2755681980001	0.0938978029916596	-6.947479874544023e-07
574.4850103250001	0.09393451727816474	-6.647885713914405e-07
575.6944524520001	0.09397108069010376	-6.352094256016798e-07
576.903894579	0.09400749418986717	-6.0600721396647e-07
578.113336706	0.09404375873458186	-5.77178132974674e-07
579.322778833	0.09407987527562099	-5.487179335690053e-07
580.53222096	0.09411584475812856	-5.206219490094667e-07
581.741663087	0.09415166812057513	-4.928851198841626e-07
582.951105214	0.09418734629432787	-4.655020173403273e-07
584.160547341	0.09422288020325038	-4.384668703515416e-07
585.3699894680001	0.09425827076331876	-4.1177358680438984e-07
586.5794315950001	0.09429351888226781	-3.854157798441885e-07
587.7888737220001	0.09432862545925372	-3.5938678993229596e-07
588.998315849	0.09436359138454369	-3.3367970932361647e-07
590.207757976	0.09439841753922129	-3.082874045543363e-07
591.417200103	0.09443310479492657	-2.8320253629436987e-07
592.62664223	0.09446765401360212	-2.584175828342917e-07
593.836084357	0.09450206604727589	-2.3392486055832896e-07
595.045526484	0.09453634173785612	-2.0971654390414947e-07
596.2549686110001	0.09457048191695144	-1.857846848191594e-07
597.4644107380001	0.09460448740570904	-1.621212316832201e-07
598.6738528650001	0.09463835901467671	-1.3871804721946967e-07
599.8832949920001	0.09467209754368278	-1.1556692595624882e-07
601.092737119	0.094705703781735	-9.265960943640814e-08
602.302179246	0.09473917850694233	-6.998780533055016e-08
603.511621373	0.09477252248644984	-4.7543196856164016e-08
604.7210635	0.09480573647639683	-2.5317461819361816e-08
605.930505627	0.09483882122189062	-3.3022836861661572e-09
607.139947754	0.09487177745699603	1.8510636028627278e-08
608.3493898810001	0.09490460590474517	4.012956527290066e-08
609.5588320080001	0.09493730727715828	6.156273120257587e-08
610.7682741350001	0.09496988227528444	8.281831113284196e-08
611.9777162620001	0.09500233158925721	1.0390442049939831e-07
613.187158389	0.09503465589835826	1.2482910704252394e-07
614.396600516	0.09506685587110474	1.456003411088741e-07
615.606042643	0.0950989321653398	1.6622600993419407e-07
616.81548477	0.09513088542834044	1.8671390937378174e-07
618.024926897	0.09516271629694065	2.0707174142808556e-07
619.234369024	0.09519442539765618	2.2730710415068038e-07
620.4438111510001	0.09522601334682843	2.4742748986246524e-07
621.6532532780001	0.0952574807507736	2.6744028339035835e-07
622.8626954050001	0.0952888282059448	2.8735275200622185e-07
624.072137532	0.09532005629909819	3.0717204769977524e-07
625.281579659	0.09535116560747138	3.269052019826649e-07
626.491021786	0.0953821566989665	3.465591233276155e-07
627.700463913	0.09541303013233945	3.661405957416393e-07
628.90990604	0.09544378645739993	3.856562759369642e-07
630.119348167	0.09547442621520864	4.0511269095260266e-07
631.328790294	0.09550494993829277	4.2451623886418674e-07
632.5382324210001	0.0955353581508477	4.4387318520353215e-07
633.7476745480001	0.09556565136896067	4.6318966283764025e-07
634.9571166750001	0.09559583010082372	4.82471668066505e-07
636.166558802	0.09562589484695773	5.017250640150244e-07
637.376000929	0.09565584610043575	5.209555736374226e-07
638.585443056	0.09568568434710638	5.401687824785785e-07
639.794885183	0.09571541006582199	5.593701361341161e-07
641.00432731	0.0957450237286608	5.785649361899266e-07
642.213769437	0.09577452580116048	5.977583431462947e-07
643.4232115640001	0.09580391674253862	6.169553705354034e-07
644.6326536910001	0.09583319700591905	6.36160882877911e-07
645.8420958180001	0.09586236703855991	6.553795968369813e-07
647.0515379450001	0.09589142728207095	6.746160738724791e-07
648.260980072	0.0959203781726382	6.938747224481952e-07
649.470422199	0.09594922014124065	7.131597925621653e-07
650.679864326	0.09597795361386553	7.32475372840354e-07
651.889306453	0.09600657901171825	7.518253886773331e-07
653.09874858	0.09603509675143797	7.712135973771365e-07
654.308190707	0.09606350724529378	7.906435831428097e-07
655.5176328340001	0.09609181090139293	8.101187592695481e-07
656.7270749610001	0.09612000812387428	8.296423590068054e-07
657.9365170880001	0.09614809931310171	8.492174330753853e-07
659.1459592150001	0.09617608486585387	8.688468476234075e-07
660.355401342	0.09620396517550124	8.885332791119841e-07
661.564843469	0.09623174063218912	9.082792085360733e-07
662.774285596	0.096259411623009	9.280869238246797e-07
663.983727723	0.09628697853216446	9.47958508226735e-07
665.19316985	0.09631444174113354	9.678958435838902e-07
666.402611977	0.09634180162882472	9.879006031127327e-07
667.6120541040001	0.09636905857172844	1.0079742508938668e-06
668.8214962310001	0.09639621294405894	1.0281180372354015e-06
670.0309383580001	0.0964232651178943	1.04833299825694e-06
671.2403804850001	0.09645021546330917	1.0686199507863396e-06
672.449822612	0.0964770643485043	1.0889794940308202e-06
673.659264739	0.09650381213992287	1.109412007557005e-06
674.868706866	0.09653045920236943	1.1299176479785161e-06
676.078148993	0.09655700589911706	1.1504963528822339e-06
677.28759112	0.09658345259201503	1.171147837525319e-06
678.497033247	0.0966097996415801	1.1918715998343264e-06
679.7064753740001	0.09663604740709453	1.2126669167101667e-06
680.9159175010001	0.09666219624668904	1.233532850285649e-06
682.1253596280001	0.09668824651742687	1.2544682495756533e-06
683.3348017550001	0.09671419857537555	1.2754717526821676e-06
684.544243882	0.0967400527756793	1.296541791881457e-06
685.753686009	0.09676580947262689	1.3176765983467356e-06
686.963128136	0.09679146901970401	1.3388742083973845e-06
688.172570263	0.09681703176965722	1.3601324664844081e-06
689.38201239	0.09684249807453796	1.3814490341867202e-06
690.5914545170001	0.09686786828575007	1.402821396577154e-06
691.8008966440001	0.09689314275409097	1.4242468714519322e-06
693.0103387710001	0.0969183218297876	1.4457226139221842e-06
694.2197808980001	0.09694340586253	1.4672456301541933e-06
695.429223025	0.09696839520149872	1.488812781099722e-06
696.638665152	0.09699329019539008	1.5104207982937824e-06
697.848107279	0.09701809119243548	1.5320662889746529e-06
699.057549406	0.09704279854042126	1.5537457484915008e-06
700.266991533	0.09706741258670051	1.575455571324898e-06
701.47643366	0.09709193367820405	1.5971920626556267e-06
702.6858757870001	0.0971163621614488	1.6189514456383247e-06
703.8953179140001	0.09714069838254173	1.6407298801890677e-06
705.1047600410001	0.09716494268718406	1.6625234653416635e-06
706.3142021680001	0.09718909542066805	1.6843282581929267e-06
707.523644295	0.09721315692787551	1.7061402816163306e-06
708.733086422	0.09723712755327249	1.7279555365043563e-06
709.942528549	0.09726100764090133	1.7497700130444185e-06
711.151970676	0.09728479753437505	1.7715797002807105e-06
712.361412803	0.09730849757686175	1.7933805994872285e-06
713.57085493	0.09733210811107446	1.8151687308174836e-06
714.7802970570001	0.09735562947925613	1.8369401470643376e-06
715.9897391840001	0.09737906202316711	1.8586909432198459e-06
717.1991813110001	0.097402406084064	1.8804172612793174e-06
718.4086234380001	0.09742566200268442	1.9021153044452573e-06
719.618065565	0.09744883011922974	1.923781342196526e-06
720.827507692	0.09747191077333923	1.9454117203449527e-06
722.036949819	0.09749490430407719	1.967002865221893e-06
723.246391946	0.09751781104990528	1.9885512915259337e-06
724.455834073	0.0975406313486635	2.010053610452772e-06
725.6652762	0.09756336553754741	2.0315065319761157e-06
726.8747183270001	0.09758601395308426	2.0529068730754606e-06
728.0841604540001	0.09760857693110897	2.0742515596899904e-06
729.2936025810001	0.09763105480674217	2.0955376307710694e-06
730.5030447080001	0.09765344791436602	2.116762242212897e-06
731.712486835	0.09767575658759611	2.1379226681782856e-06
732.921928962	0.09769798115926223	2.15901630400764e-06
734.131371089	0.09772012196138238	2.1800406669328427e-06
735.340813216	0.09774217932513388	2.2009933995962363e-06
736.550255343	0.09776415358083586	2.221872268343618e-06
737.7596974700001	0.09778604505792143	2.24267516387132e-06
738.9691395970001	0.09780785408491052	2.263400099763233e-06
740.1785817240001	0.09782958098939142	2.28404521344008e-06
741.3880238510001	0.0978512260979929	2.3046087651618797e-06
742.5974659780001	0.09787278973636214	2.3250891359332944e-06
743.806908105	0.09789427222913893	2.3454848256729238e-06
745.016350232	0.09791567389993673	2.3657944522582316e-06
746.225792359	0.09793699507131685	2.3860167503014104e-06
747.435234486	0.09795823606476509	2.4061505664897337e-06
748.644676613	0.09797939720067395	2.4261948600105605e-06
749.8541187400001	0.09800047879831614	2.446148699242665e-06
751.0635608670001	0.09802148117582722	2.466011258006568e-06
752.2730029940001	0.09804240465018385	2.4857818159335885e-06
753.4824451210001	0.09806324953718192	2.5054597539929344e-06
754.6918872480001	0.09808401615141975	2.5250445552257355e-06
755.901329375	0.0981047048062789	2.544535797398146e-06
757.110771502	0.09812531581390366	2.5639331567377463e-06
758.320213629	0.09814584948518446	2.583236402692534e-06
759.529655756	0.09816630612974285	2.6024453966600684e-06
760.739097883	0.09818668605591274	2.62156009022493e-06
761.9485400100001	0.09820698957072435	2.6405805252863485e-06
763.1579821370001	0.09822721697989258	2.659506830949787e-06
764.3674242640001	0.09824736858779956	2.6783392238413065e-06
765.5768663910001	0.09826744469748254	2.6970780055960958e-06
766.786308518	0.0982874456106204	2.7157235639403333e-06
767.995750645	0.09830737162752379	2.734276373065202e-06
769.205192772	0.09832722304712349	2.7527369902030614e-06
770.414634899	0.09834700016695783	2.771106057656899e-06
771.624077026	0.09836670328316627	2.7893843027724144e-06
772.833519153	0.09838633269047928	2.80757253846098e-06
774.0429612800001	0.09840588868221202	2.8256716615432047e-06
775.2524034070001	0.09842537155025474	2.8436826553875547e-06
776.4618455340001	0.09844478158507136	2.861606590813893e-06
777.6712876610001	0.0984641190756894	2.8794446238809427e-06
778.880729788	0.09848338430969947	2.8971979997671133e-06
780.090171915	0.09850257757325022	2.9148680525007557e-06
781.299614042	0.09852169915104643	2.932456204687221e-06
782.509056169	0.09854074932634604	2.949963970700392e-06
783.718498296	0.0985597283809601	2.9673929540836884e-06
784.9279404230001	0.09857863659525318	2.9847448519768528e-06
786.1373825500001	0.09859747424814336	3.0020214530973203e-06
787.3468246770001	0.09861624161710425	3.019224639653611e-06
788.5562668040001	0.09863493897816662	3.036356387954185e-06
789.7657089310001	0.09865356660592164	3.053418767908807e-06
790.975151058	0.09867212477352537	3.070413943646481e-06
792.184593185	0.09869061375270252	3.087344174191093e-06
793.394035312	0.09870903381375111	3.1042118112988214e-06
794.603477439	0.09872738522554922	3.1210193027396594e-06
795.812919566	0.09874566825556019	3.137769188130738e-06
797.0223616930001	0.09876388316984176	3.1544641006119667e-06
798.2318038200001	0.09878203023305286	3.1711067646507767e-06
799.4412459470001	0.09880010970845793	3.187699995820523e-06
800.6506880740001	0.09881812185794062	3.204246698957877e-06
801.8601302010001	0.09883606694201173	3.220749865217298e-06
803.069572328	0.0988539452198161	3.2372125724130916e-06
804.279014455	0.09887175694914457	3.2536379819197568e-06
805.488456582	0.09888950238644437	3.270029336128048e-06
806.697898709	0.0989071817868315	3.2863899547963653e-06
807.907340836	0.09892479540409507	3.302723234051142e-06
809.1167829630001	0.09894234349071494	3.3190326423288342e-06
810.3262250900001	0.09895982629787264	3.335321717703559e-06
811.5356672170001	0.09897724407545896	3.351594064011691e-06
812.7451093440001	0.09899459707208987	3.3678533457039573e-06
813.9545514710001	0.09901188553511565	3.384103285123681e-06
815.163993598	0.09902910971063442	3.4003476598221417e-06
816.373435725	0.0990462698435026	3.416590295342689e-06
817.582877852	0.09906336617734925	3.432835063069773e-06
818.792319979	0.0990803989545891	3.449085874011726e-06
820.001762106	0.09909736841642963	3.4653466750753344e-06
821.2112042330001	0.099114274802889	3.4816214433888887e-06
822.4206463600001	0.09913111835280336	3.4979141827474337e-06
823.6300884870001	0.09914789930384411	3.51422891787088e-06
824.8395306140001	0.09916461789252463	3.530569687344673e-06
826.0489727410001	0.09918127435421574	3.546940542089243e-06
827.258414868	0.09919786892315377	3.563345536983323e-06
828.467856995	0.09921440183245718	3.5797887285175797e-06
829.677299122	0.09923087331413184	3.5962741666875526e-06
830.886741249	0.09924728359908828	3.612805891711907e-06
832.0961833760001	0.09926363291714801	3.6293879284294904e-06
833.3056255030001	0.09927992149705743	3.6460242804879036e-06
834.5150676300001	0.09929614956649489	3.662718926222865e-06
835.7245097570001	0.09931231735208568	3.6794758128272027e-06
836.9339518840001	0.09932842507940699	3.6962988515746172e-06
838.143394011	0.09934447297300195	3.7131919143955936e-06
839.352836138	0.09936046125638834	3.730158826436895e-06
840.562278265	0.0993763901520657	3.747203363836326e-06
841.771720392	0.09939225988152597	3.764329248336001e-06
842.981162519	0.09940807066526555	3.781540142134314e-06
844.1906046460001	0.09942382272278806	3.7988396432670554e-06
845.4000467730001	0.09943951627261775	3.816231285235329e-06
846.6094889000001	0.09945515153230497	3.833718526859859e-06
847.8189310270001	0.09947072871843515	3.851304753138262e-06
849.0283731540001	0.09948624804663717	3.868993270397392e-06
850.237815281	0.0995017097315905	3.886787301748872e-06
851.447257408	0.09951711398703135	3.904689984266762e-06
852.656699535	0.09953246102576313	3.922704365199786e-06
853.866141662	0.09954775105966093	3.940833400487356e-06
855.075583789	0.09956298429967766	3.959079947848926e-06
856.2850259160001	0.09957816095585598	3.977446770250829e-06
857.4944680430001	0.09959328123732915	3.995936525642023e-06
858.7039101700001	0.0996083453523301	4.014551770684174e-06
859.9133522970001	0.0996233535081978	4.033294953951123e-06
861.1227944240001	0.09963830591138517	4.052168415515445e-06
862.332236551	0.09965320276746177	4.071174385191812e-06
863.541678678	0.09966804428112411	4.090314977718576e-06
864.751120805	0.09968283065620005	4.109592191816807e-06
865.960562932	0.09969756209565635	4.12900791052357e-06
867.170005059	0.09971223880160224	4.148563895259224e-06
868.3794471860001	0.09972686097530037	4.168261785879264e-06
869.5888893130001	0.09974142881716765	4.188103099401692e-06
870.7983314400001	0.09975594252678857	4.208089224407087e-06
872.0077735670001	0.09977040230291548	4.2282214262505795e-06
873.2172156940001	0.09978480834347991	4.24850083458738e-06
874.426657821	0.09979916084559849	4.268928450278062e-06
875.636099948	0.09981346000557909	4.289505139491875e-06
876.845542075	0.09982770601892825	4.310231631770529e-06
878.054984202	0.0998418990803595	4.331108517092961e-06
879.2644263290001	0.09985603938380215	4.352136242378833e-06
880.4738684560001	0.09987012712240619	4.373315112111408e-06
881.6833105830001	0.09988416248855336	4.394645282027401e-06
882.8927527100001	0.09989814567386432	4.416126758076376e-06
884.1021948370001	0.09991207686920534	4.437759391020312e-06
885.3116369640001	0.09992595626470199	4.459542872495764e-06
886.521079091	0.09993978404974198	4.481476732987522e-06
887.730521218	0.0999535604129871	4.503560335623602e-06
888.939963345	0.0999672855423809	4.525792871050731e-06
890.149405472	0.09998095962515863	4.548173354727084e-06
891.3588475990001	0.09999458284785434	4.570700617823804e-06
892.5682897260001	0.1000081553963081	4.593373305446463e-06
893.7777318530001	0.10002167745567593	4.616189869211566e-06
894.9871739800001	0.10003514921043402	4.639148559960466e-06
896.1966161070001	0.10004857084438856	4.662247424130624e-06
897.406058234	0.10006194254067564	4.685484297099957e-06
898.615500361	0.10007526448177251	4.708856799013265e-06
899.824942488	0.1000885368494941	4.732362327386973e-06
901.034384615	0.10010175982499807	4.7559980524759936e-06
902.243826742	0.10011493358878616	4.779760912874596e-06
903.4532688690001	0.10012805832069915	4.803647610690423e-06
904.6627109960001	0.10014113419991709	4.827654605757004e-06
905.8721531230001	0.10015416140494804	4.851778112278865e-06
907.0815952500001	0.10016714011362746	4.876014091419954e-06
908.2910373770001	0.1001800705031051	4.90035824529084e-06
909.500479504	0.10019295274983282	4.924806011761615e-06
910.709921631	0.1002057870295552	4.949352555206979e-06
911.919363758	0.10021857351729409	4.973992759908562e-06
913.128805885	0.10023131238733302	4.998721221647229e-06
914.338248012	0.10024400381320508	5.0235322437822845e-06
915.5476901390001	0.10025664796767877	5.0484198343136194e-06
916.7571322660001	0.10026924502274871	5.073377706918286e-06
917.9665743930001	0.1002817951496208	5.098399286276928e-06
919.1760165200001	0.10029429851870934	5.123477721157523e-06
920.3854586470001	0.10030675529962951	5.148605907672915e-06
921.594900774	0.10031916566119325	5.1737765139172115e-06
922.804342901	0.1003315297714092	5.198982018042019e-06
924.013785028	0.10034384779748315	5.224214738785087e-06
925.223227155	0.10035611990581791	5.249466882923773e-06
926.432669282	0.10036834626201505	5.2747305796803315e-06
927.6421114090001	0.10038052703087574	5.299997920402784e-06
928.8515535360001	0.10039266237641056	5.325260983045673e-06
930.0609956630001	0.10040475246183751	5.350511858134812e-06
931.2704377900001	0.1004167974495911	5.375742657426327e-06
932.4798799170001	0.10042879750132934	5.400945514906711e-06
933.689322044	0.10044075277794401	5.426112581463584e-06
934.898764171	0.10045266343957081	5.451236001802572e-06
936.108206298	0.10046452964560317	5.4763078898876665e-06
937.317648425	0.10047635155470704	5.501320293430911e-06
938.5270905520001	0.10048812932484066	5.526265149772719e-06
939.7365326790001	0.10049986311326878	5.5511342415619506e-06
940.9459748060001	0.10051155307658881	5.575919145182244e-06
942.1554169330001	0.10052319937075073	5.600611174835115e-06
943.3648590600001	0.10053480215108133	5.625201332350707e-06
944.5743011870001	0.10054636157231096	5.649680248950169e-06
945.783743314	0.10055787778859937	5.674038134159619e-06
946.993185441	0.1005693509535635	5.698264726740245e-06
948.202627568	0.10058078122030463	5.7223492450954e-06
949.412069695	0.1005921687414387	5.7462803461899006e-06
950.6215118220001	0.10060351366912373	5.770046090282109e-06
951.8309539490001	0.10061481615508941	5.793633907650977e-06
953.0403960760001	0.10062607635066302	5.817030578207722e-06
954.2498382030001	0.1006372944067957	5.840222214782018e-06
955.4592803300001	0.1006484704740879	5.86319425693666e-06
956.6687224570001	0.10065960470281737	5.885931470890895e-06
957.878164584	0.10067069724295319	5.908417962303674e-06
959.087606711	0.10068174824417438	5.930637195833272e-06
960.297048838	0.10069275785589157	5.952572024952304e-06
961.506490965	0.10070372622725461	5.974204728803339e-06
962.7159330920001	0.10071465350716217	5.995517060867289e-06
963.9253752190001	0.10072553984426715	6.016490307769025e-06
965.1348173460001	0.10073638538698045	6.037105351457868e-06
966.3442594730001	0.10074719028346697	6.057342743812561e-06
967.5537016000001	0.10075795468163859	6.077182786031794e-06
968.763143727	0.1007686787291475	6.096605617267149e-06
969.972585854	0.10077936257337226	6.115591306626244e-06
971.182027981	0.10079000636140269	6.134119954174854e-06
972.391470108	0.10080061024001913	6.152171790479746e-06
973.600912235	0.10081117435567222	6.16972728510788e-06
974.8103543620001	0.1008216988544578	6.186767252935716e-06
976.0197964890001	0.10083218388209407	6.2032729673904825e-06
977.2292386160001	0.10084262958389002	6.219226269958923e-06
978.4386807430001	0.1008530361047211	6.2346096811797745e-06
979.6481228700001	0.1008634035890013	6.249406505413351e-06
980.857564997	0.1008737321806525	6.263600943857519e-06
982.067007124	0.10088402202307885	6.277178192016754e-06
983.276449251	0.1008942732591385	6.290124542280497e-06
984.485891378	0.10090448603112269	6.302427474373782e-06
985.6953335050001	0.10091466048073063	6.314075745392659e-06
986.9047756320001	0.1009247967490488	6.3250594704799055e-06
988.1142177590001	0.10093489497653366	6.335370194038541e-06
989.3236598860001	0.10094495530299918	6.345000958454009e-06
990.5331020130001	0.10095497786760164	6.353946358013068e-06
991.7425441400001	0.1009649628088347	6.3622025876347834e-06
992.951986267	0.10097491026452352	6.3697674827348095e-06
994.161428394	0.10098482037182292	6.376640543083171e-06
995.370870521	0.10099469326721866	6.3828229567085184e-06
996.580312648	0.10100452908653551	6.3883176029771774e-06
997.7897547750001	0.1010143279649418	6.393129052306248e-06
998.9991969020001	0.1010240900369591	6.397263553565809e-06
1000.2086390290001	0.10103381543647882	6.400729012713648e-06
1001.4180811560001	0.101043504296777	6.4035349552786735e-06
1002.6275232830001	0.101053156750527	6.405692489616174e-06
1003.8369654100001	0.10106277292981945	6.407214249384911e-06
1005.046407537	0.10107235296618039	6.408114336491738e-06
1006.255849664	0.10108189699059177	6.408408251010482e-06
1007.465291791	0.10109140513350623	6.408112810085697e-06
1008.674733918	0.10110087752486352	6.407246067417766e-06
1009.8841760450001	0.10111031429411357	6.4058272195503075e-06
1011.0936181720001	0.10111971557022457	6.40387650712081e-06
1012.3030602990001	0.10112908148170006	6.401415112093673e-06
1013.5125024260001	0.10113841215658798	6.398465053673528e-06
1014.7219445530001	0.10114770772249039	6.395049070206645e-06
1015.9313866800001	0.10115696830656362	6.391190511471482e-06
1017.140828807	0.10116619403552794	6.386913217595051e-06
1018.350270934	0.10117538503566298	6.382241404629732e-06
1019.559713061	0.10118454143280346	6.377199544808678e-06
1020.769155188	0.10119366335233354	6.3718122494478394e-06
1021.9785973150001	0.10120275091917508	6.366104153946953e-06
1023.1880394420001	0.10121180425777516	6.360099800794739e-06
1024.397481569	0.10122082349209083	6.353823531831678e-06
1025.606923696	0.10122980874556894	6.347299378561883e-06
1026.816365823	0.10123876014112604	6.340550955847533e-06
1028.0258079500002	0.10124767780112752	6.3336013682844045e-06
1029.235250077	0.10125656184735883	6.3264731131516525e-06
1030.4446922040001	0.10126541240100363	6.3191879959926525e-06
1031.654134331	0.10127422958261213	6.311767048289008e-06
1032.8635764580001	0.10128301351208123	6.304230451953174e-06
1034.073018585	0.1012917643086206	6.2965974756982815e-06
1035.282460712	0.10130048209073426	6.28888641586942e-06
1036.491902839	0.1013091669761883	6.281114542715196e-06
1037.701344966	0.10131781908199003	6.273298057498779e-06
1038.9107870930002	0.10132643852436546	6.265452057911309e-06
1040.12022922	0.1013350254187412	6.257590511593524e-06
1041.3296713470002	0.10134357987972469	6.249726233182245e-06
1042.539113474	0.1013521020210922	6.241870875950177e-06
1043.7485556010001	0.1013605919557763	6.234034925423494e-06
1044.957997728	0.1013690497958602	6.226227702224161e-06
1046.167439855	0.10137747565257102	6.218457374213174e-06
1047.376881982	0.1013858696362835	6.210730972954346e-06
1048.586324109	0.10139423185652145	6.203054417025483e-06
1049.795766236	0.10140256242196755	6.19543253986097e-06
1051.005208363	0.10141086144047301	6.187869129243638e-06
1052.2146504900002	0.10141912901907643	6.180366961048459e-06
1053.424092617	0.10142736526402045	6.172927849145478e-06
1054.6335347440001	0.10143557028077493	6.165552691715646e-06
1055.842976871	0.10144374417407008	6.158241525249565e-06
1057.0524189980001	0.10145188704792023	6.15099357619027e-06
1058.261861125	0.10145999900565647	6.14380732255071e-06
1059.471303252	0.10146808014996851	6.13668055185153e-06
1060.680745379	0.10147613058293706	6.129610420852668e-06
1061.890187506	0.10148415040607729	6.122593518352913e-06
1063.0996296330002	0.10149213972038093	6.1156259271503205e-06
1064.30907176	0.10150009862635695	6.108703286579749e-06
1065.5185138870002	0.10150802722407998	6.10182085197014e-06
1066.727956014	0.10151592561323092	6.094973556507921e-06
1067.9373981410001	0.10152379389314165	6.08815607059733e-06
1069.146840268	0.1015316321628439	6.081362858631333e-06
1070.356282395	0.10153944052110922	6.074588231297485e-06
1071.565724522	0.10154721906649097	6.067826402548977e-06
1072.775166649	0.10155496789736938	6.061071535725552e-06
1073.9846087760002	0.101562687111988	6.054317794019305e-06
1075.194050903	0.1015703768084938	6.04755938055932e-06
1076.4034930300002	0.10157803708497136	6.04079058053833e-06
1077.612935157	0.10158566803947483	6.03400580070902e-06
1078.8223772840001	0.10159326977005985	6.027199600353777e-06
1080.031819411	0.1016008423748099	6.020366723651691e-06
1081.2412615380001	0.10160838595185946	6.013502124110915e-06
1082.450703665	0.10161590059941886	6.006600989452911e-06
1083.660145792	0.10162338641578747	5.999658762514304e-06
1084.869587919	0.10163084349936982	5.99267115583459e-06
1086.079030046	0.10163827194868684	5.985634165767932e-06
1087.2884721730002	0.10164567186238574	5.978544082741446e-06
1088.4979143	0.10165304333923819	5.9713974990514535e-06
1089.7073564270001	0.10166038647815033	5.9641913107344975e-06
1090.916798554	0.10166770137815329	5.956922721829324e-06
1092.1262406810001	0.10167498813840224	5.949589242288686e-06
1093.335682808	0.10168224685816758	5.942188685252504e-06
1094.545124935	0.10168947763682509	5.934719160796968e-06
1095.754567062	0.1016966805738421	5.927179069085308e-06
1096.964009189	0.10170385576876265	5.919567094089432e-06
1098.1734513160002	0.10171100332119112	5.911882188279797e-06
1099.382893443	0.10171812333077108	5.904123565844439e-06
1100.5923355700002	0.10172521589716355	5.896290687379623e-06
1101.801777697	0.10173228112002876	5.88838324614796e-06
1103.0112198240001	0.10173931909899787	5.880401154732632e-06
1104.220661951	0.10174632993364952	5.8723445311240475e-06
1105.430104078	0.10175331372348553	5.864213680493095e-06
1106.639546205	0.10176027056790357	5.85600908467801e-06
1107.848988332	0.10176720056617185	5.847731383434367e-06
1109.058430459	0.10177410381739871	5.839381359400808e-06
1110.267872586	0.10178098042051038	5.830959925704162e-06
1111.4773147130002	0.10178783047422271	5.822468108140074e-06
1112.68675684	0.10179465407701269	5.813907034370698e-06
1113.8961989670001	0.10180145132709709	5.805277918911216e-06
1115.105641094	0.10180822232240366	5.796582048634263e-06
1116.3150832210001	0.1018149671605512	5.787820775238654e-06
1117.524525348	0.10182168593882147	5.778995498046528e-06
1118.733967475	0.10182837875414004	5.77010765956613e-06
1119.943409602	0.10183504570305475	5.761158729943863e-06
1121.152851729	0.1018416868817157	5.752150200221768e-06
1122.3622938560002	0.10184830238585757	5.743083576386532e-06
1123.571735983	0.1018548923107816	5.733960369624933e-06
1124.7811781100002	0.10186145675133712	5.724782090034756e-06
1125.990620237	0.10186799580191289	5.715550242106533e-06
1127.2000623640001	0.1018745095564206	5.706266318950785e-06
1128.409504491	0.10188099810828212	5.696931798384806e-06
1129.618946618	0.10188746155042153	5.6875481406346885e-06
1130.828388745	0.10189389997525407	5.678116783207079e-06
1132.037830872	0.1019003134746806	5.668639140409633e-06
1133.2472729990002	0.1019067021400823	5.659116605142032e-06
1134.456715126	0.10191306606231179	5.649550540108957e-06
1135.6661572530002	0.10191940533169394	5.6399422867918465e-06
1136.87559938	0.10192572003801977	5.630293158305575e-06
1138.0850415070001	0.10193201027054885	5.620604443861474e-06
1139.294483634	0.10193827611800584	5.610877408398155e-06
1140.5039257610001	0.10194451766858276	5.601113292618325e-06
1141.713367888	0.10195073500994069	5.5913133169377745e-06
1142.922810015	0.10195692822921353	5.581478682325793e-06
1144.132252142	0.10196309741300895	5.571610570776886e-06
1145.341694269	0.10196924264741661	5.5617101491130636e-06
1146.5511363960002	0.10197536401800893	5.551778570102208e-06
1147.760578523	0.1019814616098509	5.541816975476158e-06
1148.9700206500002	0.10198753550750486	5.531826498116932e-06
1150.179462777	0.10199358579503436	5.521808261623954e-06
1151.3889049040001	0.10199961255601821	5.511763389125468e-06
1152.598347031	0.1020056158735529	5.501692995036849e-06
1153.807789158	0.10201159583026102	5.491598197433998e-06
1155.017231285	0.10201755250830284	5.481480114595825e-06
1156.226673412	0.10202348598938386	5.471339867209482e-06
1157.4361155390002	0.10202939635476223	5.461178582299088e-06
1158.645557666	0.10203528368525977	5.450997392879687e-06
1159.8549997930002	0.10204114806126917	5.440797438201559e-06
1161.06444192	0.10204698956276702	5.4305798678927194e-06
1162.2738840470001	0.10205280826932069	5.420345841105118e-06
1163.483326174	0.10205860426009682	5.410096528212228e-06
1164.6927683010001	0.10206437761387502	5.3998331125129905e-06
1165.902210428	0.10207012840904976	5.38955678835029e-06
1167.111652555	0.10207585672364884	5.3792687627059735e-06
1168.321094682	0.10208156263533659	5.3689702553980055e-06
1169.530536809	0.10208724622142305	5.358662498661118e-06
1170.7399789360002	0.10209290755887711	5.3483467387266095e-06
1171.949421063	0.10209854672433077	5.3380242317895405e-06
1173.1588631900001	0.10210416379409117	5.32769624713867e-06
1174.368305317	0.10210975884414576	5.317364065164367e-06
1175.5777474440001	0.10211533195017322	5.307028974140202e-06
1176.787189571	0.10212088318754997	5.296692272459871e-06
1177.996631698	0.10212641263135862	5.286355269313022e-06
1179.206073825	0.1021319203563946	5.2760192761520865e-06
1180.415515952	0.10213740643717396	5.265685612442361e-06
1181.6249580790002	0.10214287094793943	5.25535560121613e-06
1182.834400206	0.10214831396266859	5.245030565655742e-06
1184.0438423330002	0.10215373555507742	5.234711830640817e-06
1185.25328446	0.10215913579862979	5.224400720482093e-06
1186.4627265870001	0.1021645147665408	5.214098554036459e-06
1187.672168714	0.10216987253178256	5.203806647165002e-06
1188.881610841	0.10217520916708826	5.193526307143772e-06
1190.091052968	0.10218052474496182	5.1832588324962365e-06
1191.300495095	0.1021858193376752	5.173005509850208e-06
1192.5099372220002	0.10219109301727783	5.162767613569061e-06
1193.719379349	0.1021963458555988	5.152546400357603e-06
1194.9288214760002	0.10220157792425041	5.142343112035359e-06
1196.138263603	0.10220678929463184	5.132158968348486e-06
1197.3477057300001	0.10221198003793236	5.121995170745819e-06
1198.557147857	0.10221715022513377	5.111852891940206e-06
1199.7665899840001	0.10222229992701222	5.101733281360741e-06
1200.976032111	0.10222742921414481	5.091637460960693e-06
1202.185474238	0.10223253815690335	5.081566520969288e-06
1203.394916365	0.10223762682546353	5.071521520789432e-06
1204.604358492	0.10224269528980666	5.061503486911907e-06
1205.8138006190002	0.10224774361971334	5.051513408507747e-06
1207.023242746	0.1022527718847741	5.04155224126065e-06
1208.2326848730002	0.1022577801543848	5.031620899202645e-06
1209.442127	0.10226276849774708	5.021720256290172e-06
