0.0	0.0	0.0
1.209442127	0.00021513194315724983	4.682377142875658e-09
2.418884254	0.0008593319683236658	4.780694222708509e-09
3.6283263810000004	0.0019291752912139178	4.834318575994377e-09
4.837768508	0.0034191360695550277	4.841203164702603e-09
6.047210635000001	0.005321665447878092	4.795198689948398e-09
7.256652762000001	0.007627280533970337	4.714599809245578e-09
8.466094889	0.01032466355908882	4.612617209547891e-09
9.675537016	0.01340077135085298	4.498612450737126e-09
10.884979143	0.016840955138724717	4.418545548229868e-09
12.094421270000002	0.020629089509697832	4.3265751570934856e-09
13.303863397	0.024747709560850373	4.234138806454121e-09
14.513305524000002	0.02917815478864494	4.084330630513667e-09
15.722747651	0.03390071840800735	3.798320803824872e-09
16.932189778	0.03889480073508752	3.237498890966009e-09
18.141631905	0.04413906483228442	2.2677021318907534e-09
19.351074032	0.049611593136658916	7.85911371968899e-10
20.560516159000002	0.055290043354030385	-1.2914002566626534e-09
21.769958286	0.061151802197964296	-4.019017456822931e-09
22.979400413	0.06717413564836218	-7.439434275801228e-09
24.188842540000003	0.07333433453731872	-1.1584334157618247e-08
25.398284667000002	0.07960985419498515	-1.6477025656724295e-08
26.607726794	0.08597844704334157	-2.213993828365393e-08
27.817168921	0.0924182872010265	-2.8599315292607877e-08
29.026611048000003	0.09890808626224892	-3.588605158077664e-08
30.236053175000002	0.10542719956815463	-4.403382723377443e-08
31.445495302	0.11195572244092308	-5.3080618684188105e-08
32.654937429	0.11847457597020694	-6.306714905960666e-08
33.864379556	0.12496558207496307	-7.401955393702598e-08
35.073821683000006	0.1314115277049533	-8.592974019468793e-08
36.28326381	0.13779621816690446	-9.87620512176072e-08
37.492705937000004	0.14410451966380639	-1.1248343823330696e-07
38.702148064	0.15032239122883082	-1.270783947592072e-07
39.911590191	0.15643690637386737	-1.425209513291698e-07
41.121032318000005	0.16243626488991994	-1.5878463096008586e-07
42.330474445	0.16830979523443107	-1.7589109758814345e-07
43.539916572	0.17404794804830565	-1.9389522290014717e-07
44.749358699000005	0.17964228148927266	-2.128401898968962e-07
45.958800826	0.18508543900474425	-2.3275150243276063e-07
47.168242953000004	0.190371120181777	-2.53629674737584e-07
48.377685080000006	0.19549404543745488	-2.7539128499569123e-07
49.587127207	0.20044991533630363	-2.977613629861819e-07
50.796569334000004	0.20523536530699968	-3.201132622563943e-07
52.00601146100001	0.2098479165206543	-3.412496221287441e-07
53.215453588	0.21428592359046186	-3.592006927911623e-07
54.424895715000005	0.21854851947611437	-3.7129241351298957e-07
55.634337842	0.22263555797611703	-3.747054631017709e-07
56.843779969	0.22654755497208146	-3.671882953925165e-07
58.053222096000006	0.23028562976619313	-3.4728324815796376e-07
59.262664223	0.23385144693059282	-3.1399528687164347e-07
60.472106350000004	0.23724715875613522	-2.663773383648538e-07
61.68154847700001	0.24047534862617892	-2.0335336912591105e-07
62.890990604	0.2435389757701709	-1.237387253116303e-07
64.100432731	0.2464413218322997	-2.6330860801823842e-08
65.309874858	0.24918593962177985	8.999179552121278e-08
66.519316985	0.2517766043448691	2.2617352097693355e-07
67.728759112	0.25421726756476215	3.828802460773153e-07
68.93820123900001	0.25651201408809865	5.603855826944136e-07
70.14764336600001	0.2586650219307087	7.584417877293322e-07
71.357085493	0.2606805254692221	9.761428726708051e-07
72.56652762	0.26256278184107457	1.2117974189195334e-06
73.775969747	0.26431604061560043	1.4628378762230206e-06
74.98541187400001	0.2659445167241293	1.725798340276453e-06
76.19485400100001	0.2674523666043673	1.9963914507228454e-06
77.404296128	0.2688436674795688	2.269703713245831e-06
78.613738255	0.2701223996528114	2.5405048606335975e-06
79.823180382	0.2712924316549472	2.803633214651708e-06
81.032622509	0.27235750805231035	3.054386529711969e-06
82.24206463600001	0.27332123971067507	3.288834559437018e-06
83.45150676300001	0.2741870963294328	3.503988381647472e-06
84.66094889	0.2749584010937923	3.6978064663432067e-06
85.870391017	0.27563832732239896	3.869065590863675e-06
87.079833144	0.2762298969971916	4.017153430990996e-06
88.28927527100001	0.27673598104994335	4.141842118801467e-06
89.49871739800001	0.2771593012564521	4.243086485246621e-06
90.708159525	0.27750243356822013	4.320869929653926e-06
91.917601652	0.27776781270070144	4.375104106684723e-06
93.127043779	0.27795773779777	4.405578741325092e-06
94.33648590600001	0.2780743790010617	4.411953842080927e-06
95.54592803300001	0.27811978476632304	4.39378571262015e-06
96.75537016000001	0.2780958897840337	4.3505785315477614e-06
97.964812287	0.2780045233761907	4.281853532443241e-06
99.174254414	0.27784741825395454	4.187227941034444e-06
100.383696541	0.27762621953057764	4.066496068233674e-06
101.59313866800001	0.2773424938902762	3.919705655942298e-06
102.80258079500001	0.2769977388168488	3.7472240259905683e-06
104.01202292200001	0.27659339178747344	3.5497904311023677e-06
105.221465049	0.2761308393393683	3.3285528247956174e-06
106.430907176	0.27561142592296284	3.085088366312241e-06
107.64034930300001	0.2750364624667732	2.8214074780218556e-06
108.84979143000001	0.2744072345966132	2.5399411426914647e-06
110.05923355700001	0.27372501047187503	2.2435110094297763e-06
111.268675684	0.2729910482191269	1.935282876096533e-06
112.478117811	0.27220660295548027	1.618707960043765e-06
113.687559938	0.27137293340404406	1.29746527148341e-06
114.89700206500001	0.27049130811270516	9.754318960675345e-07
116.10644419200001	0.2695630112755739	6.567184880528965e-07
117.31588631900001	0.268589348084272	3.457856445757247e-07
118.525328446	0.2675716494365147	4.757281458889018e-08
119.734770573	0.26651127587886214	-2.3250119058880264e-07
120.94421270000001	0.26540962089421843	-4.887259315008128e-07
122.15365482700001	0.264268113746199	-7.153754465298463e-07
123.36309695400001	0.26308822193869696	-9.069408156802065e-07
124.572539081	0.2618714532088653	-1.0582689509859143e-06
125.781981208	0.2606193569770106	-1.1646243062511498e-06
126.99142333500001	0.25933352523198605	-1.2217076530768682e-06
128.200865462	0.2580155928631975	-1.2256588730998336e-06
129.410307589	0.256667237460091	-1.173058258049196e-06
130.619749716	0.2552901786020174	-1.0609303041830355e-06
131.82919184300002	0.2538861766622478	-8.867474621511876e-07
133.03863397	0.2524570311508356	-6.484283965182663e-07
134.24807609700002	0.25100457862107156	-3.4432522256501925e-07
135.457518224	0.24953069016356882	2.6804138394395647e-08
136.666960351	0.24803726851147093	4.6583912320600624e-07
137.87640247800002	0.24652624478129107	9.73351486242661e-07
139.085844605	0.2449995748777303	1.5496641338651973e-06
140.29528673200002	0.2434592355964304	2.19490413223407e-06
141.504728859	0.24190722046301022	2.909041620498188e-06
142.714170986	0.24034553534642253	3.691909564504441e-06
143.92361311300002	0.23877619387867757	4.543201918983217e-06
145.13305524	0.2372012127044671	5.462449720948146e-06
146.34249736700002	0.23562260657883366	6.448977498608723e-06
147.551939494	0.23404238333265176	7.501846286030794e-06
148.761381621	0.23246253873355488	8.619792564477203e-06
149.97082374800002	0.2308850512791873	9.801172547060949e-06
151.180265875	0.2293118769652673	1.1043918756580034e-05
152.38970800200002	0.22774494407119678	1.234551236069446e-05
153.599150129	0.22618614800205325	1.3702971964753805e-05
154.808592256	0.22463734622054535	1.5112857834249683e-05
156.018034383	0.22310035329744093	1.6571289809305952e-05
157.22747651	0.2215769361053593	1.8073977015889214e-05
158.43691863700002	0.22006880917862148	1.961625745807661e-05
159.646360764	0.2185776302613038	2.11931454899382e-05
160.85580289100002	0.2171049960664871	2.2799385001974013e-05
162.065245018	0.21565243827107738	2.442950598876149e-05
163.274687145	0.21422141977156078	2.607788220879956e-05
164.48412927200002	0.21281333122543206	2.773878791242519e-05
165.693571399	0.21142948790043542	2.940645214185049e-05
166.90301352600002	0.2100711268497031	3.1075109588348565e-05
168.112455653	0.20873940442616648	3.273904736550544e-05
169.32189778	0.20743539414534992	3.439264725552778e-05
170.53133990700002	0.20616008490211415	3.603042288300504e-05
171.740782034	0.20491437954432024	3.76470511446471e-05
172.95022416100002	0.2036990938043027	3.923739702879702e-05
174.159666288	0.2025149555873782	4.079653094364772e-05
175.369108415	0.2013626046148742	4.231973810090128e-05
176.57855054200002	0.20024259241741998	4.380252064081441e-05
177.787992669	0.19915538267223154	4.524059509549121e-05
178.99743479600002	0.19810135187599034	4.662989032898062e-05
180.206876923	0.1970807903429411	4.796655328949301e-05
181.41631905	0.1960939035162718	4.924697038977123e-05
182.62576117700002	0.1951408135802377	5.046780983762212e-05
183.835203304	0.1942215613604568	5.162608416164754e-05
185.04464543100002	0.1933361084996206	5.2719223711066085e-05
186.254087558	0.19248433989361774	5.3745143937770436e-05
187.46352968500003	0.19166606636746158	5.470228629849255e-05
188.67297181200001	0.19088102756270608	5.558961832268995e-05
189.882413939	0.1901288950029147	5.640659200660643e-05
191.09185606600002	0.1894092753061832	5.7153075018617274e-05
192.301298193	0.1887217135228332	5.7829277305501456e-05
193.51074032000002	0.1880656965851971	5.843569247318505e-05
194.720182447	0.18744065685883207	5.897306252211845e-05
195.929624574	0.18684597578109147	5.944236421736108e-05
197.13906670100002	0.18628098756820644	5.9844810922840174e-05
198.348508828	0.18574498296971825	6.0181864478118896e-05
199.55795095500002	0.18523721305001922	6.045525223174527e-05
200.767393082	0.1847568929796287	6.066697823039252e-05
201.976835209	0.1843032058193361	6.0819307473388515e-05
203.18627733600002	0.18387530627394602	6.0914710097095626e-05
204.395719463	0.1834723243865237	6.0955788813478364e-05
205.60516159000002	0.18309336915317273	6.094523088430967e-05
206.814603717	0.18273753205303275	6.088579300650293e-05
208.02404584400003	0.18240389048904607	6.078029635770891e-05
209.23348797100002	0.1820915111281723	6.0631614814417675e-05
210.442930098	0.1817994531274883	6.0442655251247265e-05
211.65237222500002	0.18152677123469366	6.0216334602977006e-05
212.861814352	0.18127251875415115	5.995555733193582e-05
214.07125647900003	0.18103575037152006	5.9663194939919636e-05
215.28069860600002	0.18081552483148058	5.93420679941261e-05
216.490140733	0.18061090746424158	5.8994930599314315e-05
217.69958286000002	0.18042097255756825	5.86244571134333e-05
218.909024987	0.18024480557208078	5.823323083076777e-05
220.11846711400003	0.18008150519852056	5.782373442232288e-05
221.32790924100001	0.17993018525655893	5.739834193238673e-05
222.537351368	0.17978997643565667	5.695931217562703e-05
223.74679349500002	0.17966002787927096	5.650878343237541e-05
224.956235622	0.17953950861453766	5.604876933383839e-05
226.16567774900003	0.17942760883023953	5.5581155874562784e-05
227.375119876	0.1793235410066044	5.5107699476605224e-05
228.584562003	0.17922654090097895	5.4630026055539654e-05
229.79400413000002	0.17913586839406556	5.4149631020095205e-05
231.003446257	0.17905080820176197	5.366788013982214e-05
232.21288838400002	0.17897067045809745	5.3186011204651046e-05
233.422330511	0.1788947911750005	5.270513640917545e-05
234.63177263800003	0.1788225325849577	5.222624538771639e-05
235.84121476500002	0.17875328337273974	5.175020885487068e-05
237.050656892	0.17868645880254164	5.127778282913465e-05
238.26009901900002	0.17862150074701275	5.080961345899554e-05
239.469541146	0.17855787762471498	5.034624250873628e-05
240.67898327300003	0.17849508425266677	4.988811358947076e-05
241.88842540000002	0.17843264162074368	4.943557924491283e-05
243.097867527	0.178370096594767	4.898890895069743e-05
244.30730965400002	0.1783070215552372	4.8548298028382636e-05
245.516751781	0.1782430139786232	4.811387736435574e-05
246.72619390800003	0.17817769596797628	4.7685723643848655e-05
247.93563603500002	0.1781107137393435	4.726386970600238e-05
249.145078162	0.17804173706985843	4.684831452732698e-05
250.35452028900002	0.17797045871283418	4.643903232665435e-05
251.563962416	0.17789659378443692	4.603598043416884e-05
252.77340454300003	0.17781987912602368	4.563910569340091e-05
253.98284667000001	0.17774007264579816	4.524834940801109e-05
255.192288797	0.17765695264331713	4.486365097814421e-05
256.401730924	0.17757031712028606	4.4484950507783236e-05
257.61117305100004	0.17747998308109567	4.41121906847964e-05
258.820615178	0.17738578582655648	4.374531826966515e-05
260.030057305	0.1772875782441607	4.338428551770391e-05
261.239499432	0.1771852300981433	4.3029051868655005e-05
262.448941559	0.1770786273224521	4.267958618936703e-05
263.65838368600004	0.17696767131959854	4.233586982519444e-05
264.867825813	0.1768522782681947	4.199790056498873e-05
266.07726794	0.17673237844175202	4.1665697476762396e-05
267.286710067	0.17660791554102692	4.133930635637801e-05
268.49615219400005	0.17647884604178649	4.101880536201681e-05
269.70559432100004	0.1763451385594321	4.0704310308717776e-05
270.915036448	0.17620677323139552	4.039597905761952e-05
272.124478575	0.1760637411178604	4.0094014604690876e-05
273.333920702	0.17591604362097332	3.979866660783391e-05
274.54336282900005	0.17576369192256922	3.9510231304271485e-05
275.75280495600003	0.1756067064403212	3.922904998092879e-05
276.962247083	0.17544511630222495	3.895550622212248e-05
278.17168921	0.17527895883930147	3.869002223201182e-05
279.381131337	0.1751082790964628	3.8433054487082146e-05
280.59057346400004	0.17493312936138716	3.818508891286307e-05
281.80001559100003	0.1747535687112881	3.794663572562206e-05
283.009457718	0.17456966257734066	3.771822403429326e-05
284.218899845	0.174381482326495	3.750039622326649e-05
285.428341972	0.17418910486030292	3.729370218457953e-05
286.63778409900004	0.1739926122303201	3.709869339409388e-05
287.84722622600003	0.1737920912695774	3.6915916869717764e-05
289.056668353	0.17358763323954376	3.674590904537169e-05
290.26611048	0.1733793334919995	3.6589189625167875e-05
291.475552607	0.17316729114519633	3.6446255448095385e-05
292.68499473400004	0.1729516087736816	3.6317574485642615e-05
293.89443686100003	0.17273239211115238	3.6203580002380934e-05
295.103878988	0.1725097497657444	3.6104664980764076e-05
296.313321115	0.1722837929471221	3.602117687758974e-05
297.522763242	0.17205463520478428	3.5953412755623496e-05
298.73220536900004	0.17182239217699077	3.5901614857340654e-05
299.94164749600003	0.17158718134973977	3.5865966664905684e-05
301.151089623	0.17134912182524425	3.584658946554885e-05
302.36053175	0.17110833409938417	3.584353947134562e-05
303.569973877	0.17086493984759824	3.585680550255094e-05
304.77941600400004	0.17061906171877542	3.58863072556542e-05
305.98885813100003	0.17037082313664337	3.593189417367097e-05
307.198300258	0.1701203481082669	3.599334491983025e-05
308.407742385	0.16986776103922527	3.607036745650018e-05
309.617184512	0.1696131865551245	3.616259972008135e-05
310.82662663900004	0.1693567493290887	3.626961088685329e-05
312.036068766	0.16909857391492011	3.63909032113604e-05
313.245510893	0.16883878458566445	3.652591440339366e-05
314.45495302	0.16857750517730288	3.667402052098294e-05
315.664395147	0.16831485893736806	3.683453934234038e-05
316.87383727400004	0.16805096837826974	3.7006734166604366e-05
318.083279401	0.16778595513517194	3.7189818015008445e-05
319.292721528	0.1675199398282827	3.738295817015968e-05
320.502163655	0.1672530419294399	3.758528101948255e-05
321.71160578200005	0.16698537963289947	3.7795877143447685e-05
322.92104790900004	0.16671706973027167	3.801380660812587e-05
324.130490036	0.16644822748954474	3.8238104392789046e-05
325.339932163	0.16617896653817477	3.846778591696545e-05
326.54937429	0.16590939875026273	3.87018526099663e-05
327.75881641700005	0.1656396341377971	3.893929747144388e-05
328.96825854400004	0.1653697807460215	3.917911058157698e-05
330.177700671	0.16509994455296698	3.94202845096597e-05
331.387142798	0.16483022937321148	3.966181958294127e-05
332.596584925	0.16456073676594077	3.990272897608601e-05
333.80602705200005	0.16429156594739017	4.014204358715217e-05
335.01546917900004	0.16402281370776697	4.037881667105992e-05
336.224911306	0.163754574332737	4.0612128191278105e-05
337.434353433	0.16348693952959947	4.0841088884526066e-05
338.64379556	0.16321999835822565	4.1064844000008817e-05
339.85323768700005	0.16295383716689116	4.128257671302811e-05
341.06267981400003	0.16268853953308715	4.1493511189230334e-05
342.272121941	0.1624241862094185	4.169691529125854e-05
343.481564068	0.1621608550746716	4.189210293379592e-05
344.691006195	0.16189862109015907	4.20784360679794e-05
345.90044832200005	0.1616375562613821	4.2255326306255875e-05
347.10989044900003	0.16137772960511448	4.2422236188390285e-05
348.319332576	0.16111920712193892	4.257868009648392e-05
349.528774703	0.16086205177428928	4.272422482196305e-05
350.73821683	0.1606063234700146	4.285848979823329e-05
351.94765895700004	0.16035207905148072	4.298114701627652e-05
353.15710108400003	0.16009937229021828	4.3091920622914434e-05
354.366543211	0.15984825388706636	4.3190586238415476e-05
355.575985338	0.15959877147780815	4.327696999171676e-05
356.785427465	0.15935096964421328	4.3350947305171565e-05
357.99486959200004	0.1591048899304351	4.3412441438023326e-05
359.20431171900003	0.1588605708646597	4.346142181530467e-05
360.413753846	0.15861804798589949	4.349790216194562e-05
361.623195973	0.15837735387581683	4.3521938461789906e-05
362.8326381	0.1581385181954172	4.353362676075001e-05
364.04208022700004	0.15790156772647299	4.3533100837911946e-05
365.25152235400003	0.15766652641749657	4.352052976601265e-05
366.460964481	0.15743341543406944	4.349611537932764e-05
367.670406608	0.15720225321333323	4.34600896710458e-05
368.87984873500005	0.15697305552243523	4.3412712142810193e-05
370.08929086200004	0.15674583552068472	4.335426711597728e-05
371.29873298900003	0.1565206038252039	4.3285061038731717e-05
372.508175116	0.1562973685798145	4.3205419791488785e-05
373.717617243	0.1560761355269124	4.3115686023131744e-05
374.92705937000005	0.15585690808207947	4.301621652056795e-05
376.13650149700004	0.1556396874111438	4.290737963642684e-05
377.34594362400003	0.1554244725094449	4.2789552789214326e-05
378.555385751	0.1552112602830184	4.266312004644154e-05
379.764827878	0.1550000456314189	4.252846980574391e-05
380.97427000500005	0.15479082153191695	4.238599258201589e-05
382.18371213200004	0.15458357912480006	4.223607892250273e-05
383.393154259	0.15437830779948755	4.2079117443062696e-05
384.602596386	0.1541749952812088	4.191549301087023e-05
385.812038513	0.153973627717976	4.174558506361781e-05
387.02148064000005	0.1537741897675925	4.156976608664419e-05
388.23092276700004	0.15357666468445003	4.138840023898846e-05
389.440364894	0.15338103440587908	4.1201842140657665e-05
390.649807021	0.15318727963781223	4.1010435810618925e-05
391.859249148	0.152995379939551	4.0814513768235264e-05
393.06869127500005	0.15280531380742535	4.06143962789513e-05
394.27813340200004	0.1526170587571464	4.0410390758116634e-05
395.487575529	0.1524305914046743	4.0202791316625506e-05
396.697017656	0.15224588754543344	3.999187844097045e-05
397.906459783	0.1520629222317116	3.977791881430073e-05
399.11590191000005	0.1518816698481073	3.956116525410834e-05
400.32534403700004	0.15170210418489424	3.934185677158589e-05
401.534786164	0.15152419850918367	3.912021874269826e-05
402.744228291	0.151347925633798	3.889646316967194e-05
403.953670418	0.1511732579837448	3.867078903844013e-05
405.16311254500005	0.15100016766023416	3.8443382757693505e-05
406.37255467200004	0.15082862650217657	3.821441866615672e-05
407.581996799	0.15065860614510002	3.7984059598420573e-05
408.791438926	0.15049007807746215	3.775245750043476e-05
410.000881053	0.15032301369433174	3.751975409306859e-05
411.21032318000005	0.15015738434841594	3.7286081553507784e-05
412.41976530700003	0.1499931613984409	3.705156322512462e-05
413.629207434	0.1498303162548953	3.681631434068062e-05
414.838649561	0.14966882042313792	3.658044274125042e-05
416.04809168800006	0.14950864554391677	3.6344049597243104e-05
417.25753381500004	0.14934976343131806	3.610723011206805e-05
418.46697594200003	0.14919214610819906	3.587007420905713e-05
419.676418069	0.14903576583914724	3.56326671944638e-05
420.885860196	0.14888059516102217	3.5395090386702235e-05
422.09530232300006	0.148726606911148	3.515742171174223e-05
423.30474445000004	0.14857377425321913	3.4919736257827934e-05
424.51418657700003	0.14842207070098967	3.46821067924191e-05
425.723628704	0.14827147013982925	3.44446042271821e-05
426.933070831	0.1481219468462125	3.420729804233234e-05
428.14251295800005	0.14797347550524104	3.3970256656138774e-05
429.35195508500004	0.14782603122625945	3.3733547751204146e-05
430.56139721200003	0.14767958955667457	3.3497238548066874e-05
431.770839339	0.14753412649404435	3.326139603098082e-05
432.980281466	0.1473896184965467	3.302608712463045e-05
434.18972359300005	0.14724604249188147	3.2791378827609505e-05
435.39916572000004	0.1471033758847394	3.255733829271116e-05
436.60860784700003	0.14696159656288071	3.232403287276083e-05
437.818049974	0.14682068290193037	3.209153012149516e-05
439.027492101	0.14668061376898486	3.185989775222731e-05
440.23693422800005	0.14654136852509278	3.162920356866793e-05
441.44637635500004	0.14640292702669297	3.139951535523997e-05
442.65581848200003	0.14626526962611328	3.1170900741694646e-05
443.865260609	0.1461283771711656	3.094342703984471e-05
445.074702736	0.1459922310039546	3.071716105359368e-05
446.28414486300005	0.14585681295894087	3.0492168872782242e-05
447.49358699000004	0.1457221053603392	3.0268515650961592e-05
448.703029117	0.1455880910189161	3.0046265360429292e-05
449.912471244	0.14545475322824902	2.9825480544839137e-05
451.121913371	0.14532207576050138	2.9606222060729804e-05
452.33135549800005	0.14519004286177997	2.9388548817735077e-05
453.54079762500004	0.14505863924711523	2.9172517507188908e-05
454.750239752	0.14492785009512385	2.8958182345424628e-05
455.959681879	0.14479766104239106	2.8745594812347143e-05
457.169124006	0.14466805817761788	2.8534803396482067e-05
458.37856613300005	0.14453902803557853	2.8325853352094216e-05
459.58800826000004	0.14441055759091495	2.8118786468369732e-05
460.797450387	0.14428263425180793	2.7913640845754357e-05
462.006892514	0.1441552458535446	2.7710450697693563e-05
463.216334641	0.14402838065202764	2.750924615981385e-05
464.42577676800005	0.14390202731722831	2.7310053121919875e-05
465.63521889500004	0.1437761749266159	2.711289308159214e-05
466.844661022	0.1436508129585858	2.6917783020662825e-05
468.054103149	0.14352593128588936	2.6724735296496894e-05
469.26354527600006	0.14340152016908286	2.6533757566588374e-05
470.47298740300005	0.14327757025001533	2.63448527304457e-05
471.68242953000004	0.14315407254534843	2.6158018899369963e-05
472.891871657	0.14303101844012828	2.597324938642798e-05
474.101313784	0.1429083996814059	2.5790532730240528e-05
475.31075591100006	0.1427862083719069	2.5609852734572324e-05
476.52019803800005	0.14266443696375955	2.5431188534199203e-05
477.72964016500003	0.14254307825227533	2.525451469156941e-05
478.939082292	0.14242212536977888	2.5079801304322603e-05
480.148524419	0.14230157177948882	2.4907014148045224e-05
481.35796654600006	0.14218141126944053	2.4736114832610287e-05
482.56740867300005	0.1420616379464505	2.456706098021705e-05
483.77685080000003	0.14194224623011253	2.4399806423268455e-05
484.986292927	0.1418232308468218	2.4234301419193565e-05
486.195735054	0.14170458682382006	2.4070492881513206e-05
487.40517718100006	0.14158630948325168	2.3908324626472932e-05
488.61461930800004	0.1414683944362274	2.3747737631157792e-05
489.82406143500003	0.141350837576891	2.358867030125085e-05
491.033503562	0.14123363507646663	2.3431058751954676e-05
492.242945689	0.1411167833773031	2.327483709122028e-05
493.45238781600005	0.14100027918688207	2.3119937714074297e-05
494.66182994300004	0.14088411947180676	2.2966291593570043e-05
495.87127207000003	0.14076830145174754	2.281382858199272e-05
497.080714197	0.1406528225933479	2.2662477703156208e-05
498.290156324	0.1405376806040819	2.2512167447580016e-05
499.49959845100005	0.14042287342606266	2.236282606715073e-05
500.70904057800004	0.1403083992297896	2.2214381854671294e-05
501.91848270500003	0.14019425640783448	2.2066763425490883e-05
503.127924832	0.14008044356846996	2.191989998632649e-05
504.337366959	0.13996695952923033	2.177372159521318e-05
505.54680908600005	0.13985380331040376	2.162815941015119e-05
506.75625121300004	0.13974097412846287	2.1483145925938943e-05
507.96569334000003	0.1396284713894237	2.133861519352778e-05
509.175135467	0.13951629468213705	2.1194503029973315e-05
510.384577594	0.1394044437715294	2.105074721297159e-05
511.59401972100005	0.13929291859176443	2.090728765280439e-05
512.803461848	0.13918171923935266	2.0764066556168305e-05
514.0129039750001	0.1390708459662171	2.0621028568713646e-05
515.2223461020001	0.13896029917269218	2.04781208970355e-05
516.4317882290001	0.13885007940049393	2.033529342574449e-05
517.641230356	0.1387401873256407	2.0192498799031876e-05
518.850672483	0.13863062375134155	2.0049692501073362e-05
520.06011461	0.1385213896008675	1.990683291217842e-05
521.269556737	0.1384124859103985	1.976388134752916e-05
522.478998864	0.13830391382186322	1.9620802083265845e-05
523.688440991	0.1381956745757682	1.9477562367589376e-05
524.897883118	0.13808776950404875	1.933413240978297e-05
526.1073252450001	0.13798020002291905	1.9190485365842e-05
527.3167673720001	0.13787296762575965	1.9046597302938782e-05
528.5262094990001	0.1377660738760317	1.890244715459412e-05
529.735651626	0.13765952040022908	1.8758016662801427e-05
530.945093753	0.1375533088808953	1.861329031331081e-05
532.15453588	0.13744744104969006	1.846825525709169e-05
533.363978007	0.13734191868053786	1.832290122409911e-05
534.573420134	0.13723674358284493	1.8177220433874745e-05
535.782862261	0.13713191759481747	1.8031207495930588e-05
536.9923043880001	0.13702744257686683	1.78848593047029e-05
538.2017465150001	0.1369233204051392	1.7738174929971623e-05
539.4111886420001	0.1368195529651461	1.7591155508140803e-05
540.6206307690001	0.13671614214552552	1.744380412605665e-05
541.830072896	0.13661308983194242	1.7296125706838515e-05
543.039515023	0.13651039790112526	1.7148126892741146e-05
544.24895715	0.13640806821505305	1.6999815930619965e-05
545.458399277	0.13630610261529777	1.6851202555818887e-05
546.667841404	0.1362045029175347	1.6702297878703664e-05
547.877283531	0.1361032709062191	1.6553114278080206e-05
549.0867256580001	0.13600240832944085	1.6403665287806767e-05
550.2961677850001	0.13590191689396242	1.6253965498725913e-05
551.5056099120001	0.1358017982604437	1.61040304528585e-05
552.715052039	0.13570205403885638	1.5953876550610075e-05
553.924494166	0.1356026857841015	1.5803520961168906e-05
555.133936293	0.13550369499182274	1.5652981533212003e-05
556.34337842	0.13540508309442514	1.5502276713658848e-05
557.552820547	0.13530685145730467	1.5351425475844114e-05
558.762262674	0.13520900137528322	1.5200447243781972e-05
559.971704801	0.13511153406925788	1.5049361830772773e-05
561.1811469280001	0.13501445068306608	1.489818937707318e-05
562.3905890550001	0.13491775228056402	1.4746950296745343e-05
563.6000311820001	0.13482143984292097	1.4595665228176862e-05
564.809473309	0.13472551426612966	1.4444354987346546e-05
566.018915436	0.13462997635873833	1.42930405310561e-05
567.228357563	0.13453482683978857	1.4141742917223265e-05
568.43779969	0.13444006633697397	1.3990483277246353e-05
569.647241817	0.1343456953850183	1.3839282788789463e-05
570.856683944	0.13425171442425415	1.3688162649855564e-05
572.066126071	0.13415812379941905	1.353714406024403e-05
573.2755681980001	0.13406492375865572	1.3386248203350825e-05
574.4850103250001	0.13397211445271937	1.3235496233203876e-05
575.6944524520001	0.13387969593438284	1.308490926189937e-05
576.903894579	0.13378766815804563	1.2934508347004512e-05
578.113336706	0.13369603097953045	1.2784314487833571e-05
579.322778833	0.13360478415607674	1.2634348616148368e-05
580.53222096	0.13351392734651313	1.2484631589807534e-05
581.741663087	0.1334234601116195	1.233518419030204e-05
582.951105214	0.133333381914654	1.2186027115724354e-05
584.160547341	0.13324369212206258	1.2037180978706217e-05
585.3699894680001	0.13315439000435367	1.1888666303128683e-05
586.5794315950001	0.13306547473712318	1.1740503518139306e-05
587.7888737220001	0.13297694540224603	1.159271295587384e-05
588.998315849	0.13288880098921088	1.1445314844984766e-05
590.207757976	0.132801040396598	1.1298329306273876e-05
591.417200103	0.1327136624336968	1.1151776345324355e-05
592.62664223	0.13262666582225463	1.1005675848081622e-05
593.836084357	0.13254004919834464	1.0860047567302368e-05
595.045526484	0.13245381111435559	1.071491112043653e-05
596.2549686110001	0.13236795004109472	1.057028597232542e-05
597.4644107380001	0.13228246436999305	1.0426191429054772e-05
598.6738528650001	0.1321973524154068	1.0282646621114793e-05
599.8832949920001	0.13211261241701422	1.0139670493098679e-05
601.092737119	0.13202824254229953	9.99728178787543e-06
602.302179246	0.13194424088910395	9.855499026539143e-06
603.511621373	0.13186060548826478	9.714340497038336e-06
604.7210635	0.13177733430630367	9.573824234186382e-06
605.930505627	0.13169442524818473	9.433967998627008e-06
607.139947754	0.13161187616011952	9.294789259206483e-06
608.3493898810001	0.13152968483241556	9.156305172137862e-06
609.5588320080001	0.13144784900236925	9.018532559935547e-06
610.7682741350001	0.13136636635718618	8.88148789012525e-06
611.9777162620001	0.13128523453693353	8.745187251743147e-06
613.187158389	0.13120445113750323	8.609646335764833e-06
614.396600516	0.1311240137135996	8.474880408255076e-06
615.606042643	0.13104391978172916	8.34090429510599e-06
616.81548477	0.13096416682319748	8.207732354710475e-06
618.024926897	0.13088475228709526	8.075378454763941e-06
619.234369024	0.13080567359328338	7.943855956015373e-06
620.4438111510001	0.1307269281353586	7.813177685981154e-06
621.6532532780001	0.1306485132836069	7.683355921471556e-06
622.8626954050001	0.13057042638792335	7.55440236840536e-06
624.072137532	0.13049266478070742	7.426328142508475e-06
625.281579659	0.13041522577972975	7.2991437511765176e-06
626.491021786	0.1303381066909489	7.172859075655664e-06
627.700463913	0.1302613048112961	7.047483358323406e-06
628.90990604	0.1301848174314074	6.923025186477174e-06
630.119348167	0.1301086418383078	6.799492477291744e-06
631.328790294	0.1300327753180373	6.676892469019221e-06
632.5382324210001	0.12995721515822445	6.5552317098615715e-06
633.7476745480001	0.12988195865059643	6.434516050249804e-06
634.9571166750001	0.12980700309341794	6.3147506322796095e-06
636.166558802	0.12973234579387463	6.1959398879669734e-06
637.376000929	0.1296579840703773	6.078087533893244e-06
638.585443056	0.12958391525479745	5.961196570884638e-06
639.794885183	0.12951013669462347	5.845269281620112e-06
641.00432731	0.12943664575504732	5.730307232587765e-06
642.213769437	0.12936343982096365	5.616311278455848e-06
643.4232115640001	0.12929051629889357	5.503281565800753e-06
644.6326536910001	0.12921787261882467	5.391217540901853e-06
645.8420958180001	0.1291455062359643	5.280117958069351e-06
647.0515379450001	0.12907341463241354	5.169980890863792e-06
648.260980072	0.12900159531875072	5.060803740271306e-06
649.470422199	0.1289300458355319	4.952583252362291e-06
650.679864326	0.1288587637546998	4.845315531315229e-06
651.889306453	0.128787746680909	4.7389960562406335e-06
653.09874858	0.1287169922527636	4.633619699759879e-06
654.308190707	0.12864649814396356	4.529180746502141e-06
655.5176328340001	0.12857626206436853	4.425672914480826e-06
656.7270749610001	0.12850628176096804	4.323089376619403e-06
657.9365170880001	0.12843655501877072	4.221422782860689e-06
659.1459592150001	0.128367079661606	4.120665286496614e-06
660.355401342	0.1282978535528365	4.020808566267942e-06
661.564843469	0.12822887459599205	3.921843855097519e-06
662.774285596	0.1281601407353145	3.823761963834644e-06
663.983727723	0.12809164995622646	3.7265533093685575e-06
665.19316985	0.12802340028571188	3.6302079417922345e-06
666.402611977	0.12795538979262305	3.5347155741620414e-06
667.6120541040001	0.127887616587912	3.440065608452151e-06
668.8214962310001	0.12782007882477361	3.3462471658790226e-06
670.0309383580001	0.1277527746987294	3.2532491119443045e-06
671.2403804850001	0.12768570244762822	3.161060088133193e-06
672.449822612	0.12761886035158373	3.0696685404694395e-06
673.659264739	0.12755224673283697	2.9790627439392817e-06
674.868706866	0.12748585995555706	2.8892308331394578e-06
676.078148993	0.12741969842557804	2.8001608286660534e-06
677.28759112	0.12735376059007322	2.7118406624441823e-06
678.497033247	0.1272880449371684	2.6242582050104942e-06
679.7064753740001	0.1272225499955003	2.5374012894009472e-06
680.9159175010001	0.12715727433372004	2.4512577361924537e-06
682.1253596280001	0.12709221655994532	2.3658153770947454e-06
683.3348017550001	0.1270273753211632	2.2810620752766903e-06
684.544243882	0.12696274930258508	2.1969857506973123e-06
685.753686009	0.1268983372269574	2.1135743957398485e-06
686.963128136	0.12683413785383377	2.030816098516775e-06
688.172570263	0.12677014997880598	1.948699056335436e-06
689.38201239	0.12670637243269817	1.8672115977764657e-06
690.5914545170001	0.12664280408072853	1.7863421925631144e-06
691.8008966440001	0.12657944382163913	1.7060794699553755e-06
693.0103387710001	0.12651629058680047	1.626412229309173e-06
694.2197808980001	0.12645334333928665	1.5473294529384978e-06
695.429223025	0.12639060107293032	1.468820316660462e-06
696.638665152	0.1263280628113553	1.3908741968126405e-06
697.848107279	0.1262657276069916	1.3134806802174662e-06
699.057549406	0.12620359454007843	1.2366295692273159e-06
700.266991533	0.12614166271764762	1.160310886870344e-06
701.47643366	0.12607993127250564	1.084514884170409e-06
702.6858757870001	0.12601839936219697	1.0092320380216758e-06
703.8953179140001	0.12595706616797456	9.344530572957299e-07
705.1047600410001	0.1258959308937535	8.601688797659872e-07
706.3142021680001	0.12583499276507581	7.863706741985801e-07
707.523644295	0.12577425102806797	7.130498391449645e-07
708.733086422	0.1257137049484039	6.401979992780761e-07
709.942528549	0.12565335381027354	5.678070036196135e-07
711.151970676	0.12559319691536375	4.958689221309824e-07
712.361412803	0.12553323358183893	4.2437603808737936e-07
713.57085493	0.12547346314333782	3.533208506140803e-07
714.7802970570001	0.12541388494798397	2.8269605994917555e-07
715.9897391840001	0.1253544983574089	2.124945667759859e-07
717.1991813110001	0.12529530274579243	1.427094662962252e-07
718.4086234380001	0.12523629749891868	7.333404011523575e-08
719.618065565	0.1251774820132504	4.361750536389123e-09
720.827507692	0.12511885569502906	-6.42137646702865e-08
722.036949819	0.12506041795938874	-1.3239870238988987e-07
723.246391946	0.12500216822949922	-2.0019909676562414e-07
724.455834073	0.12494410593572912	-2.6762082791678997e-07
725.6652762	0.12488623051483443	-3.3466962648552525e-07
726.8747183270001	0.12482854140917274	-4.0135107929244286e-07
728.0841604540001	0.12477103806594544	-4.676706349254361e-07
729.2936025810001	0.12471371993646647	-5.336336069209378e-07
730.5030447080001	0.12465658647545515	-5.992451794026219e-07
731.712486835	0.12459963714036335	-6.645104102999072e-07
732.921928962	0.12454287139072841	-7.294342340432105e-07
734.131371089	0.12448628868755371	-7.940214641537009e-07
735.340813216	0.12442988849272307	-8.582767917725851e-07
736.550255343	0.12437367026844359	-9.222047909757101e-07
737.7596974700001	0.12431763347671337	-9.858099168424206e-07
738.9691395970001	0.1242617775788287	-1.0490965045208404e-06
740.1785817240001	0.12420610203491052	-1.1120687672044295e-06
741.3880238510001	0.12415060630347147	-1.1747307972174395e-06
742.5974659780001	0.12409528984100603	-1.2370865605448257e-06
743.806908105	0.1240401521016117	-1.2991398932228e-06
745.016350232	0.12398519253664082	-1.3608945024115332e-06
746.225792359	0.12393041059438285	-1.4223539544112448e-06
747.435234486	0.12387580571976926	-1.4835216768617172e-06
748.644676613	0.12382137735411534	-1.5444009486785655e-06
749.8541187400001	0.12376712493488039	-1.6049948967406664e-06
751.0635608670001	0.12371304789546692	-1.6653064886896045e-06
752.2730029940001	0.12365914566503368	-1.7253385296983803e-06
753.4824451210001	0.12360541766834458	-1.7850936501835075e-06
754.6918872480001	0.12355186332564005	-1.8445743037703328e-06
755.901329375	0.1234984820525302	-1.9037827590630702e-06
757.110771502	0.12344527325991338	-1.962721092257334e-06
758.320213629	0.12339223635392485	-2.0213911827075082e-06
759.529655756	0.12333937073589404	-2.0797947025294477e-06
760.739097883	0.1232866758023388	-2.13793311411102e-06
761.9485400100001	0.12323415094496673	-2.1958076603734514e-06
763.1579821370001	0.12318179555070588	-2.2534193621766754e-06
764.3674242640001	0.12312960900174945	-2.31076900968485e-06
765.5768663910001	0.12307759067562288	-2.3678571598166104e-06
766.786308518	0.1230257399452611	-2.4246841301729193e-06
767.995750645	0.12297405617911064	-2.48124999459572e-06
769.205192772	0.12292253874124003	-2.5375545821739148e-06
770.414634899	0.12287118699146843	-2.5935974696867845e-06
771.624077026	0.1228200002855071	-2.649377983564056e-06
772.833519153	0.12276897797511255	-2.704895194572912e-06
774.0429612800001	0.12271811940825135	-2.760147919949651e-06
775.2524034070001	0.12266742392927815	-2.815134721182839e-06
776.4618455340001	0.12261689087911849	-2.8698539032599985e-06
777.6712876610001	0.12256651959546776	-2.9243035191973213e-06
778.880729788	0.12251630941298876	-2.978481368424096e-06
780.090171915	0.12246625966352885	-3.0323850013416144e-06
781.299614042	0.1224163696763283	-3.0860117210400683e-06
782.509056169	0.12236663877825059	-3.1393585875395225e-06
783.718498296	0.12231706629400152	-3.1924224231705364e-06
784.9279404230001	0.12226765154636875	-3.2451998178844573e-06
786.1373825500001	0.12221839385644727	-3.297687133719903e-06
787.3468246770001	0.12216929254387905	-3.3498805134268722e-06
788.5562668040001	0.12212034692709198	-3.401775885886942e-06
789.7657089310001	0.12207155632353796	-3.453368974018136e-06
790.975151058	0.12202292004993347	-3.504655304681074e-06
792.184593185	0.12197443742249575	-3.555630217856654e-06
793.394035312	0.12192610775718475	-3.606288871460197e-06
794.603477439	0.12187793036993483	-3.656626258380205e-06
795.812919566	0.12182990457689505	-3.706637210581261e-06
797.0223616930001	0.12178202969465675	-3.7563164109330987e-06
798.2318038200001	0.12173430504048442	-3.8056584075198045e-06
799.4412459470001	0.12168672993254036	-3.854657620511985e-06
800.6506880740001	0.12163930369010434	-3.903308356942643e-06
801.8601302010001	0.12159202563379216	-3.951604821138833e-06
803.069572328	0.12154489508576716	-3.999541125416923e-06
804.279014455	0.12149791136994482	-4.047111303993777e-06
805.488456582	0.12145107381219679	-4.0943093245537066e-06
806.697898709	0.12140438174054238	-4.141129098989123e-06
807.907340836	0.12135783448533999	-4.187564498491222e-06
809.1167829630001	0.12131143137946868	-4.2336093627194066e-06
810.3262250900001	0.12126517175850282	-4.279257513892121e-06
811.5356672170001	0.12121905496088425	-4.324502767236931e-06
812.7451093440001	0.12117308032807982	-4.36933894558391e-06
813.9545514710001	0.12112724720473726	-4.413759886014609e-06
815.163993598	0.121081554938834	-4.4577594563824305e-06
816.373435725	0.12103600288181642	-4.5013315643727675e-06
817.582877852	0.12099059038873151	-4.5444701690588535e-06
818.792319979	0.12094531681835201	-4.5871692919955e-06
820.001762106	0.12090018153329189	-4.629423025830925e-06
821.2112042330001	0.12085518390011948	-4.671225546178086e-06
822.4206463600001	0.12081032328945632	-4.712571121575882e-06
823.6300884870001	0.12076559907607072	-4.7534541212288406e-06
824.8395306140001	0.1207210106389684	-4.793869025606296e-06
826.0489727410001	0.12067655736146594	-4.833810434806838e-06
827.258414868	0.12063223863126822	-4.873273077237701e-06
828.467856995	0.12058805384052952	-4.912251814282721e-06
829.677299122	0.12054400238590894	-4.950741651670296e-06
830.886741249	0.1205000836686269	-4.988737743735003e-06
832.0961833760001	0.12045629709449882	-5.026235401689765e-06
833.3056255030001	0.120412642073978	-5.063230096120668e-06
834.5150676300001	0.12036911802218514	-5.099717467464173e-06
835.7245097570001	0.12032572435892616	-5.1356933273763866e-06
836.9339518840001	0.12028246050871519	-5.171153663116541e-06
838.143394011	0.12023932590078006	-5.206094642313134e-06
839.352836138	0.12019631996906821	-5.240512618229869e-06
840.562278265	0.12015344215224524	-5.274404129804064e-06
841.771720392	0.12011069189369164	-5.307765904831139e-06
842.981162519	0.12006806864148523	-5.3405948620930495e-06
844.1906046460001	0.12002557184838743	-5.372888114968983e-06
845.4000467730001	0.11998320097182037	-5.4046429684275965e-06
846.6094889000001	0.11994095547383855	-5.4358569247610396e-06
847.8189310270001	0.11989883482110147	-5.466527677650408e-06
849.0283731540001	0.11985683848483662	-5.496653116020813e-06
850.237815281	0.11981496594079873	-5.526231322072609e-06
851.447257408	0.1197732166692283	-5.555260570941605e-06
852.656699535	0.11973159015480668	-5.583739327404999e-06
853.866141662	0.11969008588660417	-5.611666244121557e-06
855.075583789	0.11964870335802974	-5.639040161650201e-06
856.2850259160001	0.11960744206677475	-5.665860103460441e-06
857.4944680430001	0.11956630151475468	-5.692125271876231e-06
858.7039101700001	0.11952528120805023	-5.717835048291013e-06
859.9133522970001	0.11948438065684513	-5.7429889873785965e-06
861.1227944240001	0.11944359937536415	-5.767586813480654e-06
862.332236551	0.11940293688180283	-5.7916284156829135e-06
863.541678678	0.11936239269826439	-5.815113846083531e-06
864.751120805	0.119321966350691	-5.838043312991715e-06
865.960562932	0.11928165736879548	-5.8604171782794625e-06
867.170005059	0.11924146528598728	-5.8822359509012875e-06
868.3794471860001	0.1192013896393089	-5.903500283122014e-06
869.5888893130001	0.11916142996935619	-5.924210965922285e-06
870.7983314400001	0.11912158582021601	-5.944368925363341e-06
872.0077735670001	0.1190818567393869	-5.963975216442655e-06
873.2172156940001	0.11904224227771279	-5.983031018665476e-06
874.426657821	0.11900274198930837	-6.00153763118911e-06
875.636099948	0.11896335543149013	-6.019496471888016e-06
876.845542075	0.11892408216470587	-6.0369090706157445e-06
878.054984202	0.11888492175246224	-6.053777064191022e-06
879.2644263290001	0.11884587376125708	-6.0701021974915975e-06
880.4738684560001	0.1188069377605109	-6.085886315722006e-06
881.6833105830001	0.11876811332249843	-6.101131364447699e-06
882.8927527100001	0.11872940002228068	-6.115839387641729e-06
884.1021948370001	0.11869079743764087	-6.130012523843589e-06
885.3116369640001	0.1186523051490196	-6.143653007411297e-06
886.521079091	0.11861392273944982	-6.1567631650435165e-06
887.730521218	0.11857564979449478	-6.169345418518946e-06
888.939963345	0.11853748590218968	-6.1814022854036505e-06
890.149405472	0.11849943065297798	-6.192936376228927e-06
891.3588475990001	0.11846148363965645	-6.20395040302894e-06
892.5682897260001	0.1184236444573194	-6.214447174969823e-06
893.7777318530001	0.11838591270329853	-6.224429605610929e-06
894.9871739800001	0.11834828797711443	-6.233900717916166e-06
896.1966161070001	0.11831076988042302	-6.242863647114466e-06
897.406058234	0.11827335801696431	-6.251321648297222e-06
898.615500361	0.11823605199251826	-6.259278100283858e-06
899.824942488	0.11819885141485072	-6.26673651389503e-06
901.034384615	0.11816175589367668	-6.273700541357122e-06
902.243826742	0.11812476504060947	-6.28017398420522e-06
903.4532688690001	0.11808787846912684	-6.286160800400411e-06
904.6627109960001	0.11805109579452748	-6.291665116507187e-06
905.8721531230001	0.11801441663389449	-6.296691237262362e-06
907.0815952500001	0.11797784060605919	-6.301243656358829e-06
908.2910373770001	0.11794136733156789	-6.3053270656233746e-06
909.500479504	0.11790499643265351	-6.308946368047029e-06
910.709921631	0.1178687275332019	-6.312106690005987e-06
911.919363758	0.11783256025872492	-6.314813388565943e-06
913.128805885	0.11779649423633803	-6.31707206662459e-06
914.338248012	0.11776052909473068	-6.31888858132295e-06
915.5476901390001	0.11772466446415128	-6.3202690540491305e-06
916.7571322660001	0.1176888999763835	-6.3212198819036225e-06
917.9665743930001	0.11765323526472782	-6.321747745294246e-06
919.1760165200001	0.11761766996398715	-6.3218596160903145e-06
920.3854586470001	0.11758220371045115	-6.321562765884652e-06
921.594900774	0.11754683614188503	-6.320864771053875e-06
922.804342901	0.11751156689751631	-6.3197735170696215e-06
924.013785028	0.11747639561802851	-6.318297202561474e-06
925.223227155	0.11744132194555112	-6.316444341606818e-06
926.432669282	0.11740634552365475	-6.314223764687564e-06
927.6421114090001	0.11737146599734842	-6.3116446160216145e-06
928.8515535360001	0.11733668301307304	-6.308716350301299e-06
930.0609956630001	0.11730199621870487	-6.305448732081709e-06
931.2704377900001	0.11726740526355171	-6.301851823464485e-06
932.4798799170001	0.11723290979835775	-6.29793597840379e-06
933.689322044	0.11719850947530683	-6.293711830843817e-06
934.898764171	0.11716420394802875	-6.28919028507594e-06
936.108206298	0.11712999287160289	-6.284382495495041e-06
937.317648425	0.11709587590257209	-6.27929985368888e-06
938.5270905520001	0.1170618526989462	-6.273953966969973e-06
939.7365326790001	0.11702792292022117	-6.268356636469489e-06
940.9459748060001	0.1169940862273897	-6.262519835517538e-06
942.1554169330001	0.11696034228295045	-6.256455680935467e-06
943.3648590600001	0.11692669075093665	-6.250176404135419e-06
944.5743011870001	0.1168931312969236	-6.243694325507466e-06
945.783743314	0.11685966358805543	-6.237021815234635e-06
946.993185441	0.11682628729306231	-6.230171263602024e-06
948.202627568	0.11679300208228355	-6.223155044001759e-06
949.412069695	0.11675980762769433	-6.215985474381095e-06
950.6215118220001	0.11672670360292793	-6.208674779825404e-06
951.8309539490001	0.11669368968330386	-6.20123505091502e-06
953.0403960760001	0.11666076554585393	-6.193678202697846e-06
954.2498382030001	0.11662793086935128	-6.186015934359188e-06
955.4592803300001	0.11659518533434084	-6.178259686659588e-06
956.6687224570001	0.11656252862316835	-6.17042059909036e-06
957.878164584	0.11652996042000806	-6.162509466428069e-06
959.087606711	0.11649748041089722	-6.154536700146413e-06
960.297048838	0.11646508828376564	-6.146512284707058e-06
961.506490965	0.11643278372846583	-6.138445741071312e-06
962.7159330920001	0.11640056643680655	-6.130346083360674e-06
963.9253752190001	0.11636843610258153	-6.122221782555438e-06
965.1348173460001	0.1163363924215978	-6.114080735370161e-06
966.3442594730001	0.11630443509170879	-6.105930226725077e-06
967.5537016000001	0.1162725638128391	-6.097776899075493e-06
968.763143727	0.11624077828701383	-6.089626724145027e-06
969.972585854	0.11620907821838365	-6.081484975783221e-06
971.182027981	0.11617746331324791	-6.073356207404223e-06
972.391470108	0.11614593328007743	-6.0652442315212344e-06
973.600912235	0.11611448782953436	-6.057152100371453e-06
974.8103543620001	0.1160831266744904	-6.0490820936167065e-06
976.0197964890001	0.11605184953003853	-6.041035705589551e-06
977.2292386160001	0.11602065611351099	-6.033013637289347e-06
978.4386807430001	0.11598954614448419	-6.025015790616709e-06
979.6481228700001	0.11595851934478435	-6.017041267272091e-06
980.857564997	0.11592757543849301	-6.009088369691336e-06
982.067007124	0.11589671415194559	-6.001154606237397e-06
983.276449251	0.11586593521372651	-5.993236697409022e-06
984.485891378	0.11583523835465909	-5.9853305882757165e-06
985.6953335050001	0.11580462330779567	-5.977431460025611e-06
986.9047756320001	0.11577408980840517	-5.969533747253582e-06
988.1142177590001	0.11574363759394479	-5.961631157829467e-06
989.3236598860001	0.11571326640404588	-5.9537166923675465e-06
990.5331020130001	0.1156829759804787	-5.945782670478958e-06
991.7425441400001	0.11565276606712437	-5.93782075505977e-06
992.951986267	0.11562263640994154	-5.9298219848251216e-06
994.161428394	0.11559258675692217	-5.92177680007354e-06
995.370870521	0.11556261685805429	-5.913675079754804e-06
996.580312648	0.1155327264652728	-5.9055061723395e-06
997.7897547750001	0.11550291533241003	-5.897258934666661e-06
998.9991969020001	0.11547318321514799	-5.8889217676158916e-06
1000.2086390290001	0.11544352987095523	-5.880482655481608e-06
1001.4180811560001	0.11541395505903705	-5.871929205799528e-06
1002.6275232830001	0.11538445854026957	-5.863248690340116e-06
1003.8369654100001	0.11535504007713897	-5.854428088086988e-06
1005.046407537	0.11532569943368022	-5.845454126482354e-06
1006.255849664	0.11529643637540914	-5.836313323897125e-06
1007.465291791	0.11526725066925532	-5.82699203493154e-06
1008.674733918	0.11523814208349514	-5.817476494175772e-06
1009.8841760450001	0.11520911038768261	-5.807752858532504e-06
1011.0936181720001	0.11518015535258497	-5.7978072534962e-06
1012.3030602990001	0.11515127675011137	-5.787625815954352e-06
1013.5125024260001	0.11512247435324355	-5.777194737944788e-06
1014.7219445530001	0.11509374793597078	-5.7665003117636745e-06
1015.9313866800001	0.11506509727322532	-5.755528971546057e-06
1017.140828807	0.11503652214081606	-5.7442673353680765e-06
1018.350270934	0.11500802231536397	-5.7327022471564635e-06
1019.559713061	0.11497959757424299	-5.720820818186789e-06
1020.769155188	0.11495124769552079	-5.708610466810659e-06
1021.9785973150001	0.11492297245790155	-5.696058957611083e-06
1023.1880394420001	0.11489477164067526	-5.68315443803565e-06
1024.397481569	0.11486664502365856	-5.66988547361578e-06
1025.606923696	0.11483859238715659	-5.656241085465141e-06
1026.816365823	0.11481061351191126	-5.642210781975068e-06
1028.0258079500002	0.11478270817906171	-5.627784590114274e-06
1029.235250077	0.11475487617010698	-5.612953085810216e-06
1030.4446922040001	0.11472711726687122	-5.5977074201438576e-06
1031.654134331	0.11469943125147153	-5.582039348171358e-06
1032.8635764580001	0.11467181790629019	-5.5659412491269876e-06
1034.073018585	0.1146442770139535	-5.549406149773621e-06
1035.282460712	0.114616808357309	-5.532427744045822e-06
1036.491902839	0.11458941171940934	-5.5150004070393295e-06
1037.701344966	0.11456208688350066	-5.497119213672326e-06
1038.9107870930002	0.11453483363301342	-5.478779943662889e-06
1040.12022922	0.1145076517515529	-5.459979099712079e-06
1041.3296713470002	0.1144805410228999	-5.440713905721892e-06
1042.539113474	0.11445350123100939	-5.4209823155420144e-06
1043.7485556010001	0.11442653216001378	-5.400783010468375e-06
1044.957997728	0.11439963359422965	-5.3801154013554225e-06
1046.167439855	0.11437280531816388	-5.35897962115468e-06
1047.376881982	0.11434604711652853	-5.337376519673826e-06
1048.586324109	0.11431935877425127	-5.315307654055588e-06
1049.795766236	0.11429274007649294	-5.292775273618208e-06
1051.005208363	0.11426619080866104	-5.269782309777356e-06
1052.2146504900002	0.1142397107564321	-5.246332354790914e-06
1053.424092617	0.11421329970576871	-5.222429642132273e-06
1054.6335347440001	0.11418695744294184	-5.19807902756488e-06
1055.842976871	0.1141606837545533	-5.173285961225632e-06
1057.0524189980001	0.11413447842755665	-5.148056464283685e-06
1058.261861125	0.1141083412492822	-5.122397098886115e-06
1059.471303252	0.11408227200745835	-5.09631493863588e-06
1060.680745379	0.11405627049023635	-5.0698175373603114e-06
1061.890187506	0.11403033648621286	-5.042912896225977e-06
1063.0996296330002	0.11400446978445203	-5.015609429539343e-06
1064.30907176	0.11397867017450969	-4.987915929710598e-06
1065.5185138870002	0.11395293744645074	-4.959841530437412e-06
1066.727956014	0.11392727139087608	-4.931395671817452e-06
1067.9373981410001	0.1139016717989385	-4.902588060645235e-06
1069.146840268	0.11387613846235951	-4.873428635236081e-06
1070.356282395	0.11385067117345421	-4.8439275265875965e-06
1071.565724522	0.11382526972514072	-4.814095020941212e-06
1072.775166649	0.11379993391095951	-4.783941524570248e-06
1073.9846087760002	0.11377466352508665	-4.753477525410871e-06
1075.194050903	0.11374945836234432	-4.722713558568599e-06
1076.4034930300002	0.11372431821821417	-4.691660170178596e-06
1077.612935157	0.11369924288884793	-4.660327884508043e-06
1078.8223772840001	0.11367423217107371	-4.628727171982475e-06
1080.031819411	0.1136492858624044	-4.596868414830183e-06
1081.2412615380001	0.11362440376104327	-4.564761881813924e-06
1082.450703665	0.11359958566589186	-4.53241769595117e-06
1083.660145792	0.11357483137654516	-4.499845811495324e-06
1084.869587919	0.11355014069330396	-4.467055984760729e-06
1086.079030046	0.11352551341717244	-4.434057755614757e-06
1087.2884721730002	0.11350094934985765	-4.400860424570855e-06
1088.4979143	0.11347644829376839	-4.367473034227424e-06
1089.7073564270001	0.1134520100520182	-4.333904351844157e-06
1090.916798554	0.11342763442842109	-4.300162854754321e-06
1092.1262406810001	0.11340332122748778	-4.266256717991426e-06
1093.335682808	0.11337907025442658	-4.2321938033266985e-06
1094.545124935	0.11335488131513952	-4.197981650018613e-06
1095.754567062	0.11333075421621755	-4.163627467584532e-06
1096.964009189	0.11330668876493825	-4.129138133309728e-06
1098.1734513160002	0.11328268476926204	-4.094520186224747e-06
1099.382893443	0.11325874203783177	-4.059779826940025e-06
1100.5923355700002	0.1132348603799641	-4.024922920348952e-06
1101.801777697	0.11321103960565106	-3.98995499523257e-06
1103.0112198240001	0.1131872795255548	-3.954881249537284e-06
1104.220661951	0.11316357995100683	-3.919706554668114e-06
1105.430104078	0.11313994069400604	-3.884435464095663e-06
1106.639546205	0.11311636156721423	-3.8490722177645426e-06
1107.848988332	0.11309284238396045	-3.8136207545603588e-06
1109.058430459	0.11306938295823428	-3.7780847214192765e-06
1110.267872586	0.1130459831046922	-3.7424674831129163e-06
1111.4773147130002	0.11302264263865436	-3.70677213497882e-06
1112.68675684	0.11299936137610227	-3.671001516268697e-06
1113.8961989670001	0.11297613913369065	-3.635158220941337e-06
1115.105641094	0.11295297572873758	-3.599244615288119e-06
1116.3150832210001	0.11292987097923836	-3.5632628462296793e-06
1117.524525348	0.11290682470386115	-3.527214860006821e-06
1118.733967475	0.11288383672195293	-3.4911024137061693e-06
1119.943409602	0.11286090685354651	-3.454927091845176e-06
1121.152851729	0.1128380349193606	-3.418690318851037e-06
1122.3622938560002	0.11281522074080863	-3.382393374867426e-06
1123.571735983	0.11279246414000245	-3.3460374066523058e-06
1124.7811781100002	0.11276976493975643	-3.3096234461894044e-06
1125.990620237	0.11274712296359593	-3.273152418604276e-06
1127.2000623640001	0.11272453803576389	-3.236625159362146e-06
1128.409504491	0.11270200998122278	-3.2000424235781073e-06
1129.618946618	0.11267953862566497	-3.1634049011883144e-06
1130.828388745	0.11265712379551597	-3.1267132247002995e-06
1132.037830872	0.11263476531794438	-3.0899679838855324e-06
1133.2472729990002	0.11261246302086272	-3.0531697328830295e-06
1134.456715126	0.11259021673293625	-3.0163189996847675e-06
1135.6661572530002	0.1125680262835897	-2.9794162975908935e-06
1136.87559938	0.11254589150300835	-2.9424621318544307e-06
1138.0850415070001	0.1125238122221464	-2.9054570068540384e-06
1139.294483634	0.11250178827273034	-2.868401434168973e-06
1140.5039257610001	0.112479819487264	-2.831295938319992e-06
1141.713367888	0.11245790569903068	-2.794141061438821e-06
1142.922810015	0.11243604674209708	-2.756937368617205e-06
1144.132252142	0.11241424245131817	-2.719685452569256e-06
1145.341694269	0.11239249266233324	-2.6823859376064435e-06
1146.5511363960002	0.112370797211574	-2.64503948268779e-06
1147.760578523	0.11234915593626249	-2.607646781613329e-06
1148.9700206500002	0.11232756867441065	-2.5702085679092143e-06
1150.179462777	0.1123060352648228	-2.5327256153388616e-06
1151.3889049040001	0.11228455554709214	-2.495198737445224e-06
1152.598347031	0.11226312936160288	-2.457628789273706e-06
1153.807789158	0.11224175654952169	-2.420016668033417e-06
1155.017231285	0.1122204369528015	-2.38236331062658e-06
1156.226673412	0.11219917041417643	-2.344669695259247e-06
1157.4361155390002	0.11217795677715692	-2.306936838860699e-06
1158.645557666	0.11215679588602431	-2.269165795636721e-06
1159.8549997930002	0.11213568758583058	-2.2313576560568063e-06
1161.06444192	0.11211463172238673	-2.19351354502212e-06
1162.2738840470001	0.11209362814226109	-2.15563461964283e-06
1163.483326174	0.11207267669277171	-2.1177220660556254e-06
1164.6927683010001	0.11205177722198188	-2.07977709883073e-06
1165.902210428	0.1120309295786867	-2.0418009564586566e-06
1167.111652555	0.1120101336124117	-2.003794901570065e-06
1168.321094682	0.11198938917340279	-1.965760214262444e-06
1169.530536809	0.11196869611261762	-1.927698192066006e-06
1170.7399789360002	0.11194805428171686	-1.8896101468653977e-06
1171.949421063	0.11192746353305734	-1.851497401482606e-06
1173.1588631900001	0.11190692371968064	-1.8133612886483572e-06
1174.368305317	0.1118864346953063	-1.7752031453093358e-06
1175.5777474440001	0.11186599631431994	-1.7370243126357594e-06
1176.787189571	0.11184560843176601	-1.69882613205027e-06
1177.996631698	0.11182527090333699	-1.6606099439791927e-06
1179.206073825	0.11180498358536656	-1.6223770837543403e-06
1180.415515952	0.11178474633481601	-1.5841288806431559e-06
1181.6249580790002	0.11176455900926896	-1.545866655389459e-06
1182.834400206	0.11174442146692021	-1.5075917179568644e-06
1184.0438423330002	0.11172433356656387	-1.4693053676732573e-06
1185.25328446	0.11170429516758928	-1.4310088868428526e-06
1186.4627265870001	0.11168430612997005	-1.3927035444634375e-06
1187.672168714	0.11166436631425085	-1.3543905924981e-06
1188.881610841	0.11164447558154682	-1.316071262855539e-06
1190.091052968	0.11162463379352848	-1.2777467696248285e-06
1191.300495095	0.11160484081241806	-1.2394183074301646e-06
1192.5099372220002	0.11158509650097695	-1.2010870486360301e-06
1193.719379349	0.11156540072250236	-1.162754145039903e-06
1194.9288214760002	0.11154575334081654	-1.1244207271753556e-06
1196.138263603	0.11152615422026473	-1.0860879040669004e-06
1197.3477057300001	0.11150660322570152	-1.047756762049896e-06
1198.557147857	0.11148710022248925	-1.009428366473914e-06
1199.7665899840001	0.11146764507649247	-9.711037600775365e-07
1200.976032111	0.11144823765406732	-9.327839677291406e-07
1202.185474238	0.11142887782206054	-8.944699922212895e-07
1203.394916365	0.11140956544780437	-8.56162817460337e-07
1204.604358492	0.11139030039911024	-8.178634095338232e-07
1205.8138006190002	0.11137108254426309	-7.795727176720838e-07
1207.023242746	0.11135191175202284	-7.412916759656313e-07
1208.2326848730002	0.11133278789161327	-7.030212031934145e-07
1209.442127	0.11131371083272543	-6.64762207335583e-07
