0.0	0.0	0.0
1.209442127	2.1548724370872217e-06	-5.085311141322033e-10
2.418884254	8.951097890348613e-06	-9.939526820238448e-10
3.6283263810000004	2.139402099572342e-05	-1.4347048575187354e-09
4.837768508	4.1144007174272255e-05	-1.8346373760978806e-09
6.047210635000001	7.04971247897579e-05	-2.1914608710667893e-09
7.256652762000001	0.00011235615393382372	-2.49039342895559e-09
8.466094889	0.0001701943724439395	-2.7556801009392758e-09
9.675537016	0.0002480125875884848	-2.9911663705850403e-09
10.884979143	0.00035028999421983005	-3.2034614014034435e-09
12.094421270000002	0.00048192977855690723	-3.402005622897095e-09
13.303863397	0.0006482000983323001	-3.5699679245891774e-09
14.513305524000002	0.0008546713455248808	-3.674373273480103e-09
15.722747651	0.0011071502120629571	-3.4598451157733622e-09
16.932189778	0.0014116125012030183	-2.556443468115432e-09
18.141631905	0.0017741340248526227	-8.695559015404975e-10
19.351074032	0.00220082078556688	1.705511302946814e-09
20.560516159000002	0.0026977400167086402	5.229196297085976e-09
21.769958286	0.003270851594209565	9.863012155261191e-09
22.979400413	0.003925943377013127	1.5462782274107294e-08
24.188842540000003	0.004668568074617999	2.1133019133048876e-08
25.398284667000002	0.0055039799085693595	2.7536201009319216e-08
26.607726794	0.006437079655241613	3.539455965609771e-08
27.817168921	0.007472362494752226	4.530057508256721e-08
29.026611048000003	0.00861387021570992	5.783108299276482e-08
30.236053175000002	0.009865148496056976	7.352514867306962e-08
31.445495302	0.011229209602403504	9.290759643835563e-08
32.654937429	0.012708500699661654	1.1647014282844878e-07
33.864379556	0.014304877820130301	1.4464482945209004e-07
35.073821683000006	0.016019585628858926	1.777788204657195e-07
36.28326381	0.017853243006546664	2.160958083935776e-07
37.492705937000004	0.019805834413202415	2.596455952374979e-07
38.702148064	0.021876706943581747	3.082477753384823e-07
39.911590191	0.024064572925887616	3.614359625883632e-07
41.121032318000005	0.026367517808182583	4.183827698757795e-07
42.330474445	0.028783012973865794	4.778211649818268e-07
43.539916572	0.03130793330525193	5.381459491214884e-07
44.749358699000005	0.033938579329162555	5.976907618527664e-07
45.958800826	0.03667070340426284	6.549431378564925e-07
47.168242953000004	0.03949953944780288	7.086212134946878e-07
48.377685080000006	0.042419835825242946	7.576704966582805e-07
49.587127207	0.04542589102060788	8.01245381408385e-07
50.796569334000004	0.048511591682205556	8.386984719365199e-07
52.00601146100001	0.051670452637110335	8.695639097389433e-07
53.215453588	0.05489565847082064	8.935230175983416e-07
54.424895715000005	0.058180106261988544	9.103619994976003e-07
55.634337842	0.06151644905782407	9.199444039920359e-07
56.843779969	0.06489713970711897	9.222076468431055e-07
58.053222096000006	0.06831447476564508	9.171540171922172e-07
59.262664223	0.07176063829661847	9.047845043532267e-07
60.472106350000004	0.07522774536244796	8.849768623292959e-07
61.68154847700001	0.0787078848778879	8.57408041065016e-07
62.890990604	0.08219316142363987	8.216198498633898e-07
64.100432731	0.08567573552625729	7.771472549781654e-07
65.309874858	0.08914786194438785	7.235389839682014e-07
66.519316985	0.0926019258052567	6.602964413008331e-07
67.728759112	0.09603047664831937	5.868621804335211e-07
68.93820123900001	0.09942626038525144	5.026852184094615e-07
70.14764336600001	0.10278224907998113	4.0731903436649343e-07
71.357085493	0.10609166841546556	3.005074562035616e-07
72.56652762	0.109348022744106	1.8222664781093214e-07
73.775969747	0.11254511771111396	5.269511947257125e-08
74.98541187400001	0.11567708048987965	-8.759454712896756e-08
76.19485400100001	0.118738377595051	-2.3782493646410066e-07
77.404296128	0.12172383020923346	-3.9685358003911415e-07
78.613738255	0.12462862702177936	-5.633136985090826e-07
79.823180382	0.12744833463303593	-7.358082584206182e-07
81.032622509	0.13017890563109089	-9.131082826880247e-07
82.24206463600001	0.1328166844888112	-1.0942659222533515e-06
83.45150676300001	0.13535841137942956	-1.2787265422251658e-06
84.66094889	0.1378012238282791	-1.4664782720022391e-06
85.870391017	0.14014265615243868	-1.6580533436250789e-06
87.079833144	0.14238063691202912	-1.8542836748422866e-06
88.28927527100001	0.14451348464131378	-2.0558943124580426e-06
89.49871739800001	0.14653990204455866	-2.2630784640852193e-06
90.708159525	0.14845896880205964	-2.4751856141620947e-06
91.917601652	0.15027013310460213	-2.690606828447099e-06
93.127043779	0.15197320199546066	-2.9068767141733805e-06
94.33648590600001	0.15356833056150426	-3.1209523583581938e-06
95.54592803300001	0.15505600999675023	-3.3295972784497134e-06
96.75537016000001	0.15643705456807938	-3.5298027058381387e-06
97.964812287	0.1577125875366552	-3.719208549651019e-06
99.174254414	0.15888402611916888	-3.896504877936924e-06
100.383696541	0.15995306560107594	-4.061748438286528e-06
101.59313866800001	0.16092166273091071	-4.216408257744819e-06
102.80258079500001	0.16179201853730477	-4.362902809905395e-06
104.01202292200001	0.1625665607555408	-4.503651195348537e-06
105.221465049	0.16324792614707032	-4.64013500175689e-06
106.430907176	0.16383894305832625	-4.772556117009361e-06
107.64034930300001	0.16434261445767565	-4.900176219640351e-06
108.84979143000001	0.16476210139835673	-5.021964463476004e-06
110.05923355700001	0.1651007065779785	-5.137152951456497e-06
111.268675684	0.16536185765784298	-5.245485503391331e-06
112.478117811	0.16554909026701703	-5.3471476419642915e-06
113.687559938	0.16566603088335458	-5.442509459263417e-06
114.89700206500001	0.16571637987422913	-5.531835011163064e-06
116.10644419200001	0.1657038949245953	-5.615044576610217e-06
117.31588631900001	0.1656323749820348	-5.691548393645446e-06
118.525328446	0.16550564477061916	-5.7601449735460175e-06
119.734770573	0.16532753988272372	-5.818984694044162e-06
120.94421270000001	0.16510189244308598	-5.865617635383172e-06
122.15365482700001	0.16483251734286772	-5.897157001689106e-06
123.36309695400001	0.16452319905874443	-5.910585558009251e-06
124.572539081	0.16417767910144399	-5.9032056221987876e-06
125.781981208	0.16379964417469203	-5.873183731550864e-06
126.99142333500001	0.1633927151550847	-5.8200830658740875e-06
128.200865462	0.16296043700427115	-5.745238771393853e-06
129.410307589	0.1625062696791876	-5.6518439945814694e-06
130.619749716	0.162033580019262	-5.544686475445157e-06
131.82919184300002	0.16154563449854392	-5.429580034036171e-06
133.03863397	0.1610455926838039	-5.312624325232937e-06
134.24807609700002	0.16053650126105756	-5.1994646629792115e-06
135.457518224	0.16002128856552475	-5.094707923668264e-06
136.666960351	0.15950275963136032	-5.001597737055383e-06
137.87640247800002	0.15898359183052932	-4.9219806722517e-06
139.085844605	0.15846633118085415	-4.856519236634419e-06
140.29528673200002	0.1579533893784355	-4.805047488945547e-06
141.504728859	0.15744704156776793	-4.766946288352391e-06
142.714170986	0.1569494248246526	-4.741445627446687e-06
143.92361311300002	0.1564625373058863	-4.727817730050837e-06
145.13305524	0.15598823801649103	-4.725471655639039e-06
146.34249736700002	0.15552824715116215	-4.733980786744593e-06
147.551939494	0.15508414697328352	-4.753073836789987e-06
148.761381621	0.15465738319879538	-4.782610529290526e-06
149.97082374800002	0.15424926685400053	-4.822553399795224e-06
151.180265875	0.15386097657715375	-4.872940304330211e-06
152.38970800200002	0.15349356133364295	-4.933858467087609e-06
153.599150129	0.1531479435131404	-5.005419750638072e-06
154.808592256	0.15282492237488055	-5.087737169906448e-06
156.018034383	0.15252517780520158	-5.180903214126056e-06
157.22747651	0.1522492743506103	-5.284970373179778e-06
158.43691863700002	0.15199766548969545	-5.399933446067045e-06
159.646360764	0.15177069810770327	-5.525712521909681e-06
160.85580289100002	0.15156861713848951	-5.662135521840711e-06
162.065245018	0.15139157034014736	-5.8089199256307166e-06
163.274687145	0.15123961317286674	-5.965654265230167e-06
164.48412927200002	0.1511127137498211	-6.131780708680534e-06
165.693571399	0.151010757833653	-6.306580558818625e-06
166.90301352600002	0.15093355385241136	-6.489164942554241e-06
168.112455653	0.15088083791036186	-6.678473561487026e-06
169.32189778	0.15085227877189178	-6.87328466714595e-06
170.53133990700002	0.1508474828014458	-7.072238285513845e-06
171.740782034	0.150865998847996	-7.2738705974783406e-06
172.95022416100002	0.15090732306542923	-7.4766500672820545e-06
174.159666288	0.15097090365524635	-7.678999202142944e-06
175.369108415	0.15105614550467708	-7.87928778503613e-06
176.57855054200002	0.15116241468152183	-8.075798396196152e-06
177.787992669	0.1512890427512942	-8.266684215673268e-06
178.99743479600002	0.15143533090338251	-8.449944852098816e-06
180.206876923	0.15160055389418198	-8.623432678219015e-06
181.41631905	0.1517839638213653	-8.784883794720062e-06
182.62576117700002	0.1519847937373974	-8.931959356029232e-06
183.835203304	0.15220226110321572	-9.062285937578122e-06
185.04464543100002	0.15243557107976027	-9.173489931306455e-06
186.254087558	0.1526839196534752	-9.263225089956928e-06
187.46352968500003	0.15294649658911164	-9.329193670358229e-06
188.67297181200001	0.1532224881999355	-9.369161915602455e-06
189.882413939	0.15351107992534696	-9.380971152591303e-06
191.09185606600002	0.15381145871089671	-9.362546684957766e-06
192.301298193	0.15412281519390514	-9.311907149702061e-06
193.51074032000002	0.1544443457047583	-9.227176557497924e-06
194.720182447	0.15477525409668128	-9.106599983728836e-06
195.929624574	0.15511475341580405	-8.94856256412614e-06
197.13906670100002	0.1554620674209033	-8.751610580430811e-06
198.348508828	0.15581643196025954	-8.514473104497314e-06
199.55795095500002	0.15617709621207357	-8.236082805719466e-06
200.767393082	0.15654332379482155	-7.915594763156426e-06
201.976835209	0.1569143937541664	-7.552402485279301e-06
203.18627733600002	0.15728960143344117	-7.146150565748566e-06
204.395719463	0.1576682592350448	-6.69674371809134e-06
205.60516159000002	0.1580496972802543	-6.204352095950603e-06
206.814603717	0.15843326397505123	-5.669413013721667e-06
208.02404584400003	0.15881832648952754	-5.092629295424741e-06
209.23348797100002	0.15920427115823474	-4.474964551662176e-06
210.442930098	0.1595905038086631	-3.817635730459153e-06
211.65237222500002	0.1599764500246049	-3.1221032535500954e-06
212.861814352	0.16036155535087937	-2.3900590227861546e-06
214.07125647900003	0.16074528544537614	-1.623412537717549e-06
215.28069860600002	0.161127126184011	-8.242753356238623e-07
216.490140733	0.16150658372370771	5.056070590171324e-09
217.69958286000002	0.1618831845281172	8.62118545356126e-07
218.909024987	0.16225647536032706	1.7443017705871e-06
220.11846711400003	0.16262602324641334	2.648868556220928e-06
221.32790924100001	0.16299141541324835	3.5729757835538404e-06
222.537351368	0.16335225920354335	4.513695759862025e-06
223.74679349500002	0.16370818197072368	5.4680377743417e-06
224.956235622	0.1640588309558139	6.432969676860225e-06
226.16567774900003	0.16440387314818003	7.405439302971659e-06
227.375119876	0.1647429951316558	8.382395625448069e-06
228.584562003	0.16507590291731689	9.360809485143995e-06
229.79400413000002	0.16540232176392852	1.0337693819496496e-05
231.003446257	0.16572199598690912	1.1310123276859224e-05
232.21288838400002	0.16603468875644461	1.2275253162085298e-05
233.422330511	0.16634018188525382	1.3230337648998642e-05
234.63177263800003	0.1666382756062936	1.4172747218300515e-05
235.84121476500002	0.1669287883405664	1.5099985273531223e-05
237.050656892	0.16721155645502778	1.600970386596943e-05
238.26009901900002	0.16748643401046212	1.6899718433315736e-05
239.469541146	0.16775329249908014	1.776802142735619e-05
240.67898327300003	0.1680120205714999	1.8612794656783922e-05
241.88842540000002	0.16826252375270206	1.9432420159866978e-05
243.097867527	0.168504724146529	2.0225489400928813e-05
244.30730965400002	0.16873856012824084	2.0990810585287847e-05
245.516751781	0.1689639860246558	2.1727413921570373e-05
246.72619390800003	0.16918097178140354	2.2434554690449286e-05
247.93563603500002	0.16938950261684202	2.3111714012605655e-05
249.145078162	0.16958957866222973	2.3758597288634976e-05
250.35452028900002	0.16978121458775627	2.4375130301956836e-05
251.563962416	0.1699644392141752	2.4961453053516446e-05
252.77340454300003	0.1701392951097512	2.5517911413086552e-05
253.98284667000001	0.17030583817240816	2.6045046727388074e-05
255.192288797	0.1704641371970223	2.6543583537700338e-05
256.401730924	0.1706142734279169	2.701441558577197e-05
257.61117305100004	0.17075634009672194	2.74585903035825e-05
258.820615178	0.17089044194589698	2.78772919878091e-05
260.030057305	0.17101669473832018	2.827182387254773e-05
261.239499432	0.1711352247534502	2.8643589338847363e-05
262.448941559	0.17124616827071024	2.8994072472451574e-05
263.65838368600004	0.17134967104083274	2.9324818219728837e-05
264.867825813	0.1714458877460055	2.9637412392321146e-05
266.07726794	0.17153498144979243	2.9933461766928012e-05
267.286710067	0.1716171230378712	3.021457452213162e-05
268.49615219400005	0.17169249065074096	3.0482341278721694e-05
269.70559432100004	0.17176126910964656	3.073831695964486e-05
270.915036448	0.17182364933702698	3.0984003691996856e-05
272.124478575	0.17187982777288055	3.122083493976143e-05
273.333920702	0.1719300057884782	3.145016102760067e-05
274.54336282900005	0.17197438909891144	3.167323617808207e-05
275.75280495600003	0.17201318717595845	3.1891207154637286e-05
276.962247083	0.17204661266278806	3.210510356421609e-05
278.17168921	0.17207488079200203	3.2315829857119076e-05
279.381131337	0.17209820880850027	3.252415902705823e-05
280.59057346400004	0.17211681539865378	3.2730727987507157e-05
281.80001559100003	0.17213092012723408	3.293603462655981e-05
283.009457718	0.17214074288352685	3.314043645455991e-05
284.218899845	0.1721465033380156	3.334415083925336e-05
285.428341972	0.17214842041101552	3.3547256728320415e-05
286.63778409900004	0.17214671175456345	3.374969781005678e-05
287.84722622600003	0.1721415932488513	3.395128701105708e-05
289.056668353	0.17213327851443153	3.4151712250104225e-05
290.26611048	0.17212197844135685	3.435054333497983e-05
291.475552607	0.1721079007363655	3.4547239886668465e-05
292.68499473400004	0.17209124948916021	3.474116018167177e-05
293.89443686100003	0.17207222475872289	3.493157076695549e-05
295.103878988	0.17205102218057328	3.511765672819585e-05
296.313321115	0.17202783259575216	3.529853246172422e-05
297.522763242	0.17200284170226646	3.547325282710753e-05
298.73220536900004	0.1719762297296055	3.5640824534149824e-05
299.94164749600003	0.1719481711368822	3.5800217627063935e-05
301.151089623	0.17191883433502297	3.595037695415581e-05
302.36053175	0.1718883814333942	3.6090233471349074e-05
303.569973877	0.17185696801108535	3.621871529407085e-05
304.77941600400004	0.17182474291306768	3.633475836592776e-05
305.98885813100003	0.17179184807126732	3.64373166628193e-05
307.198300258	0.17175841835058123	3.652537183463542e-05
308.407742385	0.17172458141971272	3.659794221247702e-05
309.617184512	0.17169045764667829	3.665409112520231e-05
310.82662663900004	0.1716561600187092	3.669293444710863e-05
312.036068766	0.17162179408622172	3.671364736828413e-05
313.245510893	0.17158745793044308	3.6715470325515747e-05
314.45495302	0.17155324215420906	3.669771409932263e-05
315.664395147	0.17151922989539606	3.665976405272726e-05
316.87383727400004	0.17148549686236084	3.6601083523522636e-05
318.083279401	0.1714521113907236	3.652121637061968e-05
319.292721528	0.17141913452076454	3.6419788715120665e-05
320.502163655	0.17138662009465666	3.629650989193046e-05
321.71160578200005	0.17135461487269826	3.6151172650469516e-05
322.92104790900004	0.17132315866767822	3.5983652665105044e-05
324.130490036	0.17129228449645242	3.579390738881008e-05
325.339932163	0.17126201874778912	3.558197432020937e-05
326.54937429	0.1712323813654889	3.534796873564598e-05
327.75881641700005	0.17120338604577176	3.509208094883978e-05
328.96825854400004	0.1711750404479064	3.481457316598767e-05
330.177700671	0.17114734641699617	3.451577598568258e-05
331.387142798	0.17112030021788208	3.4196084616048254e-05
332.596584925	0.1710938927790686	3.3855954859146775e-05
333.80602705200005	0.1710681099455723	3.349589891902061e-05
335.01546917900004	0.17104293273962615	3.31164810833377e-05
336.224911306	0.17101833762812835	3.271831333115722e-05
337.434353433	0.17099429679576858	3.230205090734676e-05
338.64379556	0.17097077842273947	3.186838789675555e-05
339.85323768700005	0.1709477469659999	3.141805285025939e-05
341.06267981400003	0.17092516344300565	3.0951804482572405e-05
342.272121941	0.17090298571692847	3.0470427468438804e-05
343.481564068	0.17088116878232665	2.9974728372845864e-05
344.691006195	0.17085966505030842	2.946553172217302e-05
345.90044832200005	0.17083842463223933	2.8943676247091027e-05
347.10989044900003	0.17081739562108317	2.8410011297461604e-05
348.319332576	0.17079652436949655	2.786539344980955e-05
349.528774703	0.17077575576383178	2.7310683312166443e-05
350.73821683	0.17075503349325474	2.674674252623924e-05
351.94765895700004	0.17073430031321365	2.6174430978968226e-05
353.15710108400003	0.1707134983025376	2.559460421324632e-05
354.366543211	0.1706925691134985	2.5008111044337e-05
355.575985338	0.1706714542142148	2.441579137495618e-05
356.785427465	0.17065009512280388	2.3818474203059345e-05
357.99486959200004	0.1706284336327603	2.3216975818737852e-05
359.20431171900003	0.17060641202909024	2.2612098183563554e-05
360.413753846	0.17058397329474093	2.2004627477815802e-05
361.623195973	0.17056106130696752	2.139533281364544e-05
362.8326381	0.1705376210232919	2.078496510819975e-05
364.04208022700004	0.17051359865676988	2.0174256091742048e-05
365.25152235400003	0.17048894184033	1.9563917457673356e-05
366.460964481	0.17046359977999176	1.8954640137569144e-05
367.670406608	0.17043752339683713	1.834709368641885e-05
368.87984873500005	0.17041066545761827	1.774192577970387e-05
370.08929086200004	0.17038298069397037	1.713976180239301e-05
371.29873298900003	0.17035442591021582	1.6541204528273762e-05
372.508175116	0.17032496007980544	1.5946833876809287e-05
373.717617243	0.1702945444304556	1.5357206741649833e-05
374.92705937000005	0.1702631425181144	1.47728568781659e-05
376.13650149700004	0.17023072028991154	1.4194294852550472e-05
377.34594362400003	0.17019724613627035	1.3622008035187801e-05
378.555385751	0.17016269093240483	1.3056460640932814e-05
379.764827878	0.17012702806947447	1.2498093803400441e-05
380.97427000500005	0.17009023347564914	1.1947325685037129e-05
382.18371213200004	0.1700522856274188	1.1404551614758768e-05
383.393154259	0.17001316555146653	1.0870144247769927e-05
384.602596386	0.1699728568174683	1.0344453748291435e-05
385.812038513	0.1699313455221896	9.8278079952677e-06
387.02148064000005	0.1698886202652714	9.32051279332254e-06
388.23092276700004	0.16984467211712645	8.822852110570436e-06
389.440364894	0.16979949457934473	8.335088316854942e-06
390.649807021	0.16975308353806126	7.857462441251173e-06
391.859249148	0.16970543721071418	7.390194435982963e-06
393.06869127500005	0.16965655608664537	6.933483455254183e-06
394.27813340200004	0.16960644286198942	6.487508134689812e-06
395.487575529	0.16955510236931956	6.052426892232729e-06
396.697017656	0.16950254150248178	5.628378229356927e-06
397.906459783	0.16944876913709933	5.2154810424761646e-06
399.11590191000005	0.16939379604716523	4.813834950498569e-06
400.32534403700004	0.16933763481820044	4.423520630488811e-06
401.534786164	0.1692802997574014	4.04460016121875e-06
402.744228291	0.16922180680120258	3.6771173847337417e-06
403.953670418	0.16916217342069453	3.3210982747027923e-06
405.16311254500005	0.16910141852529906	2.976551321272408e-06
406.37255467200004	0.16903956236510706	2.6434679315727078e-06
407.581996799	0.16897662643227015	2.3218228383002694e-06
408.791438926	0.16891263336181842	2.0115745306283202e-06
410.000881053	0.16884760683227323	1.7126656931476693e-06
411.21032318000005	0.16878157146639725	1.4250236627165539e-06
412.41976530700003	0.16871455273241912	1.1485609070228105e-06
413.629207434	0.16864657684604462	8.831755116743202e-07
414.838649561	0.16857767067356158	6.287516832290291e-07
416.04809168800006	0.1685078616363158	3.8516027376533453e-07
417.25753381500004	0.1684371776168299	1.5225931855980953e-07
418.46697594200003	0.16836564686681124	-7.010541306658635e-08
419.676418069	0.1682932979172861	-2.8209984721542096e-07
420.885860196	0.1682201594910728	-4.839010246074457e-07
422.09530232300006	0.1681462604177945	-6.756965028954319e-07
423.30474445000004	0.16807162955160906	-8.576837421162504e-07
424.51418657700003	0.16799629569182556	-1.0300694885637175e-06
425.723628704	0.16792028750655552	-1.1930691330025676e-06
426.933070831	0.16784363345952638	-1.346906065888066e-06
428.14251295800005	0.16776636174017429	-1.4918110222550867e-06
429.35195508500004	0.16768850019711862	-1.6280214188287873e-06
430.56139721200003	0.16761007627510477	-1.7557806779794275e-06
431.770839339	0.16753111695546716	-1.8753375510712493e-06
432.980281466	0.16745164870020432	-1.9869454397084962e-06
434.18972359300005	0.1673716973996651	-2.09086170403857e-06
435.39916572000004	0.167291288323907	-2.1873469801019196e-06
436.60860784700003	0.16721044607771798	-2.2766644900912855e-06
437.818049974	0.1671291945593257	-2.359079362826459e-06
439.027492101	0.1670475569227644	-2.4348579474392075e-06
440.23693422800005	0.1669655555439	-2.504267141932038e-06
441.44637635500004	0.16688321199005682	-2.5675737247835264e-06
442.65581848200003	0.16680054699323446	-2.625043696307557e-06
443.865260609	0.1667175804268439	-2.6769416383397574e-06
445.074702736	0.16663433128590033	-2.7235300752148836e-06
446.28414486300005	0.16655081767062285	-2.7650688609498925e-06
447.49358699000004	0.16646705677335577	-2.8018145805264115e-06
448.703029117	0.1663830648687175	-2.8340199734601564e-06
449.912471244	0.16629885730691166	-2.861933374528261e-06
451.121913371	0.16621444851008083	-2.8857981819037473e-06
452.33135549800005	0.16612985197162172	-2.905852352441733e-06
453.54079762500004	0.16604508025833653	-2.922327922308442e-06
454.750239752	0.16596014501532314	-2.9354505566150707e-06
455.959681879	0.16587505697349098	-2.9454391339240915e-06
457.169124006	0.16578982595957334	-2.9525053603818396e-06
458.37856613300005	0.16570446090852414	-2.956853420046705e-06
459.58800826000004	0.16561896987817107	-2.9586796618511635e-06
460.797450387	0.16553336006600342	-2.958172324370556e-06
462.006892514	0.16544763782796582	-2.955511292420972e-06
463.216334641	0.1653618086991286	-2.9508679045941377e-06
464.42577676800005	0.16527587741610475	-2.9444047907654645e-06
465.63521889500004	0.16518984794109284	-2.9362757536271036e-06
466.844661022	0.16510372348740468	-2.9266256930165654e-06
468.054103149	0.1650175065463553	-2.9155905692490824e-06
469.26354527600006	0.16493119891538827	-2.9032974076157496e-06
470.47298740300005	0.16484480172730615	-2.8898643426105033e-06
471.68242953000004	0.16475831548048486	-2.875400706023291e-06
472.891871657	0.1646717400699406	-2.8600071501560692e-06
474.101313784	0.16458507481913393	-2.8437758096688096e-06
475.31075591100006	0.16449831851239566	-2.8267905042911668e-06
476.52019803800005	0.16441146942783808	-2.809126972560195e-06
477.72964016500003	0.1643245253706661	-2.7908531403514912e-06
478.939082292	0.16423748370674796	-2.772029426860138e-06
480.148524419	0.16415034139635307	-2.7527090702039274e-06
481.35796654600006	0.16406309502795668	-2.7329384860709494e-06
482.56740867300005	0.16397574085199068	-2.712757655179393e-06
483.77685080000003	0.16388827481445914	-2.6922005227657345e-06
484.986292927	0.16380069259032234	-2.6712954280866774e-06
486.195735054	0.16371298961654654	-2.6500655438904877e-06
487.40517718100006	0.1636251611247501	-2.6285293291387104e-06
488.61461930800004	0.16353720217334894	-2.6067009966057634e-06
489.82406143500003	0.16344910767913726	-2.5845909820818068e-06
491.033503562	0.16336087244821945	-2.562206422014608e-06
492.242945689	0.16327249120622633	-2.539551631978783e-06
493.45238781600005	0.16318395862774887	-2.516628577395742e-06
494.66182994300004	0.16309526936493704	-2.493437343258018e-06
495.87127207000003	0.16300641807519872	-2.4699765974471866e-06
497.080714197	0.16291739944795222	-2.4462440428004252e-06
498.290156324	0.1628282082303762	-2.4222368453715633e-06
499.49959845100005	0.1627388392521357	-2.3979520608022007e-06
500.70904057800004	0.1626492874490111	-2.373387030085797e-06
501.91848270500003	0.16255954788543378	-2.3485397628236524e-06
503.127924832	0.16246961577586655	-2.3234092919293404e-06
504.337366959	0.16237948650503045	-2.2979960047851277e-06
505.54680908600005	0.16228915564693086	-2.2723019483028335e-06
506.75625121300004	0.16219861898268753	-2.2463311084641014e-06
507.96569334000003	0.1621078725171419	-2.220089656488086e-06
509.175135467	0.16201691249422612	-2.193586169688527e-06
510.384577594	0.16192573541112243	-2.1668318180693493e-06
511.59401972100005	0.16183433803115635	-2.139840522350502e-06
512.803461848	0.16174271739547522	-2.112629084080667e-06
514.0129039750001	0.16165087083349222	-2.0852172820797496e-06
515.2223461020001	0.16155879597209832	-2.0576279362542222e-06
516.4317882290001	0.1614664907436822	-2.0298869486410302e-06
517.641230356	0.16137395339293617	-2.0020233109398408e-06
518.850672483	0.16128118248249587	-1.97406908202841e-06
520.06011461	0.1611881768974119	-1.9460593471067968e-06
521.269556737	0.16109493584849455	-1.918032143160948e-06
522.478998864	0.16100145887454104	-1.8900283642459238e-06
523.688440991	0.16090774584348008	-1.8620916454657449e-06
524.897883118	0.1608137969524685	-1.834268222983061e-06
526.1073252450001	0.1607196127269585	-1.8066067757539503e-06
527.3167673720001	0.16062519401878259	-1.7791582562339558e-06
528.5262094990001	0.16053054200328076	-1.7519756954902374e-06
529.735651626	0.16043565817551436	-1.7251140055479108e-06
530.945093753	0.16034054434559783	-1.6986297620940172e-06
532.15453588	0.16024520263320263	-1.6725809818814399e-06
533.363978007	0.16014963546124839	-1.6470268975160319e-06
534.573420134	0.1600538455488493	-1.6220277112507043e-06
535.782862261	0.1599578359035453	-1.5976443641546584e-06
536.9923043880001	0.1598616098128585	-1.5739382902165337e-06
538.2017465150001	0.15976517083522204	-1.550971177303416e-06
539.4111886420001	0.15966852279034144	-1.5288047263170466e-06
540.6206307690001	0.1595716697489985	-1.507500413239017e-06
541.830072896	0.15947461602237348	-1.4871192589064135e-06
543.039515023	0.1593773661509201	-1.4677216022887584e-06
544.24895715	0.15927992489282908	-1.449366880885843e-06
545.458399277	0.159182297212145	-1.432113424714929e-06
546.667841404	0.1590844882665547	-1.4160182461057171e-06
547.877283531	0.15898650339491674	-1.4011368611583897e-06
549.0867256580001	0.15888834810455535	-1.3875231049921233e-06
550.2961677850001	0.15879002805837375	-1.3752289634157288e-06
551.5056099120001	0.15869154906182253	-1.3643044202572023e-06
552.715052039	0.1585929170497721	-1.3547973179170047e-06
553.924494166	0.15849413807331153	-1.3467532268870857e-06
555.133936293	0.15839521828653264	-1.3402153319809475e-06
556.34337842	0.15829616393333337	-1.3352243339294497e-06
557.552820547	0.1581969813342678	-1.3318183559675891e-06
558.762262674	0.15809767687348503	-1.3300328790324576e-06
559.971704801	0.1579982569857933	-1.3299006723790268e-06
561.1811469280001	0.15789872814388126	-1.3314517573431867e-06
562.3905890550001	0.15779909684572185	-1.3347133661942358e-06
563.6000311820001	0.1576993696022012	-1.3397099227410713e-06
564.809473309	0.15759955292498873	-1.3464630344090105e-06
566.018915436	0.1574996533146874	-1.3549914946696225e-06
567.228357563	0.15739967724927986	-1.3653112946500247e-06
568.43779969	0.15729963117290083	-1.3774356471538758e-06
569.647241817	0.1571995214849529	-1.3913750233881002e-06
570.856683944	0.15709935452959772	-1.4071371905038987e-06
572.066126071	0.15699913658562986	-1.424727267023462e-06
573.2755681980001	0.1568988738567536	-1.444147779872562e-06
574.4850103250001	0.15679857246228476	-1.4653987306390004e-06
575.6944524520001	0.15669823842828673	-1.488477664215449e-06
576.903894579	0.15659787767915362	-1.5133797485572011e-06
578.113336706	0.15649749602965793	-1.5400978595239092e-06
579.322778833	0.1563970991774568	-1.568622662907119e-06
580.53222096	0.1562966926960895	-1.5989427067372712e-06
581.741663087	0.15619628202844119	-1.63104451225022e-06
582.951105214	0.15609587248071566	-1.664912670359007e-06
584.160547341	0.15599546921687976	-1.700529937465717e-06
585.3699894680001	0.15589507725361076	-1.7378773306753896e-06
586.5794315950001	0.1557947014557412	-1.7769342318476221e-06
587.7888737220001	0.1556943465321897	-1.8176784770905137e-06
588.998315849	0.15559401703238762	-1.8600864621911182e-06
590.207757976	0.15549371734318812	-1.9041332335890533e-06
591.417200103	0.15539345168626262	-1.9497925857124035e-06
592.62664223	0.15529322411596966	-1.9970371536509678e-06
593.836084357	0.15519303851769492	-2.0458385080252482e-06
595.045526484	0.15509289860665199	-2.096167238872598e-06
596.2549686110001	0.15499280792713413	-2.147993047735451e-06
597.4644107380001	0.1548927698522047	-2.2012848284744117e-06
598.6738528650001	0.15479278758382092	-2.256010750339024e-06
599.8832949920001	0.15469286415337558	-2.3121383348455407e-06
601.092737119	0.15459300242264246	-2.3696345315562213e-06
602.302179246	0.15449320508510564	-2.4284657920101514e-06
603.511621373	0.1543934746676777	-2.488598136975212e-06
604.7210635	0.15429381353277247	-2.5499972187673907e-06
605.930505627	0.1541942238807205	-2.612628388859854e-06
607.139947754	0.15409470775251957	-2.676456755012912e-06
608.3493898810001	0.15399526703289862	-2.741447236433061e-06
609.5588320080001	0.15389590345367468	-2.8075646151796333e-06
610.7682741350001	0.1537966185973834	-2.8747735888961853e-06
611.9777162620001	0.1536974139011831	-2.94303881563628e-06
613.187158389	0.1535982906609932	-3.0123249573605567e-06
614.396600516	0.153499250035855	-3.0825967215971055e-06
615.606042643	0.15340029305251185	-3.153818902182198e-06
616.81548477	0.15330142061016047	-3.2259564105412902e-06
618.024926897	0.15320263348539057	-3.2989743111916037e-06
619.234369024	0.15310393233726735	-3.37283785501059e-06
620.4438111510001	0.1530053177125423	-3.44751250668963e-06
621.6532532780001	0.15290679005099697	-3.5229639694426645e-06
622.8626954050001	0.15280834969086698	-3.599158215960837e-06
624.072137532	0.15270999687436765	-3.676061506122475e-06
625.281579659	0.1526117317532624	-3.7536404141436223e-06
626.491021786	0.15251355439449304	-3.831861844685283e-06
627.700463913	0.15241546478583112	-3.910693055198894e-06
628.90990604	0.1523174628415534	-3.990101671663443e-06
630.119348167	0.15221954840810556	-4.07005570556929e-06
631.328790294	0.15212172126975707	-4.150523571382009e-06
632.5382324210001	0.1520239811542201	-4.23147409604504e-06
633.7476745480001	0.15192632773822293	-4.312876541306848e-06
634.9571166750001	0.15182876065302855	-4.394700605299152e-06
636.166558802	0.15173127948987092	-4.476916442079059e-06
637.376000929	0.1516338838053155	-4.559494673106228e-06
638.585443056	0.15153657312651947	-4.642406391709264e-06
639.794885183	0.1514393469563785	-4.725623176231117e-06
641.00432731	0.15134220477856108	-4.809117099253967e-06
642.213769437	0.15124514606240794	-4.892860733962103e-06
643.4232115640001	0.15114817026769595	-4.976827163681852e-06
644.6326536910001	0.1510512768492503	-5.060989984492607e-06
645.8420958180001	0.150954465261405	-5.145323314975377e-06
647.0515379450001	0.15085773496229754	-5.2298018010576825e-06
648.260980072	0.15076108541799293	-5.314400616770909e-06
649.470422199	0.15066451610643578	-5.399095471804581e-06
650.679864326	0.1505680265212112	-5.483862612136258e-06
651.889306453	0.15047161617513027	-5.568678822113308e-06
653.09874858	0.15037528460361868	-5.653521425481266e-06
654.308190707	0.15027903136791448	-5.738368286138731e-06
655.5176328340001	0.15018285605806447	-5.823197804863892e-06
656.7270749610001	0.15008675829572624	-5.907988920185459e-06
657.9365170880001	0.14999073773676833	-5.992721103045813e-06
659.1459592150001	0.14989479407366918	-6.077374354041222e-06
660.355401342	0.14979892703771563	-6.161929197309056e-06
661.564843469	0.14970313640099717	-6.246366673279257e-06
662.774285596	0.14960742197820048	-6.3306683342513646e-06
663.983727723	0.14951178362821124	-6.4148162317018795e-06
665.19316985	0.149416221255506	-6.4987929091685815e-06
666.402611977	0.14932073481136018	-6.582581387002784e-06
667.6120541040001	0.14922532429486166	-6.666165157030249e-06
668.8214962310001	0.14912998975373118	-6.74952815914112e-06
670.0309383580001	0.14903473128496553	-6.832654774879339e-06
671.2403804850001	0.14893954903529225	-6.915529804412595e-06
672.449822612	0.148844443201451	-6.998138455568364e-06
673.659264739	0.14874941403031028	-7.080466319445102e-06
674.868706866	0.14865446181880423	-7.162499352741944e-06
676.078148993	0.14855958691372578	-7.2442238566447845e-06
677.28759112	0.14846478971135227	-7.325626454861337e-06
678.497033247	0.1483700706569248	-7.406694070274888e-06
679.7064753740001	0.1482754302439966	-7.487413900735204e-06
680.9159175010001	0.1481808690136255	-7.567773392535561e-06
682.1253596280001	0.1480863875534667	-7.647760217487536e-06
683.3348017550001	0.14799198649670875	-7.727362242530804e-06
684.544243882	0.1478976665209262	-7.80656750606726e-06
685.753686009	0.1478034283468043	-7.885364186149316e-06
686.963128136	0.14770927273677176	-7.96374057596252e-06
688.172570263	0.14761520049353907	-8.041685052333172e-06
689.38201239	0.14752121245855382	-8.119186049419695e-06
690.5914545170001	0.14742730951037145	-8.196232025562443e-06
691.8008966440001	0.14733349256295508	-8.272811437646594e-06
693.0103387710001	0.1472397625639217	-8.348912713180051e-06
694.2197808980001	0.1471461204927169	-8.424524219681318e-06
695.429223025	0.14705256735874933	-8.499634236500715e-06
696.638665152	0.1469591041994832	-8.574230932299025e-06
697.848107279	0.14686573207849055	-8.648302332600003e-06
699.057549406	0.1467724520834741	-8.721836297513548e-06
700.266991533	0.14667926532427536	-8.794820497920373e-06
701.47643366	0.14658617293085557	-8.867242394818108e-06
702.6858757870001	0.14649317605128	-8.939089213185979e-06
703.8953179140001	0.14640027584968998	-9.010347927900612e-06
705.1047600410001	0.14630747350428067	-9.081005243945948e-06
706.3142021680001	0.14621477020528506	-9.151047579232422e-06
707.523644295	0.14612216715297788	-9.220461054225124e-06
708.733086422	0.1460296655556904	-9.289231480239433e-06
709.942528549	0.14593726662785617	-9.357344352529048e-06
711.151970676	0.14584497158808124	-9.424784842333821e-06
712.361412803	0.14575278165725053	-9.491537796241569e-06
713.57085493	0.14566069805666998	-9.557587734641849e-06
714.7802970570001	0.14556872200624876	-9.622918856703194e-06
715.9897391840001	0.14547685472273553	-9.687515044659339e-06
717.1991813110001	0.14538509741799052	-9.75135987568179e-06
718.4086234380001	0.14529345129731785	-9.814436632874823e-06
719.618065565	0.1452019175578511	-9.876728323202597e-06
720.827507692	0.14511049738699802	-9.938217694287834e-06
722.036949819	0.14501919196093824	-9.998887260037557e-06
723.246391946	0.1449280024431907	-1.0058719324893738e-05
724.455834073	0.14483692998324127	-1.0117696014059634e-05
725.6652762	0.14474597571523676	-1.0175799304621438e-05
726.8747183270001	0.144655140756744	-1.023301106504224e-05
728.0841604540001	0.14456442620757778	-1.0289313090073042e-05
729.2936025810001	0.1444738331486967	-1.0344687143621515e-05
730.5030447080001	0.14438336264117138	-1.0399115006770029e-05
731.712486835	0.14429301572521527	-1.0452578520437607e-05
732.921928962	0.14420279341929507	-1.0505059636237968e-05
734.131371089	0.1441126967192992	-1.0556540471661293e-05
735.340813216	0.14402272659779022	-1.0607003360764338e-05
736.550255343	0.14393288400331009	-1.0656430911768767e-05
737.7596974700001	0.14384316985976697	-1.0704806065615227e-05
738.9691395970001	0.14375358506588673	-1.0752112153024933e-05
740.1785817240001	0.14366413049472576	-1.079833295410249e-05
741.3880238510001	0.1435748069932551	-1.0843452761893353e-05
742.5974659780001	0.1434856153820085	-1.0887456441111479e-05
743.806908105	0.14339655645479718	-1.0930329492994374e-05
745.016350232	0.14330763097847016	-1.0972058113457705e-05
746.225792359	0.14321883969276233	-1.101262925497516e-05
747.435234486	0.143130183310178	-1.105203068811221e-05
748.644676613	0.14304166251593733	-1.1090251061316494e-05
749.8541187400001	0.14295327796798835	-1.11272799572946e-05
751.0635608670001	0.14286503029705633	-1.116310795038003e-05
752.2730029940001	0.14277692010675538	-1.119772666136538e-05
753.4824451210001	0.14268894797374757	-1.1231128810080303e-05
754.6918872480001	0.14260111444794513	-1.1263308265006653e-05
755.901329375	0.14251342005275922	-1.1294260092701839e-05
757.110771502	0.14242586528539966	-1.1323980597768317e-05
758.320213629	0.14233845061719913	-1.1352467368701402e-05
759.529655756	0.14225117649399455	-1.137971931526046e-05
760.739097883	0.14216404333653107	-1.1405736699276283e-05
761.9485400100001	0.14207705154090872	-1.1430521172294537e-05
763.1579821370001	0.1419902014790537	-1.1454075795265086e-05
764.3674242640001	0.141903493499231	-1.1476405067734695e-05
765.5768663910001	0.14181692792657008	-1.1497514941628334e-05
766.786308518	0.14173050506363102	-1.1517412840471878e-05
767.995750645	0.14164422519098335	-1.153610766690848e-05
769.205192772	0.14155808856781057	-1.1553609812664042e-05
770.414634899	0.14147209543253758	-1.1569931154535404e-05
771.624077026	0.1413862460034668	-1.1585085060304466e-05
772.833519153	0.14130054047943935	-1.159908637396115e-05
774.0429612800001	0.14121497904049962	-1.1611951415267495e-05
775.2524034070001	0.14112956184858316	-1.1623697952341586e-05
776.4618455340001	0.14104428904820213	-1.1634345193188523e-05
777.6712876610001	0.1409591607671474	-1.1643913759477048e-05
778.880729788	0.14087417711719039	-1.1652425659614757e-05
780.090171915	0.14078933819479453	-1.1659904260733207e-05
781.299614042	0.14070464408182357	-1.166637425151687e-05
782.509056169	0.1406200948462536	-1.1671861608676784e-05
783.718498296	0.14053569054288756	-1.1676393554094835e-05
784.9279404230001	0.14045143121406012	-1.1679998514461796e-05
786.1373825500001	0.140367316890344	-1.1682706069206428e-05
787.3468246770001	0.14028334759124556	-1.1684546908790213e-05
788.5562668040001	0.14019952332590305	-1.1685552779568744e-05
789.7657089310001	0.1401158440937687	-1.1685756431689632e-05
790.975151058	0.14003230988528245	-1.1685191561412997e-05
792.184593185	0.13994892068253578	-1.1683892758525177e-05
793.394035312	0.1398656764599259	-1.1681895441971755e-05
794.603477439	0.13978257718479523	-1.1679235802987621e-05
795.812919566	0.13969962281805814	-1.167595074273557e-05
797.0223616930001	0.13961681331480968	-1.1672077809497477e-05
798.2318038200001	0.13953414862492144	-1.1667655137481928e-05
799.4412459470001	0.13945162869362202	-1.1662721379312392e-05
800.6506880740001	0.13936925346205511	-1.1657315647713459e-05
801.8601302010001	0.13928702286782035	-1.1651477445624725e-05
803.069572328	0.1392049368455026	-1.1645246605060431e-05
804.279014455	0.1391229953271739	-1.163866322401867e-05
805.488456582	0.13904119824287342	-1.163176760013445e-05
806.697898709	0.13895954552107792	-1.1624600169159382e-05
807.907340836	0.13887803708914123	-1.1617201443606065e-05
809.1167829630001	0.1387966728737132	-1.1609611948726115e-05
810.3262250900001	0.13871545280114086	-1.1601872164471623e-05
811.5356672170001	0.13863437679784898	-1.1594022465419176e-05
812.7451093440001	0.13855344479069276	-1.1586103060651253e-05
813.9545514710001	0.1384726567072903	-1.1578153940474735e-05
815.163993598	0.1383920124763357	-1.1570214818142429e-05
816.373435725	0.13831151202788644	-1.1562325075765531e-05
817.582877852	0.13823115529363017	-1.1554523715632318e-05
818.792319979	0.13815094220712962	-1.1546849304290942e-05
820.001762106	0.1380708727040459	-1.1539339929615415e-05
821.2112042330001	0.13799094672233592	-1.1532033149878818e-05
822.4206463600001	0.13791116420243094	-1.1524965948508348e-05
823.6300884870001	0.13783152508739813	-1.1518174694187817e-05
824.8395306140001	0.13775202932307426	-1.1511695097974946e-05
826.0489727410001	0.13767267685818285	-1.1505562173642936e-05
827.258414868	0.13759346764442987	-1.1499810199779975e-05
828.467856995	0.1375144016365793	-1.1494472688527631e-05
829.677299122	0.13743547879251228	-1.148958234898889e-05
830.886741249	0.13735669907326206	-1.148517105962011e-05
832.0961833760001	0.13727806244303817	-1.148126983710505e-05
833.3056255030001	0.13719956886922924	-1.1477908811363818e-05
834.5150676300001	0.13712121832238966	-1.1475117198355107e-05
835.7245097570001	0.13704301077620765	-1.1472923280904663e-05
836.9339518840001	0.136964946207462	-1.1471354388220373e-05
838.143394011	0.1368870245959627	-1.1470436875727005e-05
839.352836138	0.13680924592447885	-1.1470196109155845e-05
840.562278265	0.1367316101786456	-1.147065645184789e-05
841.771720392	0.13665411734687422	-1.147184125207214e-05
842.981162519	0.13657676742023422	-1.147377283260087e-05
844.1906046460001	0.13649956039233535	-1.1476472481508499e-05
845.4000467730001	0.13642249625919328	-1.147996044713904e-05
846.6094889000001	0.13634557501909272	-1.148425593154185e-05
847.8189310270001	0.13626879667243239	-1.1489377089415298e-05
849.0283731540001	0.1361921612215714	-1.1495341027312297e-05
850.237815281	0.13611566867066513	-1.1502163802321514e-05
851.447257408	0.13603931902549446	-1.150986042670595e-05
852.656699535	0.1359631122932894	-1.1518444869187512e-05
853.866141662	0.13588704848255012	-1.1527930061393277e-05
855.075583789	0.1358111276028635	-1.1538327905154229e-05
856.2850259160001	0.13573534966471348	-1.1549649279701927e-05
857.4944680430001	0.13565971467929383	-1.156190405444885e-05
858.7039101700001	0.13558422265832024	-1.1575101095904436e-05
859.9133522970001	0.13550887361383396	-1.1589248280848958e-05
861.1227944240001	0.13543366755800834	-1.1604352510405617e-05
862.332236551	0.13535860450296175	-1.1620419726903665e-05
863.541678678	0.13528368446056543	-1.1637454925300134e-05
864.751120805	0.13520890744225328	-1.165546217051692e-05
865.960562932	0.13513427345883625	-1.1674444617926007e-05
867.170005059	0.13505978252031883	-1.1694404527747571e-05
868.3794471860001	0.13498543463571375	-1.1715343286807579e-05
869.5888893130001	0.13491122981287146	-1.1737261428137676e-05
870.7983314400001	0.13483716805830398	-1.1760158650947573e-05
872.0077735670001	0.13476324937701795	-1.1784033841581216e-05
873.2172156940001	0.13468947377234755	-1.1808885096825473e-05
874.426657821	0.13461584124580325	-1.1834709743318874e-05
875.636099948	0.1345423517969186	-1.1861504364376085e-05
876.845542075	0.1344690054231016	-1.1889264820651408e-05
878.054984202	0.13439580211949986	-1.1917986270782429e-05
879.2644263290001	0.13432274187886553	-1.194766320160704e-05
880.4738684560001	0.1342498246914304	-1.197828944804318e-05
881.6833105830001	0.1341770505447895	-1.2009858216756024e-05
882.8927527100001	0.13410441942378984	-1.2042362112562687e-05
884.1021948370001	0.13403193131042618	-1.2075793161888308e-05
885.3116369640001	0.1339595861837485	-1.2110142835681423e-05
886.521079091	0.133887384019769	-1.2145402077080702e-05
887.730521218	0.1338153247913876	-1.2181561322929087e-05
888.939963345	0.13374340846831367	-1.2218610527361928e-05
890.149405472	0.13367163501700563	-1.2256539189371026e-05
891.3588475990001	0.13360000440061728	-1.2295336373601092e-05
892.5682897260001	0.1335285165789394	-1.2334990736203901e-05
893.7777318530001	0.13345717150836794	-1.23754905463588e-05
894.9871739800001	0.1333859691418648	-1.2416823709115513e-05
896.1966161070001	0.13331490942893431	-1.2458977791108453e-05
897.406058234	0.13324399231560383	-1.250194004131892e-05
898.615500361	0.13317321774441157	-1.2545697411941256e-05
899.824942488	0.1331025856544036	-1.2590236582303517e-05
901.034384615	0.13303209598113375	-1.2635543979326982e-05
902.243826742	0.13296174865667507	-1.26816057989944e-05
903.4532688690001	0.13289154360963545	-1.272840802426955e-05
904.6627109960001	0.13282148076517966	-1.2775936449685678e-05
905.8721531230001	0.13275156004505165	-1.2824176696943276e-05
907.0815952500001	0.1326817813676163	-1.2873114235591308e-05
908.2910373770001	0.13261214464789453	-1.2922734401481256e-05
909.500479504	0.1325426497976085	-1.2973022414682741e-05
910.709921631	0.13247329672522834	-1.3023963396157897e-05
911.919363758	0.13240408533602802	-1.3075542385271202e-05
913.128805885	0.13233501553214552	-1.3127744358747112e-05
914.338248012	0.13226608721264071	-1.3180554240855519e-05
915.5476901390001	0.1321973002735663	-1.32339569243289e-05
916.7571322660001	0.13212865460803114	-1.328793727996309e-05
917.9665743930001	0.13206015010627867	-1.3342480175642848e-05
919.1760165200001	0.13199178665576144	-1.3397570486121912e-05
920.3854586470001	0.13192356414121384	-1.345319310878653e-05
921.594900774	0.13185548244474107	-1.350933297370919e-05
922.804342901	0.13178754144589205	-1.3565975056220674e-05
924.013785028	0.13171974102174902	-1.362310438899924e-05
925.223227155	0.13165208104701392	-1.3680706072331102e-05
926.432669282	0.13158456139408878	-1.3738765283947635e-05
927.6421114090001	0.13151718193316678	-1.3797267288761704e-05
928.8515535360001	0.13144994253231698	-1.3856197448077723e-05
930.0609956630001	0.13138284305757486	-1.3915541228260165e-05
931.2704377900001	0.13131588337302744	-1.3975284207520871e-05
932.4798799170001	0.1312490633409024	-1.4035412084948947e-05
933.689322044	0.1311823828216516	-1.40959106874932e-05
934.898764171	0.13111584167404208	-1.4156765974728277e-05
936.108206298	0.1310494397552348	-1.4217964045101857e-05
937.317648425	0.1309831769208722	-1.4279491141675864e-05
938.5270905520001	0.1309170530251568	-1.4341333659112059e-05
939.7365326790001	0.13085106792093884	-1.4403478143962023e-05
940.9459748060001	0.1307852214597876	-1.4465911302506567e-05
942.1554169330001	0.1307195134920695	-1.452862000209271e-05
943.3648590600001	0.13065394386702608	-1.4591591274827295e-05
944.5743011870001	0.13058851243284164	-1.4654812321264766e-05
945.783743314	0.1305232190367163	-1.4718270509688489e-05
946.993185441	0.13045806352493175	-1.478195338260206e-05
948.202627568	0.13039304574291619	-1.4845848653214024e-05
949.412069695	0.130328165535307	-1.4909944210998141e-05
950.6215118220001	0.13026342274600664	-1.4974228120381584e-05
951.8309539490001	0.13019881721824084	-1.5038688619844832e-05
953.0403960760001	0.13013434879461294	-1.5103314126162083e-05
954.2498382030001	0.13007001731714996	-1.516809322841436e-05
955.4592803300001	0.13000582262735222	-1.5233014692797812e-05
956.6687224570001	0.12994176456623918	-1.5298067460668103e-05
957.878164584	0.12987784297438268	-1.5363240644759963e-05
959.087606711	0.12981405769195214	-1.542852353228655e-05
960.297048838	0.12975040855874534	-1.549390557729248e-05
961.506490965	0.12968689541422046	-1.5559376407070868e-05
962.7159330920001	0.1296235180975215	-1.5624925812760343e-05
963.9253752190001	0.12956027644750914	-1.5690543751119296e-05
965.1348173460001	0.1294971703027753	-1.5756220342034775e-05
966.3442594730001	0.129434199501669	-1.582194586518564e-05
967.5537016000001	0.12937136388230783	-1.5887710757140987e-05
968.763143727	0.1293086632825954	-1.5953505610122124e-05
969.972585854	0.129246097540228	-1.6019321166847542e-05
971.182027981	0.1291836664927045	-1.60851483217168e-05
972.391470108	0.1291213699773306	-1.6150978112965892e-05
973.600912235	0.12905920783122404	-1.6216801721589953e-05
974.8103543620001	0.1289971798913108	-1.6282610467140808e-05
976.0197964890001	0.1289352859943292	-1.6348395807940815e-05
977.2292386160001	0.12887352597681795	-1.6414149332521838e-05
978.4386807430001	0.12881189967511752	-1.6479862759807023e-05
979.6481228700001	0.12875040692535702	-1.6545527934775982e-05
980.857564997	0.1286890475634473	-1.6611136825640167e-05
982.067007124	0.12862782142506698	-1.667668151828364e-05
983.276449251	0.12856672834564925	-1.6742154215612245e-05
984.485891378	0.1285057681603711	-1.680754723020279e-05
985.6953335050001	0.1284449407041314	-1.6872852987202586e-05
986.9047756320001	0.1283842458115372	-1.6938064015072492e-05
988.1142177590001	0.12832368331688346	-1.7003172943406252e-05
989.3236598860001	0.1282632530541366	-1.7068172500188894e-05
990.5331020130001	0.12820295485690747	-1.713305551102606e-05
991.7425441400001	0.1281427885584424	-1.7197814891182068e-05
992.951986267	0.12808275399158786	-1.7262443646206996e-05
994.161428394	0.12802285098877705	-1.7326934867343027e-05
995.370870521	0.1279630793820068	-1.7391281727187413e-05
996.580312648	0.12790343900281237	-1.745547747957248e-05
997.7897547750001	0.12784392968224506	-1.7519515453593656e-05
998.9991969020001	0.12778455125085122	-1.7583389053165173e-05
1000.2086390290001	0.1277253035386481	-1.764709175436695e-05
1001.4180811560001	0.12766618637509997	-1.77106170981975e-05
1002.6275232830001	0.12760719958910183	-1.7773958696397633e-05
1003.8369654100001	0.12754834300895082	-1.783711022049528e-05
1005.046407537	0.12748961646232745	-1.7900065406140927e-05
1006.255849664	0.12743101977627383	-1.7962818045516928e-05
1007.465291791	0.1273725527771772	-1.802536198698846e-05
1008.674733918	0.12731421529074685	-1.8087691137810212e-05
1009.8841760450001	0.12725600714199584	-1.814979945415345e-05
1011.0936181720001	0.12719792815522565	-1.8211680944659233e-05
1012.3030602990001	0.12713997815400585	-1.827332966681752e-05
1013.5125024260001	0.12708215696116146	-1.8334739726362424e-05
1014.7219445530001	0.1270244643987578	-1.8395905274569692e-05
1015.9313866800001	0.12696690028808522	-1.8456820508868867e-05
1017.140828807	0.1269094644496469	-1.8517479671035126e-05
1018.350270934	0.1268521567031495	-1.8577877043660196e-05
1019.559713061	0.1267949768674906	-1.8638006951232724e-05
1020.769155188	0.12673792476074955	-1.8697863761149585e-05
1021.9785973150001	0.12668100020018175	-1.87574418780528e-05
1023.1880394420001	0.12662420300221233	-1.8816735747913438e-05
1024.397481569	0.1265675329824299	-1.887573985635014e-05
1025.606923696	0.12651098995557974	-1.8934448727869053e-05
1026.816365823	0.12645457373556646	-1.899285692390682e-05
1028.0258079500002	0.1263982841354503	-1.9050959043922496e-05
1029.235250077	0.1263421209674453	-1.910874972830488e-05
1030.4446922040001	0.1262860840429257	-1.9166223654596747e-05
1031.654134331	0.12623017317242158	-1.9223375538433703e-05
1032.8635764580001	0.12617438816562582	-1.928020013558452e-05
1034.073018585	0.12611872883140016	-1.9336692241620108e-05
1035.282460712	0.12606319497777838	-1.9392846692031635e-05
1036.491902839	0.12600778641197444	-1.9448658363153146e-05
1037.701344966	0.12595250294039229	-1.950412217203154e-05
1038.9107870930002	0.12589734436863287	-1.955923308037525e-05
1040.12022922	0.1258423105015039	-1.9613986092793717e-05
1041.3296713470002	0.1257874011430352	-1.96683762583505e-05
1042.539113474	0.12573261609648206	-1.9722398671316685e-05
1043.7485556010001	0.12567795516434935	-1.9776048475076734e-05
1044.957997728	0.12562341814839662	-1.9829320860294195e-05
1046.167439855	0.12556900484965713	-1.9882211068360903e-05
1047.376881982	0.1255147150684492	-1.993471439200528e-05
1048.586324109	0.12546054860439676	-1.998682617697787e-05
1049.795766236	0.1254065052564426	-2.0038541824587808e-05
1051.005208363	0.12535258482286277	-2.008985679259325e-05
1052.2146504900002	0.1252987871012907	-2.0140766597798902e-05
1053.424092617	0.12524511188873014	-2.019126681727467e-05
1054.6335347440001	0.12519155898157527	-2.0241353090119214e-05
1055.842976871	0.12513812817562628	-2.0291021118727046e-05
1057.0524189980001	0.12508481926611095	-2.034026667478924e-05
1058.261861125	0.12503163204770118	-2.0389085595451124e-05
1059.471303252	0.12497856631453269	-2.0437473789916026e-05
1060.680745379	0.12492562186022639	-2.048542723955785e-05
1061.890187506	0.1248727984779026	-2.0532942000892887e-05
1063.0996296330002	0.12482009596020213	-2.0580014206373358e-05
1064.30907176	0.12476751409930577	-2.062664006886681e-05
1065.5185138870002	0.12471505268694734	-2.0672815880735965e-05
1066.727956014	0.1246627115144417	-2.071853801925976e-05
1067.9373981410001	0.12461049037269212	-2.0763802944944763e-05
1069.146840268	0.12455838905221554	-2.0808607208746925e-05
1070.356282395	0.12450640734315287	-2.085294744887767e-05
1071.565724522	0.12445454503529102	-2.089682039587691e-05
1072.775166649	0.12440280191807701	-2.094022287507811e-05
1073.9846087760002	0.12435117778063304	-2.0983151805723654e-05
1075.194050903	0.12429967241177105	-2.102560420699667e-05
1076.4034930300002	0.12424828560000793	-2.1067577194917184e-05
1077.612935157	0.12419701713357872	-2.1109067989598584e-05
1078.8223772840001	0.12414586680045152	-2.1150073912481115e-05
1080.031819411	0.12409483438833495	-2.1190592391807895e-05
1081.2412615380001	0.12404391968469322	-2.1230620960015163e-05
1082.450703665	0.1239931224767601	-2.1270157260614417e-05
1083.660145792	0.12394244255154217	-2.1309199045498286e-05
1084.869587919	0.12389187969583058	-2.134774417951264e-05
1086.079030046	0.12384143369621388	-2.138579063889131e-05
1087.2884721730002	0.12379110433907765	-2.142333651408125e-05
1088.4979143	0.12374089141061795	-2.1460380010941796e-05
1089.7073564270001	0.12369079469684692	-2.1496919452763565e-05
1090.916798554	0.12364081398359238	-2.153295328006084e-05
1092.1262406810001	0.12359094905650907	-2.1568480053183448e-05
1093.335682808	0.12354119970107856	-2.1603498450637034e-05
1094.545124935	0.12349156570261324	-2.1638007273670305e-05
1095.754567062	0.12344204684626069	-2.1672005443914357e-05
1096.964009189	0.12339264291700118	-2.1705492005942958e-05
1098.1734513160002	0.12334335369965053	-2.173846612726095e-05
1099.382893443	0.1232941789788619	-2.1770927098406552e-05
1100.5923355700002	0.12324511853912264	-2.1802874334876966e-05
1101.801777697	0.1231961721647569	-2.1834307376962138e-05
1103.0112198240001	0.12314733963991817	-2.1865225890626193e-05
1104.220661951	0.12309862074859472	-2.1895629665018388e-05
1105.430104078	0.1230500152746021	-2.192551861740387e-05
1106.639546205	0.1230015230015841	-2.1954892791795256e-05
1107.848988332	0.12295314371300445	-2.1983752356672296e-05
1109.058430459	0.12290487719215117	-2.201209760630931e-05
1110.267872586	0.12285672322212549	-2.2039928964129386e-05
1111.4773147130002	0.12280868158584421	-2.2067246978224714e-05
1112.68675684	0.12276075206603271	-2.2094052322167366e-05
1113.8961989670001	0.12271293444522259	-2.2120345796834944e-05
1115.105641094	0.12266522850574867	-2.2146128330028158e-05
1116.3150832210001	0.12261763402974457	-2.2171400973820162e-05
1117.524525348	0.12257015079914167	-2.2196164907663173e-05
1118.733967475	0.1225227785956666	-2.222042143394064e-05
1119.943409602	0.12247551720083441	-2.2244171982471825e-05
1121.152851729	0.12242836639595595	-2.2267418105744852e-05
1122.3622938560002	0.12238132596212724	-2.229016148111065e-05
1123.571735983	0.12233439568023502	-2.2312403908237876e-05
1124.7811781100002	0.12228757533095608	-2.2334147311302964e-05
1125.990620237	0.12224086469475622	-2.2355393736089694e-05
1127.2000623640001	0.12219426355189515	-2.2376145348949897e-05
1128.409504491	0.12214777168242923	-2.2396404438635882e-05
1129.618946618	0.12210138886621186	-2.2416173412639344e-05
1130.828388745	0.12205511488290313	-2.2435454799851565e-05
1132.037830872	0.12200894951197348	-2.2454251245857478e-05
1133.2472729990002	0.1219628925327103	-2.2472565516132177e-05
1134.456715126	0.12191694372422784	-2.2490400491576222e-05
1135.6661572530002	0.12187110286547868	-2.2507759171650454e-05
1136.87559938	0.12182536973526009	-2.252464466963871e-05
1138.0850415070001	0.1217797441122279	-2.2541060214494137e-05
1139.294483634	0.12173422577491066	-2.2557009151750536e-05
1140.5039257610001	0.12168881450172207	-2.257249493807145e-05
1141.713367888	0.12164351007097851	-2.2587521145162796e-05
1142.922810015	0.12159831226091802	-2.2602091458756853e-05
1144.132252142	0.121553220849712	-2.2616209675369777e-05
1145.341694269	0.12150823561548778	-2.2629879705166873e-05
1146.5511363960002	0.121463356336349	-2.2643105571594483e-05
1147.760578523	0.12141858279039461	-2.265589141074874e-05
1148.9700206500002	0.12137391475574219	-2.2668241469841047e-05
1150.179462777	0.12132935201054873	-2.26801601109278e-05
1151.3889049040001	0.1212848943330338	-2.269165181040026e-05
1152.598347031	0.12124054150150605	-2.270272115854985e-05
1153.807789158	0.1211962932943818	-2.2713372860290536e-05
1155.017231285	0.12115214949021406	-2.2723611737640608e-05
1156.226673412	0.12110810986771507	-2.273344272990683e-05
1157.4361155390002	0.12106417420577835	-2.2742870893790735e-05
1158.645557666	0.12102034228351007	-2.275190140894398e-05
1159.8549997930002	0.12097661388024619	-2.276053957685302e-05
1161.06444192	0.12093298877557983	-2.2768790819409137e-05
1162.2738840470001	0.1208894667493847	-2.2776660688399393e-05
1163.483326174	0.12084604758183357	-2.2784154860666832e-05
1164.6927683010001	0.12080273105342756	-2.2791279146829728e-05
1165.902210428	0.12075951694500942	-2.2798039485983498e-05
1167.111652555	0.12071640503778988	-2.2804441955403864e-05
1168.321094682	0.12067339511336059	-2.2810492770885535e-05
1169.530536809	0.12063048695371692	-2.281619828772968e-05
1170.7399789360002	0.12058768034126828	-2.282156500678069e-05
1171.949421063	0.1205449750588595	-2.2826599576530007e-05
1173.1588631900001	0.12050237088977434	-2.2831308797122125e-05
1174.368305317	0.12045986761775196	-2.283569962242243e-05
1175.5777474440001	0.12041746502699538	-2.2839779166204555e-05
1176.787189571	0.12037516290217531	-2.2843554705578388e-05
1177.996631698	0.12033296102843631	-2.2847033684516283e-05
1179.206073825	0.12029085919139641	-2.2850223720321755e-05
1180.415515952	0.12024885717714917	-2.2853132608155176e-05
1181.6249580790002	0.12020695477225943	-2.2855768326841515e-05
1182.834400206	0.12016515176375787	-2.2858139043043745e-05
1184.0438423330002	0.12012344793913184	-2.2860253121729846e-05
1185.25328446	0.12008184308631477	-2.2862119127646613e-05
1186.4627265870001	0.12004033699367302	-2.286374583727515e-05
1187.672168714	0.11999892944998661	-2.2865142243460316e-05
1188.881610841	0.11995762024443482	-2.286631756576408e-05
1190.091052968	0.1199164091665719	-2.2867281256723613e-05
1191.300495095	0.11987529600630092	-2.2868043012775394e-05
1192.5099372220002	0.1198342805538529	-2.2868612780981175e-05
1193.719379349	0.11979336259975212	-2.2869000770524863e-05
1194.9288214760002	0.11975254193479222	-2.2869217460426877e-05
1196.138263603	0.11971181835000029	-2.2869273609433545e-05
1197.3477057300001	0.11967119163660657	-2.2869180262623422e-05
1198.557147857	0.1196306615860153	-2.28689487640333e-05
1199.7665899840001	0.119590227989768	-2.286859076076452e-05
1200.976032111	0.11954989063951867	-2.2868118211445063e-05
1202.185474238	0.11950964932700125	-2.286754339387137e-05
1203.394916365	0.11946950384400924	-2.286687890976198e-05
1204.604358492	0.11942945398237066	-2.286613768786414e-05
1205.8138006190002	0.11938949953393567	-2.2865332989527552e-05
1207.023242746	0.11934964029056373	-2.286447841041277e-05
1208.2326848730002	0.11930987604412516	-2.2863587884426687e-05
1209.442127	0.11927020658649863	-2.286267567970833e-05
