0.0	0.0	0.0
1.209442127	5.2123694506441616e-05	6.321409924397199e-11
2.418884254	0.00020817332451214556	1.1305151142908204e-10
3.6283263810000004	0.0004672304805396204	1.0159367961895749e-10
4.837768508	0.0008278103730195926	9.186279244898656e-11
6.047210635000001	0.001287883185808864	8.808138448480879e-11
7.256652762000001	0.0018448976440389247	7.675434082100119e-11
8.466094889	0.0024958068801731238	6.594730748623772e-11
9.675537016	0.0032370967936950702	5.209484598275851e-11
10.884979143	0.004064816828551748	3.002767746640775e-11
12.094421270000002	0.004974613027009219	-1.7722278087978184e-12
13.303863397	0.0059617632176454435	-4.2365579733923946e-11
14.513305524000002	0.0070212139845053515	-7.753487504909701e-11
15.722747651	0.008147619364503212	-1.478336467440508e-10
16.932189778	0.009335380632976198	-2.2654144526040308e-10
18.141631905	0.010578687241936809	-3.1317336770093993e-10
19.351074032	0.01187155843757573	-4.153707871163255e-10
20.560516159000002	0.01320788526497078	-5.628235326118467e-10
21.769958286	0.014581472682584242	-7.957565424781896e-10
22.979400413	0.01598608149349403	-1.140089861160113e-09
24.188842540000003	0.017415469767456268	-1.6001239888252793e-09
25.398284667000002	0.018863433424416508	-2.2759699381975748e-09
26.607726794	0.020323845667926634	-3.324928919933362e-09
27.817168921	0.0217906951975944	-4.872410787868559e-09
29.026611048000003	0.023258122992815326	-7.035588687472498e-09
30.236053175000002	0.024720457254979435	-9.948610881384526e-09
31.445495302	0.026172246338574675	-1.375521459466084e-08
32.654937429	0.027608289509917828	-1.8599372132287223e-08
33.864379556	0.029023665364935152	-2.4618400215124833e-08
35.073821683000006	0.030413757757036912	-3.193547681026407e-08
36.28326381	0.031774279106758216	-4.064941702717062e-08
37.492705937000004	0.033101290987325026	-5.082081705290931e-08
38.702148064	0.03439122190387772	-6.245551528777872e-08
39.911590191	0.03564088220816058	-7.548994534026525e-08
41.121032318000005	0.03684747611510403	-8.978890349937429e-08
42.330474445	0.03800861081210989	-1.051722404304003e-07
43.539916572	0.039122302673002644	-1.2148350999720672e-07
44.749358699000005	0.04018698060271772	-1.3868835704067836e-07
45.958800826	0.04120148654575003	-1.5695090427029966e-07
47.168242953000004	0.0421650732011958	-1.7662697828359567e-07
48.377685080000006	0.04307739901318095	-1.9816640542876936e-07
49.587127207	0.043938520544333365	-2.21984302294548e-07
50.796569334000004	0.04474888236871348	-2.483690058305038e-07
52.00601146100001	0.04550930462653258	-2.77448890209476e-07
53.215453588	0.04622096837929942	-3.0920149684992113e-07
54.424895715000005	0.04688539890964161	-3.4348253751965757e-07
55.634337842	0.047504447127557275	-3.8006480478119756e-07
56.843779969	0.04808026926184266	-4.1868797169967505e-07
58.053222096000006	0.04861530502490871	-4.5912248397715945e-07
59.262664223	0.04911225445275001	-5.012425491817951e-07
60.472106350000004	0.04957405365612687	-5.450807545254221e-07
61.68154847700001	0.050003849765953345	-5.908073147615987e-07
62.890990604	0.050404975355034826	-6.385830337092224e-07
64.100432731	0.05078092250042317	-6.883217559436657e-07
65.309874858	0.05113531648704968	-7.395019139548063e-07
66.519316985	0.051471889148043175	-7.911432824883246e-07
67.728759112	0.05179445201406914	-8.419261701964704e-07
68.93820123900001	0.052106869587131226	-8.903417225898806e-07
70.14764336600001	0.052413033039867656	-9.347875853442236e-07
71.357085493	0.05271683454645206	-9.735895097705847e-07
72.56652762	0.05302214238551997	-1.0049692272023557e-06
73.775969747	0.053332776944396074	-1.0269911520882187e-06
74.98541187400001	0.053652487758345926	-1.0375228948611988e-06
76.19485400100001	0.05398493170690214	-1.0342359330052103e-06
77.404296128	0.054333652465148666	-1.0146524337850383e-06
78.613738255	0.05470206128758791	-9.762246555811136e-07
79.823180382	0.055093419191336306	-9.164254854590813e-07
81.032622509	0.055510820598758066	-8.328318125993142e-07
82.24206463600001	0.05595717849203141	-7.23189997532944e-07
83.45150676300001	0.05643521112197636	-5.854595964098123e-07
84.66094889	0.05694743030159347	-4.178360692020182e-07
85.870391017	0.05749613130229024	-2.187557050584289e-07
87.079833144	0.058083384358638704	1.3112709605418306e-08
88.28927527100001	0.058711027776452686	2.788844767076853e-07
89.49871739800001	0.05938066262984778	5.794790270530523e-07
90.708159525	0.06009364902615637	9.15639828776613e-07
91.917601652	0.06085110391251338	1.2879525284671134e-06
93.127043779	0.061653900390872464	1.6968611220313995e-06
94.33648590600001	0.0625026684931759	2.1426826775980514e-06
95.54592803300001	0.06339779734441872	2.625625487491418e-06
96.75537016000001	0.06433943862039096	3.1458207452050787e-06
97.964812287	0.06532751119989443	3.7033670338289434e-06
99.174254414	0.06636170691817755	4.298370883269618e-06
100.383696541	0.06744149734335071	4.930971331306062e-06
101.59313866800001	0.06856614150628984	5.601349831341017e-06
102.80258079500001	0.06973469451000805	6.3097318869225076e-06
104.01202292200001	0.07094601693426843	7.056385673471497e-06
105.221465049	0.07219878494389986	7.841620824657397e-06
106.430907176	0.07349150100696077	8.665788702038482e-06
107.64034930300001	0.0748225051306759	9.529282944408025e-06
108.84979143000001	0.07618998652836112	1.0432534645215323e-05
110.05923355700001	0.0775919956405466	1.137598936883722e-05
111.268675684	0.07902645644915013	1.2360044933359776e-05
112.478117811	0.08049117904218821	1.3384925388111048e-05
113.687559938	0.081983872397127	1.445047907154025e-05
114.89700206500001	0.0835021573336719	1.555592733765149e-05
116.10644419200001	0.08504357952827639	1.6699646049433704e-05
117.31588631900001	0.08660562240833183	1.7879088536836302e-05
118.525328446	0.08818571972847988	1.9090902936232082e-05
119.734770573	0.08978126772643895	2.0331178438307017e-05
120.94421270000001	0.09138963689503753	2.1595684245757167e-05
122.15365482700001	0.09300818346155859	2.2880012343273672e-05
123.36309695400001	0.09463426060604185	2.417963469853636e-05
124.572539081	0.09626522936517098	2.5489935094491798e-05
125.781981208	0.09789846913279714	2.68062590664608e-05
126.99142333500001	0.09953138768199256	2.8123987984450868e-05
128.200865462	0.101161430663822	2.9438620007680662e-05
129.410307589	0.10278609056251635	3.0745835526453876e-05
130.619749716	0.10440291510074205	3.204152934949263e-05
131.82919184300002	0.10600951509605346	3.332180003720996e-05
133.03863397	0.10760357177518359	3.45828981689783e-05
134.24807609700002	0.10918284355752741	3.5821152372307644e-05
135.457518224	0.11074517231823677	3.703291566434788e-05
136.666960351	0.11228848912411042	3.821459816938833e-05
137.87640247800002	0.11381081939327287	3.9362853246647856e-05
139.085844605	0.11531028737571859	4.047492780660087e-05
140.29528673200002	0.11678511984161187	4.1549065516377044e-05
141.504728859	0.11823364896246112	4.258474229334138e-05
142.714170986	0.11965431454530084	4.358255612979011e-05
143.92361311300002	0.12104566587155399	4.454380878778092e-05
145.13305524	0.12240636329255655	4.547001379049964e-05
146.34249736700002	0.12373517954769118	4.636256029287962e-05
147.551939494	0.12503100067520934	4.72226060402723e-05
148.761381621	0.12629282641729242	4.805113595732623e-05
149.97082374800002	0.1275197700984918	4.884908535973899e-05
151.180265875	0.12871105801078833	4.961745559661908e-05
152.38970800200002	0.12986602835628663	5.03573908466854e-05
153.599150129	0.13098412979540053	5.10702119739942e-05
154.808592256	0.13206491963924546	5.175741510320949e-05
156.018034383	0.13310806171694597	5.2420645262877096e-05
157.22747651	0.13411332394333927	5.306165464997715e-05
158.43691863700002	0.1350805756098516	5.368225365122847e-05
159.646360764	0.13600978442013856	5.428426135875538e-05
160.85580289100002	0.13690101329171522	5.486946080078172e-05
162.065245018	0.13775441694457186	5.54395622132667e-05
163.274687145	0.13857023829721804	5.59961756155809e-05
164.48412927200002	0.1393488046898563	5.6540792113539295e-05
165.693571399	0.14009052395381308	5.707477190482121e-05
166.90301352600002	0.14079588034648333	5.7599336062462304e-05
168.112455653	0.14146543037223128	5.811555887213893e-05
169.32189778	0.14209979851164475	5.862435798568869e-05
170.53133990700002	0.14269967288333843	5.9126480769903485e-05
171.740782034	0.14326580086314766	5.9622486773351024e-05
172.95022416100002	0.1437989846844317	6.011272781013048e-05
174.159666288	0.14430007704048334	6.059732826421656e-05
175.369108415	0.14476997670656067	6.107616857438074e-05
176.57855054200002	0.14520962419567357	6.154887433965252e-05
177.787992669	0.14561999745979767	6.201481244595031e-05
178.99743479600002	0.14600210764683438	6.247309445808772e-05
180.206876923	0.14635699492318568	6.292258656923455e-05
181.41631905	0.14668572437190505	6.336192484363877e-05
182.62576117700002	0.14698938197675462	6.378953422231009e-05
183.835203304	0.14726907070286352	6.42036497955978e-05
185.04464543100002	0.14752590668487872	6.460233901301826e-05
186.254087558	0.14776101553335336	6.498352375097609e-05
187.46352968500003	0.147975528769381	6.534500133012463e-05
188.67297181200001	0.14817058039629719	6.568446376185462e-05
189.882413939	0.14834730361574092	6.599951466948328e-05
191.09185606600002	0.14850682769366846	6.628768354361915e-05
192.301298193	0.14865027498032415	6.654643729855306e-05
193.51074032000002	0.14877875808676155	6.677318942912429e-05
194.720182447	0.14889337721930623	6.696530749274395e-05
195.929624574	0.14899521767234453	6.712012006209448e-05
197.13906670100002	0.14908534747888122	6.723492463485691e-05
198.348508828	0.14916481521762706	6.730699813002473e-05
199.55795095500002	0.14923464797477562	6.733361145054284e-05
200.767393082	0.14929584945837418	6.73120491055693e-05
201.976835209	0.1493493982630003	6.723963424136617e-05
203.18627733600002	0.1493962462824201	6.711375873736892e-05
204.395719463	0.14943731726778503	6.693191746868925e-05
205.60516159000002	0.14947350552878563	6.669174539337172e-05
206.814603717	0.14950567477494892	6.639105588191144e-05
208.02404584400003	0.149534657093914	6.602787853670225e-05
209.23348797100002	0.14956125206315585	6.560049479432688e-05
210.442930098	0.14958622599119858	6.51074698549622e-05
211.65237222500002	0.14961031128404093	6.454767991409213e-05
212.861814352	0.14963420593225918	6.392033417662741e-05
214.07125647900003	0.14965857311410827	6.32249916168936e-05
215.28069860600002	0.14968404090989276	6.246157276251504e-05
216.490140733	0.14971120212273767	6.163036693607876e-05
217.69958286000002	0.14974061420089432	6.073203545686712e-05
218.909024987	0.14977279925660417	5.976761122515407e-05
220.11846711400003	0.14980824417652616	5.873849507452598e-05
221.32790924100001	0.14984740081871337	5.7646449172039735e-05
222.537351368	0.14989068629118327	5.649358769464558e-05
223.74679349500002	0.14993848330717346	5.52823649443652e-05
224.956235622	0.14999114061230007	5.401556105099758e-05
226.16567774900003	0.15004897347894341	5.269626537337583e-05
227.375119876	0.1501122642633041	5.13278577161218e-05
228.584562003	0.1501812630206873	4.9913987475250605e-05
229.79400413000002	0.15025618817467346	4.845855085151282e-05
231.003446257	0.15033722723594972	4.696566627492972e-05
232.21288838400002	0.15042453756666416	4.543964822643678e-05
233.422330511	0.15051824718627277	4.3884979662235295e-05
234.63177263800003	0.15061845561498055	4.230628326165396e-05
235.84121476500002	0.1507252347509812	4.070829176276775e-05
237.050656892	0.15083862977784612	3.9095817651377944e-05
238.26009901900002	0.15095866009855868	3.747372248239626e-05
239.469541146	0.15108532029281735	3.5846886124470854e-05
240.67898327300003	0.15121858109439318	3.42201762138674e-05
241.88842540000002	0.15135839038546933	3.259841809429187e-05
243.097867527	0.15150467420502536	3.0986365516527606e-05
244.30730965400002	0.1516573377684697	2.93886723255821e-05
245.516751781	0.15181626649583319	2.7809865364198167e-05
246.72619390800003	0.15198132704599637	2.6254318755365872e-05
247.93563603500002	0.1521523683544875	2.472622971210261e-05
249.145078162	0.1523292226725268	2.3229595942654407e-05
250.35452028900002	0.15251170660507593	2.176819471458392e-05
251.563962416	0.1526996221457648	2.03455635951843e-05
252.77340454300003	0.15289275770667532	1.8964982950955287e-05
253.98284667000001	0.15309088914108582	1.7629460442357222e-05
255.192288797	0.15329378075744654	1.6341718079588685e-05
256.401730924	0.15350118632305193	1.510418288930411e-05
257.61117305100004	0.15371285005614369	1.3918982743185304e-05
258.820615178	0.1539285076055021	1.2787948915124752e-05
260.030057305	0.15414788701708593	1.171262594441977e-05
261.239499432	0.1543707096877213	1.0694287194359295e-05
262.448941559	0.15459669130595524	9.733952050388968e-06
263.65838368600004	0.15482554277931945	8.832399825874551e-06
264.867825813	0.15505697114555728	7.990177198391187e-06
266.07726794	0.1552906804637184	7.207599282387746e-06
267.286710067	0.15552637268078867	6.484747157539132e-06
268.49615219400005	0.15576374847082175	5.821465399074378e-06
269.70559432100004	0.15600250804547494	5.217362202852649e-06
270.915036448	0.15624235193628008	4.6718132481986145e-06
272.124478575	0.15648298174957423	4.183969236595211e-06
273.333920702	0.1567241008947644	3.752766420851022e-06
274.54336282900005	0.15696541528622207	3.3769393071826887e-06
275.75280495600003	0.157206634018585	3.0550347805602855e-06
276.962247083	0.15744747001500536	2.7854270914972775e-06
278.17168921	0.15768764064767907	2.5663333214780675e-06
279.381131337	0.15792686833000247	2.3958290586322594e-06
280.59057346400004	0.15816488107971918	2.2718641126236675e-06
281.80001559100003	0.15840141305250857	2.1922781550648673e-06
283.009457718	0.15863620504554632	2.154816195149611e-06
284.218899845	0.15886900497065906	2.1571438298148323e-06
285.428341972	0.15909956829681393	2.1968622001459063e-06
286.63778409900004	0.15932765846172028	2.271522621442977e-06
287.84722622600003	0.15955304725245403	2.378640823068248e-06
289.056668353	0.15977551515504018	2.5157107607384408e-06
290.26611048	0.15999485167304728	2.680217954710842e-06
291.475552607	0.16021085561526638	2.8696523198352454e-06
292.68499473400004	0.16042333535264233	3.0815204260155505e-06
293.89443686100003	0.16063210904468433	3.3133571768641972e-06
295.103878988	0.16083700483560628	3.5627368416248756e-06
296.313321115	0.1610378610205526	3.827283422020126e-06
297.522763242	0.16123452618227485	4.104680314494108e-06
298.73220536900004	0.16142685929871003	4.392679240987766e-06
299.94164749600003	0.16161472982193537	4.689108416668468e-06
301.151089623	0.1617980177290424	4.991879946473916e-06
302.36053175	0.1619766135455179	5.2989964182993685e-06
303.569973877	0.1621504183417546	5.608556692596702e-06
304.77941600400004	0.16231934370338721	5.918760884462735e-06
305.98885813100003	0.16248331167614985	6.22791452157561e-06
307.198300258	0.16264225468603472	6.5344319106512205e-06
308.407742385	0.1627961154355607	6.836838693402551e-06
309.617184512	0.16294484677697593	7.1337736367613495e-06
310.82662663900004	0.16308841156329068	7.423989655496911e-06
312.036068766	0.1632267824780469	7.706354114420767e-06
313.245510893	0.16335994184477315	7.979848430786399e-06
314.45495302	0.1634878814171002	8.243567017983443e-06
315.664395147	0.16361060215055148	8.496715618694016e-06
316.87383727400004	0.16372811395703227	8.738609056359916e-06
318.083279401	0.1638404354430714	8.968668468579077e-06
319.292721528	0.1639475936328974	9.186418054418142e-06
320.502163655	0.16404962367743312	9.391481389993113e-06
321.71160578200005	0.164146568550318	9.583577356538251e-06
322.92104790900004	0.16423847873206515	9.76251571508513e-06
324.130490036	0.16432541188347466	9.928192381318643e-06
325.339932163	0.16440743250941706	1.0080584427829131e-05
326.54937429	0.16448461161410807	1.0219744856427129e-05
327.75881641700005	0.16455702634897953	1.03457971743017e-05
328.96825854400004	0.16462475965426066	1.0458929816690423e-05
330.177700671	0.16468789989535157	1.0559390457992331e-05
331.387142798	0.16474654049507806	1.0647480253576214e-05
332.596584925	0.1648007795629095	1.072354805513305e-05
333.80602705200005	0.16485071952218153	1.0787984654343367e-05
335.01546917900004	0.16489646673639116	1.0841217101547489e-05
336.224911306	0.16493813113556358	1.0883703141952632e-05
337.434353433	0.1649758258437409	1.0915925809815458e-05
338.64379556	0.16500966680853887	1.093838822443553e-05
339.85323768700005	0.16503977243374912	1.095160861184708e-05
341.06267981400003	0.16506626321593504	1.0956115582199827e-05
342.272121941	0.16508926138588564	1.095244367151827e-05
343.481564068	0.165108890555834	1.094112917251172e-05
344.691006195	0.16512527537322105	1.092270625543167e-05
345.90044832200005	0.1651385411818413	1.0897703387669427e-05
347.10989044900003	0.16514881369107817	1.086664003945598e-05
348.319332576	0.1651562186539572	1.0830023695879189e-05
349.528774703	0.16516088155466813	1.0788347152538624e-05
350.73821683	0.1651629273061766	1.0742086103088758e-05
351.94765895700004	0.16516247995849365	1.069169700431797e-05
353.15710108400003	0.16515966241812682	1.063761520872041e-05
354.366543211	0.16515459617920447	1.0580253375173192e-05
355.575985338	0.16514740106668122	1.0520000128948926e-05
356.785427465	0.1651381949920333	1.0457218973465542e-05
357.99486959200004	0.16512709372177733	1.0392247442733781e-05
359.20431171900003	0.16511421065908363	1.0325396481750914e-05
360.413753846	0.16509965663876147	1.0256950051053303e-05
361.623195973	0.16508353973579043	1.0187164943807925e-05
362.8326381	0.16506596508755764	1.0116270797719954e-05
364.04208022700004	0.16504703472991852	1.0044470301552152e-05
365.25152235400003	0.1650268474471288	9.971939583669459e-06
366.460964481	0.1650054986356799	9.898828761879442e-06
367.670406608	0.16498308018201524	9.825262654847731e-06
368.87984873500005	0.16495968035406078	9.751341642468895e-06
370.08929086200004	0.16493538370646904	9.67714265602123e-06
371.29873298900003	0.16491027099944383	9.602720292126612e-06
372.508175116	0.16488441913094595	9.52810804113868e-06
373.717617243	0.16485790108210216	9.45331961003273e-06
374.92705937000005	0.1648307858755282	9.378350338505609e-06
376.13650149700004	0.16480313854632778	9.303178686662437e-06
377.34594362400003	0.16477502012542325	9.227767786219835e-06
378.555385751	0.1647464876349047	9.152067045461034e-06
379.764827878	0.1647175940950227	9.076013796005161e-06
380.97427000500005	0.16468838854242568	8.99953496163874e-06
382.18371213200004	0.16465891605925131	8.922548747154552e-06
383.393154259	0.1646292178126132	8.844966333534854e-06
384.602596386	0.16459933110404604	8.766693562603366e-06
385.812038513	0.16456928942843385	8.687632612134223e-06
387.02148064000005	0.1645391225419327	8.607683632011488e-06
388.23092276700004	0.16450885653839833	8.526746356927119e-06
389.440364894	0.16447851393379218	8.444721660906156e-06
390.649807021	0.1644481137580672	8.361513062100007e-06
391.859249148	0.1644176716539917	8.277028161385364e-06
393.06869127500005	0.16438719998238924	8.191180015558398e-06
394.27813340200004	0.1643567079332525	8.103888424091805e-06
395.487575529	0.16432620164220832	8.015081143295613e-06
396.697017656	0.16429568431178154	7.924695003440978e-06
397.906459783	0.16426515633694586	7.832676940516795e-06
399.11590191000005	0.16423461543442588	7.738984931803167e-06
400.32534403700004	0.1642040567752304	7.643588829199752e-06
401.534786164	0.16417347311990388	7.546471104415346e-06
402.744228291	0.1641428549559964	7.447627479729328e-06
403.953670418	0.16411219063727406	7.347067466602684e-06
405.16311254500005	0.1640814665241582	7.244814798045555e-06
406.37255467200004	0.16405066712497007	7.140907758795795e-06
407.581996799	0.16401977523749328	7.035399412577914e-06
408.791438926	0.16398877209044696	6.928357728506583e-06
410.000881053	0.16395763748442646	6.819865600313263e-06
411.21032318000005	0.1639263499319287	6.710020773466385e-06
412.41976530700003	0.1638948867960587	6.598935663283565e-06
413.629207434	0.16386322442755577	6.486737071980857e-06
414.838649561	0.16383133829979707	6.3735658184348436e-06
416.04809168800006	0.1637992031414202	6.25957626364662e-06
417.25753381500004	0.1637667930662812	6.14493574831065e-06
418.46697594200003	0.16373408170042503	6.029823938894866e-06
419.676418069	0.1637010423058166	5.914432090748911e-06
420.885860196	0.1636676479005533	5.798962228188597e-06
422.09530232300006	0.16363387137533442	5.683626256075032e-06
423.30474445000004	0.1635996856059706	5.568644991757686e-06
424.51418657700003	0.1635650635617212	5.454247147346898e-06
425.723628704	0.16352997840929204	5.340668245679845e-06
426.933070831	0.16349440361234152	5.2281494957395034e-06
428.14251295800005	0.16345831302632582	5.1169366258479955e-06
429.35195508500004	0.16342168098858953	5.007278686552929e-06
430.56139721200003	0.16338448240358883	4.899426829230917e-06
431.770839339	0.16334669282315242	4.793633071954901e-06
432.980281466	0.16330828852173193	4.6901490624296165e-06
434.18972359300005	0.1632692465665756	4.589224838552868e-06
435.39916572000004	0.1632295448827979	4.491107605741265e-06
436.60860784700003	0.16318916231333497	4.396040536881306e-06
437.818049974	0.16314807867377412	4.304261592921261e-06
439.027492101	0.1631062748020843	4.216002387808302e-06
440.23693422800005	0.1630637326032708	4.131487093311542e-06
441.44637635500004	0.1630204350889984	4.050931395106183e-06
442.65581848200003	0.1629763664122412	3.974541507423246e-06
443.865260609	0.1629315118970386	3.902513247764509e-06
445.074702736	0.1628858580634253	3.835031179280948e-06
446.28414486300005	0.16283939264764613	3.772267829973787e-06
447.49358699000004	0.1627921046177509	3.7143829821074816e-06
448.703029117	0.16274398418469327	3.66152304612214e-06
449.912471244	0.16269502280905243	3.613820513056665e-06
451.121913371	0.16264521320351877	3.5713934889725153e-06
452.33135549800005	0.16259454933128592	3.5343453179251105e-06
453.54079762500004	0.1625430264004983	3.5027642910292103e-06
454.750239752	0.16249064085490844	3.476723434722864e-06
455.959681879	0.1624373903609165	3.45628038545974e-06
457.169124006	0.16238327379115292	3.4414773489278484e-06
458.37856613300005	0.1623282912047833	3.432341137564934e-06
459.58800826000004	0.16227244382470524	3.428883287491592e-06
460.797450387	0.16221573401182826	3.4311002488685765e-06
462.006892514	0.1621581652366131	3.4389736503543054e-06
463.216334641	0.1620997420480568	3.4524706286658367e-06
464.42577676800005	0.16204047004030953	3.4715442260468573e-06
465.63521889500004	0.16198035581711465	3.496133837436244e-06
466.844661022	0.16191940695425033	3.5261657273393647e-06
468.054103149	0.16185763196017292	3.5615535817245045e-06
469.26354527600006	0.16179504023503094	3.6021991127944434e-06
470.47298740300005	0.16173164202824677	3.647992703196135e-06
471.68242953000004	0.1616674483948406	3.6988140787615416e-06
472.891871657	0.1616024711506767	3.7545330138988494e-06
474.101313784	0.16153672282681444	3.815010064636631e-06
475.31075591100006	0.1614702166231201	3.880097313925923e-06
476.52019803800005	0.16140296636133303	3.949639131928248e-06
477.72964016500003	0.1613349864377149	4.023472946020375e-06
478.939082292	0.16126629177548718	4.101430017819038e-06
480.148524419	0.1611968977771606	4.183336210494842e-06
481.35796654600006	0.16112682027694591	4.269012761127098e-06
482.56740867300005	0.16105607549336795	4.358277035633223e-06
483.77685080000003	0.16098467998222998	4.450943274758508e-06
484.986292927	0.16091265059005008	4.546823320329783e-06
486.195735054	0.16084000440811325	4.64572732315751e-06
487.40517718100006	0.16076675872722687	4.7474644276672135e-06
488.61461930800004	0.16069293099332826	4.851843425634584e-06
489.82406143500003	0.16061853876402743	4.958673385716707e-06
491.033503562	0.16054359966618492	5.067764250348874e-06
492.242945689	0.1604681313546298	5.17892739723812e-06
493.45238781600005	0.1603921514720941	5.291976168548518e-06
494.66182994300004	0.1603156776104408	5.406726362422144e-06
495.87127207000003	0.16023872727326458	5.5229966848901644e-06
497.080714197	0.16016131783992477	5.6406091706944805e-06
498.290156324	0.1600834665310804	5.759389556038634e-06
499.49959845100005	0.16000519037576053	5.879167614482481e-06
500.70904057800004	0.15992650618003484	5.999777464334004e-06
501.91848270500003	0.15984743049730804	6.121057819108053e-06
503.127924832	0.15976797960028713	6.242852214018793e-06
504.337366959	0.1596881694546317	6.3650091864627884e-06
505.54680908600005	0.15960801569432448	6.487382425431306e-06
506.75625121300004	0.1595275335987621	6.609830880770356e-06
507.96569334000003	0.15944673807158305	6.7322188380675225e-06
509.175135467	0.15936564362124275	6.854415960684014e-06
510.384577594	0.15928426434331644	6.976297303291374e-06
511.59401972100005	0.1592026139045468	7.097743291950051e-06
512.803461848	0.15912070552860455	7.218639674976104e-06
514.0129039750001	0.15903855198355596	7.3388774505544494e-06
515.2223461020001	0.1589561655710194	7.458352765289357e-06
516.4317882290001	0.15887355811697396	7.576966798450259e-06
517.641230356	0.1587907409642054	7.69462561587605e-06
518.850672483	0.1587077249663565	7.811240014148085e-06
520.06011461	0.15862452048352835	7.926725342530639e-06
521.269556737	0.15854113737941364	8.041001312001426e-06
522.478998864	0.15845758501991133	8.153991798035158e-06
523.688440991	0.15837387227317276	8.265624625571809e-06
524.897883118	0.1582900075110514	8.3758313512822e-06
526.1073252450001	0.15820599861187148	8.484547038052655e-06
527.3167673720001	0.15812185296449854	8.591710027919983e-06
528.5262094990001	0.15803757747363792	8.697261710801878e-06
529.735651626	0.15795317856630625	8.801146295793384e-06
530.945093753	0.15786866219942997	8.903310582733074e-06
532.15453588	0.15778403386849438	9.00370373968326e-06
533.363978007	0.1576992986172074	9.102277084702962e-06
534.573420134	0.15761446104808693	9.198983872996989e-06
535.782862261	0.15752952533393857	9.293779098828338e-06
536.9923043880001	0.15744449523014417	9.38661929814224e-06
538.2017465150001	0.157359374087704	9.477462370382388e-06
539.4111886420001	0.15727416486697976	9.566267411501247e-06
540.6206307690001	0.15718887015205374	9.652994553145028e-06
541.830072896	0.157103492165659	9.737604829528099e-06
543.039515023	0.15701803278462284	9.820060045678786e-06
544.24895715	0.15693249355574515	9.900322672872646e-06
545.458399277	0.15684687571206332	9.978355751505575e-06
546.667841404	0.15676118018944085	1.0054122813888698e-05
547.877283531	0.1566754076434189	1.012758782849104e-05
549.0867256580001	0.15658955846628017	1.0198715151566128e-05
550.2961677850001	0.15650363280426113	1.0267469505655333e-05
551.5056099120001	0.15641763057485517	1.0333815965472795e-05
552.715052039	0.1563315514841693	1.039771996695613e-05
553.924494166	0.1562453950442566	1.0459147326191744e-05
555.133936293	0.15615916059040577	1.0518064279682092e-05
556.34337842	0.1560728472983122	1.0574437531801983e-05
557.552820547	0.15598645420109644	1.0628234321773162e-05
558.762262674	0.15589998020612528	1.0679422496930716e-05
559.971704801	0.15581342411159038	1.0727970604242257e-05
561.1811469280001	0.1557267846228049	1.0773847986029989e-05
562.3905890550001	0.15564006036818245	1.081702488680535e-05
563.6000311820001	0.1555532499148522	1.0857472568972294e-05
564.809473309	0.15546635178389062	1.089516343402421e-05
566.018915436	0.15537936446512995	1.0930071146501358e-05
567.228357563	0.15529228643150617	1.09621707674957e-05
568.43779969	0.15520511615294388	1.0991438885635898e-05
569.647241817	0.15511785210971613	1.1017853751196036e-05
570.856683944	0.15503049280529288	1.1041395410409163e-05
572.066126071	0.15494303677863588	1.106204583771922e-05
573.2755681980001	0.1548554826159241	1.107978906900732e-05
574.4850103250001	0.15476782896170194	1.1094611326218394e-05
575.6944524520001	0.15468007452942906	1.1106501139483833e-05
576.903894579	0.15459221811141566	1.1115449466622493e-05
578.113336706	0.1545042585881546	1.1121449802054934e-05
579.322778833	0.1544161949370101	1.112449828350047e-05
580.53222096	0.1543280262402908	1.1124593784821694e-05
581.741663087	0.15423975169267598	1.1121738005386722e-05
582.951105214	0.15415137060801035	1.111593554536203e-05
584.160547341	0.15406288242546684	1.1107193978215202e-05
585.3699894680001	0.15397428671506927	1.1095523905401829e-05
586.5794315950001	0.15388558318259038	1.1080939008632286e-05
587.7888737220001	0.15379677167381622	1.1063456083653536e-05
588.998315849	0.15370785217820163	1.1043095067893454e-05
590.207757976	0.15361882483191788	1.1019879056943992e-05
591.417200103	0.15352968992029578	1.0993834307873855e-05
592.62664223	0.15344044787968644	1.0964990234678623e-05
593.836084357	0.15335109929874566	1.0933379391173571e-05
595.045526484	0.1532616449191616	1.0899037440469446e-05
596.2549686110001	0.15317208563584248	1.0862003118941258e-05
597.4644107380001	0.15308242249656606	1.0822318185953938e-05
598.6738528650001	0.15299265670112755	1.0780027361716444e-05
599.8832949920001	0.1529027895999969	1.0735178263187736e-05
601.092737119	0.15281282269250435	1.0687821321543336e-05
602.302179246	0.15272275762457085	1.063800969410785e-05
603.511621373	0.15263259618601108	1.0585799168155913e-05
604.7210635	0.1525423403074297	1.0531248054383836e-05
605.930505627	0.15245199205672721	1.0474417072005784e-05
607.139947754	0.15236155363524204	1.0415369228275576e-05
608.3493898810001	0.15227102737355672	1.035416968837549e-05
609.5588320080001	0.1521804157269788	1.02908856392415e-05
610.7682741350001	0.1520897212707341	1.022558614838708e-05
611.9777162620001	0.15199894669488523	1.015834201412989e-05
613.187158389	0.1519080947990042	1.0089225612944967e-05
614.396600516	0.15181716848662039	1.0018310740596504e-05
615.606042643	0.15172617075947298	9.945672448542445e-06
616.81548477	0.15163510471158237	9.871386878235315e-06
618.024926897	0.1515439735231697	9.795531088973348e-06
619.234369024	0.1514527804544509	9.71818288824444e-06
620.4438111510001	0.15136152883931592	9.639420652643734e-06
621.6532532780001	0.15127022207893157	9.559323156056317e-06
622.8626954050001	0.15117886363527333	9.477969387634725e-06
624.072137532	0.15108745702462206	9.395438377118354e-06
625.281579659	0.15099600581103678	9.311809014576484e-06
626.491021786	0.15090451359982318	9.227159874354278e-06
627.700463913	0.1508129840310312	9.14156903836704e-06
628.90990604	0.15072142077298412	9.055113925012247e-06
630.119348167	0.15062982751585774	8.967871113921944e-06
631.328790294	0.15053820796535083	8.879916180546167e-06
632.5382324210001	0.15044656583642566	8.791323529821783e-06
633.7476745480001	0.15035490484717334	8.702166238546363e-06
634.9571166750001	0.15026322871278686	8.612515896788683e-06
636.166558802	0.15017154113967926	8.52244246092658e-06
637.376000929	0.1500798458197472	8.432014105752656e-06
638.585443056	0.14998814642479624	8.341297089861178e-06
639.794885183	0.1498964466011404	8.250355623249653e-06
641.00432731	0.14980474996439228	8.1592517459883e-06
642.213769437	0.1497130600944352	8.068045206742122e-06
643.4232115640001	0.14962138053061225	7.976793362368857e-06
644.6326536910001	0.14952971476712035	7.885551071855117e-06
645.8420958180001	0.14943806624862196	7.79437061302928e-06
647.0515379450001	0.14934643836609138	7.703301596202359e-06
648.260980072	0.14925483445288157	7.612390895407201e-06
649.470422199	0.14916325778103368	7.521682586908028e-06
650.679864326	0.1490717115578252	7.431217892896514e-06
651.889306453	0.14898019892256184	7.3410351464561636e-06
653.09874858	0.1488887229436137	7.251169756805287e-06
654.308190707	0.14879728661569924	7.161654185594714e-06
655.5176328340001	0.14870589285741628	7.072517941039226e-06
656.7270749610001	0.14861454450902117	6.983787572889868e-06
657.9365170880001	0.14852324433045438	6.895486685195543e-06
659.1459592150001	0.14843199499961363	6.807635954321435e-06
660.355401342	0.14834079911086998	6.7202531582581405e-06
661.564843469	0.14824965917382396	6.633353219431099e-06
662.774285596	0.14815857761229767	6.5469482512284776e-06
663.983727723	0.14806755676356367	6.461047618875186e-06
665.19316985	0.14797659887780654	6.37565800700529e-06
666.402611977	0.14788570611779905	6.290783495846152e-06
667.6120541040001	0.1477948805588053	6.20642564960719e-06
668.8214962310001	0.14770412418869341	6.122583605872718e-06
670.0309383580001	0.14761343890826176	6.0392541815827685e-06
671.2403804850001	0.14752282653175214	5.95643197962384e-06
672.449822612	0.14743228878757153	5.87410950569341e-06
673.659264739	0.1473418273191866	5.792277288059014e-06
674.868706866	0.14725144368620563	5.7109240074487735e-06
676.078148993	0.1471611393656252	5.63003663090342e-06
677.28759112	0.14707091575323814	5.549600549166507e-06
678.497033247	0.14698077416520297	5.46959971920526e-06
679.7064753740001	0.14689071583974656	5.390016809616216e-06
680.9159175010001	0.14680074193901407	5.310833351637844e-06
682.1253596280001	0.14671085355103763	5.23202988778885e-06
683.3348017550001	0.14662105169182818	5.153586126612882e-06
684.544243882	0.14653133730757725	5.075481099912742e-06
685.753686009	0.1464417112769574	4.99769331415411e-06
686.963128136	0.1463521744135139	4.920200909729117e-06
688.172570263	0.14626272746813518	4.8429818124186085e-06
689.38201239	0.1461733711316067	4.76601388746122e-06
690.5914545170001	0.14608410603721925	4.689275095137812e-06
691.8008966440001	0.14599493276343692	4.612743635388213e-06
693.0103387710001	0.14590585183661348	4.536398098006257e-06
694.2197808980001	0.14581686373373695	4.460217603324622e-06
695.429223025	0.1457279688852194	4.384181941534985e-06
696.638665152	0.14563916767769428	4.30827170724417e-06
697.848107279	0.14555046045683276	4.232468427913029e-06
699.057549406	0.14546184753016345	4.156754687081923e-06
700.266991533	0.1453733291698907	4.081114242510958e-06
701.47643366	0.14528490561569823	4.005532134962376e-06
702.6858757870001	0.1451965770775414	3.9299947921785e-06
703.8953179140001	0.1451083437384068	3.854490123292182e-06
705.1047600410001	0.14502020575704605	3.779007610469821e-06
706.3142021680001	0.14493216327066735	3.703538384884351e-06
707.523644295	0.14484421639758546	3.6280752987842034e-06
708.733086422	0.1447563652398204	3.552612989642353e-06
709.942528549	0.1446686098856328	3.4771479311431626e-06
711.151970676	0.14458095041201002	3.401678479081825e-06
712.361412803	0.14449338688707236	3.3262049037223854e-06
713.57085493	0.1444059193724153	3.250729418689912e-06
714.7802970570001	0.14431854792537488	3.1752561940276756e-06
715.9897391840001	0.14423127260120702	3.099791362665501e-06
717.1991813110001	0.14414409345519016	3.0243430179671055e-06
718.4086234380001	0.1440570105446361	2.9489211987026675e-06
719.618065565	0.14397002393080807	2.8735378692613416e-06
720.827507692	0.1438831336807474	2.7982068863372855e-06
722.036949819	0.14379633986900284	2.7229439598144206e-06
723.246391946	0.1437096425792648	2.6477666002960052e-06
724.455834073	0.1436230419058939	2.572694060917562e-06
725.6652762	0.14353653795534996	2.4977472761560084e-06
726.8747183270001	0.14345013084751956	2.422948781310659e-06
728.0841604540001	0.1433638207169369	2.348322634688599e-06
729.2936025810001	0.14327760771390344	2.273894326263575e-06
730.5030447080001	0.14319149200549605	2.199690683137903e-06
731.712486835	0.14310547377648145	2.125739767864806e-06
732.921928962	0.1430195532301146	2.052070770134929e-06
734.131371089	0.1429337305888447	1.978713897662676e-06
735.340813216	0.14284800609490528	1.9057002542428089e-06
736.550255343	0.1427623800108178	1.8330617231881792e-06
737.7596974700001	0.14267685261978263	1.7608308401934384e-06
738.9691395970001	0.1425914242259781	1.6890406704932118e-06
740.1785817240001	0.14250609515476634	1.617724673755213e-06
741.3880238510001	0.1424208657527959	1.5469165791444247e-06
742.5974659780001	0.14233573638801947	1.4766502518803284e-06
743.806908105	0.1422507074496221	1.4069595598659302e-06
745.016350232	0.14216577934786195	1.3378782459651406e-06
746.225792359	0.14208095251382966	1.2694397941811471e-06
747.435234486	0.14199622739912704	1.2016773061165421e-06
748.644676613	0.1419116044754681	1.1346233669432059e-06
749.8541187400001	0.14182708423421178	1.068309930156558e-06
751.0635608670001	0.14174266718581904	1.0027681867488857e-06
752.2730029940001	0.14165835385925182	9.380284586348184e-07
753.4824451210001	0.14157414480130734	8.741200789729755e-07
754.6918872480001	0.14149004057589096	8.110712863835668e-07
755.901329375	0.1414060417632436	7.489091204759502e-07
757.110771502	0.14132214895911313	6.876593251190475e-07
758.320213629	0.14123836277388724	6.273462573200145e-07
759.529655756	0.14115468383167745	5.679927993688698e-07
760.739097883	0.14107111276937212	5.096202806900111e-07
761.9485400100001	0.1409876502356553	4.5224840357262055e-07
763.1579821370001	0.1409042968900007	3.958951774738858e-07
764.3674242640001	0.1408210534016304	3.405768591528365e-07
765.5768663910001	0.14073792044846517	2.86307900862003e-07
766.786308518	0.14065489871605613	2.3310090505765273e-07
767.995750645	0.14057198889649705	1.809665845232371e-07
769.205192772	0.14048919168734025	1.2991373397639877e-07
770.414634899	0.14040650779049454	7.994920290468537e-08
771.624077026	0.14032393791113545	3.1077880315909895e-08
772.833519153	0.14024148275660986	-1.669731596733179e-08
774.0429612800001	0.14015914303534693	-6.33754414214321e-08
775.2524034070001	0.14007691945578446	-1.0895752392185174e-07
776.4618455340001	0.13999481272530032	-1.5344655270532666e-07
777.6712876610001	0.1399128235491698	-1.9684746115520716e-07
778.880729788	0.1398309526295305	-2.3916710820393486e-07
780.090171915	0.13974920066437221	-2.804142486285688e-07
781.299614042	0.13966756834656605	-3.2059949884621067e-07
782.509056169	0.13958605636288887	-3.5973530217899545e-07
783.718498296	0.1395046653931093	-3.9783588206338566e-07
784.9279404230001	0.13942339610908222	-4.3491719735425404e-07
786.1373825500001	0.1393422491738878	-4.709968889994644e-07
787.3468246770001	0.139261225241	-5.060942240850419e-07
788.5562668040001	0.13918032495349475	-5.402300370625508e-07
789.7657089310001	0.13909954894329415	-5.734266683204258e-07
790.975151058	0.1390188978304471	-6.057078964351122e-07
792.184593185	0.13893837222245822	-6.370988719120227e-07
793.394035312	0.13885797271364975	-6.676260467740101e-07
794.603477439	0.13877769988456704	-6.973171007184136e-07
795.812919566	0.13869755430142888	-7.262008711877694e-07
797.0223616930001	0.13861753651562247	-7.543072756318373e-07
798.2318038200001	0.1385376470632338	-7.816672366767626e-07
799.4412459470001	0.13845788646463147	-8.083126067098159e-07
800.6506880740001	0.13837825522408673	-8.342760887790011e-07
801.8601302010001	0.13829875382944018	-8.595911621319661e-07
803.069572328	0.13821938275181078	-8.842920038505502e-07
804.279014455	0.1381401424453487	-9.08413414225506e-07
805.488456582	0.13806103334702768	-9.319907427236293e-07
806.697898709	0.13798205587648377	-9.550598093168384e-07
807.907340836	0.13790321043589035	-9.776568358266163e-07
809.1167829630001	0.13782449740987732	-9.99818369450923e-07
810.3262250900001	0.1377459171654842	-1.0215812141381614e-06
811.5356672170001	0.13766747005216018	-1.0429823638796031e-06
812.7451093440001	0.13758915640179195	-1.0640589325824823e-06
813.9545514710001	0.1375109765287746	-1.0848480894724178e-06
815.163993598	0.13743293073011384	-1.1053869982746186e-06
816.373435725	0.13735501928556218	-1.125712751578803e-06
817.582877852	0.13727724245778963	-1.1458623169716143e-06
818.792319979	0.13719960049258226	-1.165872477611516e-06
820.001762106	0.13712209361907188	-1.1857797792316925e-06
821.2112042330001	0.1370447220499948	-1.205620478545708e-06
822.4206463600001	0.1369674859819735	-1.2254304927885394e-06
823.6300884870001	0.13689038559582536	-1.2452453554428911e-06
824.8395306140001	0.136813421056898	-1.2651001699260108e-06
826.0489727410001	0.1367365925154172	-1.2850295663411062e-06
827.258414868	0.1366599001068694	-1.305067665723758e-06
828.467856995	0.1365833439523833	-1.325248040671257e-06
829.677299122	0.1365069241591524	-1.3456036818916974e-06
830.886741249	0.1364306408208472	-1.3661669661755403e-06
832.0961833760001	0.136354494018066	-1.3869696241885327e-06
833.3056255030001	0.13627848381877472	-1.4080427169144465e-06
834.5150676300001	0.1362026102787806	-1.4294166082633922e-06
835.7245097570001	0.13612687344219637	-1.4511209396351343e-06
836.9339518840001	0.13605127334191963	-1.4731846130900908e-06
838.143394011	0.13597581000011968	-1.4956357701658108e-06
839.352836138	0.1359004834287287	-1.518501774653614e-06
840.562278265	0.1358252936299325	-1.5418091980912476e-06
841.771720392	0.13575024059666693	-1.5655838046388414e-06
842.981162519	0.13567532431311552	-1.5898505443418479e-06
844.1906046460001	0.135600544755205	-1.614633537990128e-06
845.4000467730001	0.13552590189109592	-1.6399560690158232e-06
846.6094889000001	0.13545139568167675	-1.665840579318877e-06
847.8189310270001	0.1353770260810509	-1.6923086610527831e-06
849.0283731540001	0.13530279303701356	-1.7193810547401155e-06
850.237815281	0.13522869649153196	-1.74707764565228e-06
851.447257408	0.13515473638120595	-1.7754174587467864e-06
852.656699535	0.13508091263773556	-1.8044186631840576e-06
853.866141662	0.1350072251883654	-1.8340985683893366e-06
855.075583789	0.13493367395632377	-1.8644736270759014e-06
856.2850259160001	0.13486025886125524	-1.8955594380921582e-06
857.4944680430001	0.13478697981963741	-1.927370747949691e-06
858.7039101700001	0.13471383674518295	-1.959921453656922e-06
859.9133522970001	0.13464082954923676	-1.993224611032832e-06
861.1227944240001	0.13456795814114805	-2.0272924341499976e-06
862.332236551	0.13449522242864187	-2.062136306919845e-06
863.541678678	0.1344226223181659	-2.097766786414572e-06
864.751120805	0.13435015771522857	-2.134193608550277e-06
865.960562932	0.13427782852471518	-2.1714256971412402e-06
867.170005059	0.13420563465119698	-2.20947117123457e-06
868.3794471860001	0.13413357599921855	-2.248337354228544e-06
869.5888893130001	0.13406165247357277	-2.288030779998179e-06
870.7983314400001	0.13398986397955442	-2.3285572041250905e-06
872.0077735670001	0.13391821042320623	-2.3699216144537422e-06
873.2172156940001	0.1338466917115391	-2.412128235144704e-06
874.426657821	0.1337753077527415	-2.455180542627106e-06
875.636099948	0.13370405845637617	-2.499081273712283e-06
876.845542075	0.13363294373354886	-2.5438324340455283e-06
878.054984202	0.13356196349707605	-2.589435312647331e-06
879.2644263290001	0.13349111766162428	-2.635890490009907e-06
880.4738684560001	0.13342040614384051	-2.683197851106319e-06
881.6833105830001	0.1333498288624664	-2.731356595955254e-06
882.8927527100001	0.13327938573843282	-2.7803652537889783e-06
884.1021948370001	0.133209076694946	-2.8302216924853032e-06
885.3116369640001	0.1331389016575572	-2.88092313287333e-06
886.521079091	0.13306886055421313	-2.9324661601322425e-06
887.730521218	0.13299895331529893	-2.9848467372717267e-06
888.939963345	0.13292917987366532	-3.0380602195675447e-06
890.149405472	0.13285954016464235	-3.092101364235268e-06
891.3588475990001	0.1327900341260391	-3.1469643505881235e-06
892.5682897260001	0.13272066169813504	-3.2026427875202565e-06
893.7777318530001	0.13265142282365616	-3.2591297317968935e-06
894.9871739800001	0.13258231744774324	-3.316417700335108e-06
896.1966161070001	0.1325133455179062	-3.3744986854296717e-06
897.406058234	0.13244450698397084	-3.4333641713695035e-06
898.615500361	0.1323758017980125	-3.493005147363299e-06
899.824942488	0.13230722991428578	-3.5534121232888134e-06
901.034384615	0.1322387912891409	-3.6145751486180115e-06
902.243826742	0.13217048588093716	-3.6764838227024582e-06
903.4532688690001	0.13210231364994024	-3.739127314454181e-06
904.6627109960001	0.1320342745582247	-3.802494377077542e-06
905.8721531230001	0.13196636856955907	-3.866573366144335e-06
907.0815952500001	0.13189859564929332	-3.93135225662584e-06
908.2910373770001	0.1318309557642323	-3.996818654581048e-06
909.500479504	0.1317634488825146	-4.062959817863326e-06
910.709921631	0.13169607497347968	-4.129762674522822e-06
911.919363758	0.13162883400753372	-4.197213836170549e-06
913.128805885	0.1315617259560133	-4.2652996161779895e-06
914.338248012	0.13149475079104495	-4.334006047926157e-06
915.5476901390001	0.1314279084854043	-4.4033189005067e-06
916.7571322660001	0.13136119901236812	-4.473223696148703e-06
917.9665743930001	0.1312946223455755	-4.543705726817684e-06
919.1760165200001	0.13122817845887685	-4.614750071387162e-06
920.3854586470001	0.1311618673261897	-4.686341614469682e-06
921.594900774	0.1310956889213543	-4.758465059230698e-06
922.804342901	0.13102964321798638	-4.8311049476112245e-06
924.013785028	0.1309637301893327	-4.904245675728668e-06
925.223227155	0.13089794980813238	-4.977871508354924e-06
926.432669282	0.13083230204646595	-5.051966597421779e-06
927.6421114090001	0.13076678687562665	-5.126514997104209e-06
928.8515535360001	0.13070140426597757	-5.201500678887189e-06
930.0609956630001	0.1306361541868185	-5.276907547240853e-06
931.2704377900001	0.13057103660625655	-5.352719455675195e-06
932.4798799170001	0.13050605149107727	-5.428920220801296e-06
933.689322044	0.13044119880661967	-5.50549363556654e-06
934.898764171	0.13037647851665976	-5.582423482813758e-06
936.108206298	0.13031189058328685	-5.659693553233539e-06
937.317648425	0.13024743496679944	-5.737287655618396e-06
938.5270905520001	0.13018311162559407	-5.815189628869444e-06
939.7365326790001	0.13011892051606133	-5.893383357251111e-06
940.9459748060001	0.13005486159249152	-5.971852779628467e-06
942.1554169330001	0.12999093480697782	-6.050581902646333e-06
943.3648590600001	0.12992714010932982	-6.129554813053405e-06
944.5743011870001	0.1298634774469933	-6.208755685215901e-06
945.783743314	0.129799946764967	-6.288168794463519e-06
946.993185441	0.12973654800573642	-6.3677785248276146e-06
948.202627568	0.12967328110920134	-6.447569381003498e-06
949.412069695	0.12961014601261936	-6.527525994492783e-06
950.6215118220001	0.12954714265054673	-6.60763313271656e-06
951.8309539490001	0.12948427095478954	-6.68787570875728e-06
953.0403960760001	0.12942153085435787	-6.768238786403359e-06
954.2498382030001	0.12935892227542725	-6.848707588066258e-06
955.4592803300001	0.12929644514130156	-6.929267501274993e-06
956.6687224570001	0.12923409937238817	-7.009904086753202e-06
957.878164584	0.12917188488617337	-7.090603079343737e-06
959.087606711	0.12910980159720292	-7.171350397813257e-06
960.297048838	0.12904784941706676	-7.252132147613475e-06
961.506490965	0.12898602825439728	-7.332934625303763e-06
962.7159330920001	0.12892433801486136	-7.4137443218350305e-06
963.9253752190001	0.12886277860116224	-7.4945479266806515e-06
965.1348173460001	0.12880134991304906	-7.575332332504204e-06
966.3442594730001	0.12874005184732407	-7.656084634332478e-06
967.5537016000001	0.12867888429785918	-7.736792134017106e-06
968.763143727	0.12861784715561966	-7.817442342431211e-06
969.972585854	0.12855694030868223	-7.898022979502817e-06
971.182027981	0.12849616364226618	-7.97852197745641e-06
972.391470108	0.12843551703876396	-8.05892748070225e-06
973.600912235	0.12837500037777702	-8.13922784473016e-06
974.8103543620001	0.1283146135361559	-8.21941164048897e-06
976.0197964890001	0.12825435638803884	-8.29946765039e-06
977.2292386160001	0.12819422880490142	-8.37938487115653e-06
978.4386807430001	0.12813423065560156	-8.4591525096231e-06
979.6481228700001	0.12807436180643111	-8.538759986853577e-06
980.857564997	0.1280146221211693	-8.618196932238506e-06
982.067007124	0.12795501146113916	-8.697453186457446e-06
983.276449251	0.12789552968526466	-8.77651879861624e-06
984.485891378	0.12783617665013125	-8.855384023797085e-06
985.6953335050001	0.1277769522100458	-8.934039322484541e-06
986.9047756320001	0.12771785621710197	-9.012475358550589e-06
988.1142177590001	0.12765888852124566	-9.09068299545799e-06
989.3236598860001	0.1276000489703383	-9.16865329713393e-06
990.5331020130001	0.12754133741022355	-9.2463775254274e-06
991.7425441400001	0.12748275368479906	-9.32384713477131e-06
992.951986267	0.12742429763608032	-9.401053772737933e-06
994.161428394	0.12736596910427214	-9.47798927754364e-06
995.370870521	0.1273077679278382	-9.554645674100788e-06
996.580312648	0.12724969394356903	-9.63101517067674e-06
997.7897547750001	0.12719174698665306	-9.707090160599242e-06
998.9991969020001	0.127133926890744	-9.78286321400455e-06
1000.2086390290001	0.1270762334880306	-9.858327078417384e-06
1001.4180811560001	0.1270186666093075	-9.933474676231652e-06
1002.6275232830001	0.12696122608403917	-1.0008299101383724e-05
1003.8369654100001	0.12690391174042956	-1.0082793615986764e-05
1005.046407537	0.12684672340548944	-1.0156951649884743e-05
1006.255849664	0.12678966090509672	-1.023076679380842e-05
1007.465291791	0.12673272406406708	-1.0304232802792204e-05
1008.674733918	0.12667591270621406	-1.0377343588394419e-05
1009.8841760450001	0.1266192266544091	-1.0450093218817432e-05
1011.0936181720001	0.12656266573064245	-1.0522475916536616e-05
1012.3030602990001	0.1265062297560858	-1.0594486053959861e-05
1013.5125024260001	0.1264499185511435	-1.0666118155970303e-05
1014.7219445530001	0.12639373193550968	-1.073736689095036e-05
1015.9313866800001	0.12633766972822688	-1.0808227071737612e-05
1017.140828807	0.1262817317477297	-1.0878693657781949e-05
1018.350270934	0.12622591781190048	-1.0948761746216908e-05
1019.559713061	0.12617022773811237	-1.1018426574330679e-05
1020.769155188	0.1261146613432819	-1.1087683515185822e-05
1021.9785973150001	0.12605921844390694	-1.115652807896427e-05
1023.1880394420001	0.1260038988561087	-1.1224955909358699e-05
1024.397481569	0.12594870239567593	-1.1292962783480454e-05
1025.606923696	0.12589362887809624	-1.136054460670809e-05
1026.816365823	0.12583867811859623	-1.14276974163909e-05
1028.0258079500002	0.12578384993217287	-1.149441737813259e-05
1029.235250077	0.12572914413362526	-1.1560700784825439e-05
1030.4446922040001	0.12567456053758017	-1.1626544056995209e-05
1031.654134331	0.12562009895852094	-1.169194373988879e-05
1032.8635764580001	0.12556575921081262	-1.1756896503053037e-05
1034.073018585	0.12551154110872467	-1.1821399141976202e-05
1035.282460712	0.12545744446644627	-1.1885448574506315e-05
1036.491902839	0.12540346909810915	-1.1949041841548726e-05
1037.701344966	0.12534961481780268	-1.2012176108447516e-05
1038.9107870930002	0.1252958814395859	-1.2074848661373432e-05
1040.12022922	0.12524226877749894	-1.2137056909380228e-05
1041.3296713470002	0.12518877664557493	-1.219879838424498e-05
1042.539113474	0.12513540485784727	-1.2260070738448051e-05
1043.7485556010001	0.1250821532283517	-1.2320871748226942e-05
1044.957997728	0.12502902157113788	-1.2381199309305934e-05
1046.167439855	0.12497600970026453	-1.244105144140975e-05
1047.376881982	0.1249231174298013	-1.2500426287256476e-05
1048.586324109	0.12487034457383119	-1.2559322109738895e-05
1049.795766236	0.12481769094644221	-1.2617737297013352e-05
1051.005208363	0.12476515636172629	-1.2675670359117144e-05
1052.2146504900002	0.12471274063377293	-1.2733119928758967e-05
1053.424092617	0.12466044357666112	-1.2790084763550235e-05
1054.6335347440001	0.12460826500444919	-1.2846563744600462e-05
1055.842976871	0.1245562047311657	-1.2902555877194736e-05
1057.0524189980001	0.12450426257079758	-1.2958060291292866e-05
1058.261861125	0.12445243833727837	-1.3013076242678677e-05
1059.471303252	0.12440073184447435	-1.3067603110722407e-05
1060.680745379	0.12434914290616417	-1.3121640401434537e-05
1061.890187506	0.12429767133602984	-1.3175187746993038e-05
1063.0996296330002	0.12424631694763774	-1.3228244903567562e-05
1064.30907176	0.12419507955441722	-1.3280811754113953e-05
1065.5185138870002	0.12414395896964495	-1.333288830640369e-05
1066.727956014	0.1240929550064254	-1.3384474695293625e-05
1067.9373981410001	0.12404206747767021	-1.3435571181815435e-05
1069.146840268	0.12399129619607671	-1.3486178149883532e-05
1070.356282395	0.12394064097410573	-1.3536296111816572e-05
1071.565724522	0.12389010162396392	-1.3585925699975957e-05
1072.775166649	0.12383967795757532	-1.3635067673152798e-05
1073.9846087760002	0.12378936978656244	-1.368372291358235e-05
1075.194050903	0.12373917692222308	-1.373189242385173e-05
1076.4034930300002	0.123689099175507	-1.377957732833079e-05
1077.612935157	0.12363913635698993	-1.3826778871344852e-05
1078.8223772840001	0.12358928827685134	-1.3873498413978269e-05
1080.031819411	0.12353955474485409	-1.391973743602392e-05
1081.2412615380001	0.12348993557031257	-1.3965497531245384e-05
1082.450703665	0.12344043056207768	-1.4010780405661153e-05
1083.660145792	0.1233910395285081	-1.4055587875237268e-05
1084.869587919	0.1233417622774465	-1.409992186518198e-05
1086.079030046	0.12329259861619879	-1.4143784405558296e-05
1087.2884721730002	0.12324354835150955	-1.4187177628716638e-05
1088.4979143	0.12319461128953775	-1.4230103765963384e-05
1089.7073564270001	0.12314578723583745	-1.427256514443445e-05
1090.916798554	0.12309707599533291	-1.4314564182357178e-05
1092.1262406810001	0.12304847737230042	-1.4356103386653411e-05
1093.335682808	0.12299999117033987	-1.4397185347987163e-05
1094.545124935	0.12295161719236379	-1.4437812734697393e-05
1095.754567062	0.12290335524057279	-1.4477988291032015e-05
1096.964009189	0.12285520511643636	-1.451771483006825e-05
1098.1734513160002	0.1228071666206771	-1.4556995225454855e-05
1099.382893443	0.12275923955325044	-1.4595832410685916e-05
1100.5923355700002	0.12271142371333134	-1.4634229370198291e-05
1101.801777697	0.12266371889929792	-1.4672189133967847e-05
1103.0112198240001	0.12261612490871893	-1.4709714768648099e-05
1104.220661951	0.1225686415383398	-1.4746809372687008e-05
1105.430104078	0.12252126858407239	-1.4783476067942335e-05
1106.639546205	0.12247400584098589	-1.4819717992271149e-05
1107.848988332	0.1224268531032954	-1.4855538291317015e-05
1109.058430459	0.12237981016436195	-1.4890940109939602e-05
1110.267872586	0.12233287681668294	-1.4925926582242056e-05
1111.4773147130002	0.12228605285189105	-1.496050082645023e-05
1112.68675684	0.12223933806075382	-1.4994665932678588e-05
1113.8961989670001	0.12219273223317732	-1.5028424953435167e-05
1115.105641094	0.12214623515820743	-1.506178089624573e-05
1116.3150832210001	0.12209984662403664	-1.5094736711191576e-05
1117.524525348	0.12205356641801543	-1.51272952856506e-05
1118.733967475	0.12200739432665948	-1.5159459429248695e-05
1119.943409602	0.12196133013566825	-1.51912318682983e-05
1121.152851729	0.12191537362994047	-1.5222615231554491e-05
1122.3622938560002	0.12186952459359222	-1.525361204705771e-05
1123.571735983	0.12182378280998073	-1.528422472766486e-05
1124.7811781100002	0.12177814806173283	-1.5314455564523767e-05
1125.990620237	0.1217326201307691	-1.534430671807058e-05
1127.2000623640001	0.12168719879833664	-1.5373780209494894e-05
1128.409504491	0.121641883845047	-1.5402877914401863e-05
1129.618946618	0.12159667505090968	-1.5431601554756083e-05
1130.828388745	0.12155157219537258	-1.5459952695104767e-05
1132.037830872	0.12150657505737196	-1.548793273459777e-05
1133.2472729990002	0.12146168341536742	-1.551554290394391e-05
1134.456715126	0.12141689704740002	-1.5542784264627752e-05
1135.6661572530002	0.1213722157311406	-1.556965770589498e-05
1136.87559938	0.12132763924394033	-1.5596163940698847e-05
1138.0850415070001	0.12128316736289148	-1.562230351085255e-05
1139.294483634	0.12123879986487898	-1.5648076788548603e-05
1140.5039257610001	0.12119453652664466	-1.567348397809366e-05
1141.713367888	0.1211503771248444	-1.569852512258982e-05
1142.922810015	0.12110632143611257	-1.5723200108760605e-05
1144.132252142	0.12106236923712164	-1.5747508678110454e-05
1145.341694269	0.12101852030464824	-1.5771450433149837e-05
1146.5511363960002	0.12097477441563269	-1.579502485250257e-05
1147.760578523	0.12093113134724488	-1.5818231302467204e-05
1148.9700206500002	0.12088759087694592	-1.5841069049954146e-05
1150.179462777	0.12084415278254815	-1.586353728098939e-05
1151.3889049040001	0.12080081684227485	-1.5885635118821966e-05
1152.598347031	0.12075758283482439	-1.5907361639847804e-05
1153.807789158	0.12071445053942143	-1.5928715896418176e-05
1155.017231285	0.1206714197358734	-1.5949696939108363e-05
1156.226673412	0.1206284902046207	-1.5970303836994784e-05
1157.4361155390002	0.12058566172678821	-1.599053570531131e-05
1158.645557666	0.12054293408422931	-1.60103917232966e-05
1159.8549997930002	0.12050030705956737	-1.602987116895923e-05
1161.06444192	0.12045778043623667	-1.6048973437934365e-05
1162.2738840470001	0.12041535399851461	-1.6067698072021958e-05
1163.483326174	0.12037302753155091	-1.6086044788571914e-05
1164.6927683010001	0.12033080082139547	-1.6104013502945768e-05
1165.902210428	0.1202886736550185	-1.612160435880029e-05
1167.111652555	0.12024664582033008	-1.6138817754788622e-05
1168.321094682	0.12020471710618957	-1.6155654368934286e-05
1169.530536809	0.1201628873024115	-1.6172115186618755e-05
1170.7399789360002	0.12012115619977276	-1.6188201524595915e-05
1171.949421063	0.12007952359001034	-1.6203915056319956e-05
1173.1588631900001	0.12003798926581075	-1.6219257834808305e-05
1174.368305317	0.11999655302081055	-1.6234232315894123e-05
1175.5777474440001	0.11995521464957234	-1.624884137734184e-05
1176.787189571	0.11991397394756995	-1.626308834194999e-05
1177.996631698	0.11987283071117064	-1.6276976992758455e-05
1179.206073825	0.11983178473760923	-1.629051159320268e-05
1180.415515952	0.11979083582496203	-1.630369689797059e-05
1181.6249580790002	0.11974998377212105	-1.631653817024887e-05
1182.834400206	0.11970922837875612	-1.6329041192514527e-05
1184.0438423330002	0.11966856944529321	-1.6341212273903633e-05
1185.25328446	0.11962800677287715	-1.6353058261905053e-05
1186.4627265870001	0.11958754016334097	-1.636458654507583e-05
1187.672168714	0.11954716941917373	-1.6375805061999753e-05
1188.881610841	0.11950689434349065	-1.6386722296983802e-05
1190.091052968	0.11946671474000399	-1.6397347286341993e-05
1191.300495095	0.11942663041299366	-1.640768961362884e-05
1192.5099372220002	0.11938664116728435	-1.6417759410156713e-05
1193.719379349	0.11934674680822398	-1.642756734734458e-05
1194.9288214760002	0.11930694714166575	-1.643712463000539e-05
1196.138263603	0.11926724197395083	-1.6446442991549715e-05
1197.3477057300001	0.11922763111189866	-1.6455534680960925e-05
1198.557147857	0.11918811436279556	-1.646441245610944e-05
1199.7665899840001	0.11914869153439726	-1.6473089567365233e-05
1200.976032111	0.11910936243492427	-1.648157974681893e-05
1202.185474238	0.11907012687306781	-1.6489897192726827e-05
1203.394916365	0.11903098465799848	-1.6498056552849843e-05
1204.604358492	0.11899193559937261	-1.6506072905902416e-05
1205.8138006190002	0.11895297950734995	-1.6513961744745684e-05
1207.023242746	0.11891411619260901	-1.652173895296018e-05
1208.2326848730002	0.11887534546636308	-1.6529420784823547e-05
1209.442127	0.11883666714037963	-1.6537023836983942e-05
