0.0	1.0	0.0
1.209442127	0.9997227370168149	8.384022474059464e-12
2.418884254	0.998892078689416	2.5203572430412347e-11
3.6283263810000004	0.9975111831749615	3.0654875517941437e-11
4.837768508	0.9955850874206077	2.0063760060764467e-11
6.047210635000001	0.9931206200442059	-2.9860014069488814e-12
7.256652762000001	0.9901263138550515	-2.8826662178970582e-11
8.466094889	0.986612315850808	-4.906337648027567e-11
9.675537016	0.9825902936080724	-5.882997903267764e-11
10.884979143	0.9780733377192488	-4.769410087154848e-11
12.094421270000002	0.9730758604592334	-7.206757581246239e-12
13.303863397	0.9676134909652085	6.698492079246842e-11
14.513305524000002	0.9617029675153584	1.7881420996128786e-10
15.722747651	0.955362027619024	3.3053911674156676e-10
16.932189778	0.9486092966541497	5.290316347234256e-10
18.141631905	0.9414641758122637	7.733301793954175e-10
19.351074032	0.9339467300484867	1.0677951029508774e-09
20.560516159000002	0.9260775768456698	1.4085282285736537e-09
21.769958286	0.9178777765465677	1.7798684906303835e-09
22.979400413	0.9093687248650846	2.191218285962143e-09
24.188842540000003	0.9005720482526328	2.6767864964168736e-09
25.398284667000002	0.8915095027995917	3.2128516514812896e-09
26.607726794	0.8822028770809118	3.826545899449426e-09
27.817168921	0.872673899461998	4.5401238651062555e-09
29.026611048000003	0.8629441502722242	5.37803429859565e-09
30.236053175000002	0.8530349791877853	6.365822364560241e-09
31.445495302	0.8429674281315801	7.531768447964132e-09
32.654937429	0.8327621599234154	8.909013321205887e-09
33.864379556	0.8224393928348593	1.053297076620126e-08
35.073821683000006	0.8120188411516887	1.2435030488892822e-08
36.28326381	0.8015196617999624	1.4636545719678263e-08
37.492705937000004	0.7909604070429365	1.714498435690159e-08
38.702148064	0.7803589832044052	1.9951622016305696e-08
39.911590191	0.769732615325455	2.3030643921225164e-08
41.121032318000005	0.7590978176178907	2.6340990952100827e-08
42.330474445	0.7484703695381711	2.983265896483927e-08
43.539916572	0.7378652972718569	3.3457072947126284e-08
44.749358699000005	0.7272968603913059	3.717804405518117e-08
45.958800826	0.7167785434277802	4.097960249073674e-08
47.168242953000004	0.7063230520815196	4.486956369315376e-08
48.377685080000006	0.6959423137765222	4.8880250531595315e-08
49.587127207	0.6856474822521761	5.306821723682694e-08
50.796569334000004	0.6754489458725208	5.751436135048941e-08
52.00601146100001	0.6653563393272534	6.2324927002103e-08
53.215453588	0.655378558395664	6.763350764143206e-08
54.424895715000005	0.6455237774456458	7.360380379274399e-08
55.634337842	0.6357994693430601	8.043267349233735e-08
56.843779969	0.6262124274526755	8.83529768074344e-08
58.053222096000006	0.6167687894194304	9.763579849393315e-08
59.262664223	0.6074740624294448	1.0859191089243984e-07
60.472106350000004	0.5983331496617242	1.2157224945816206e-07
61.68154847700001	0.5893503776556822	1.3696737745436825e-07
62.890990604	0.5805295243343023	1.5520583284030337e-07
64.100432731	0.5718738474386733	1.767514113256999e-07
65.309874858	0.5633861131463276	2.0209935378791738e-07
66.519316985	0.5550686246629175	2.3177151381031388e-07
67.728759112	0.5469232505943662	2.6631054413344593e-07
68.93820123900001	0.5389514529243385	3.062730981329255e-07
70.14764336600001	0.5311543144398014	3.5222206196554776e-07
71.357085493	0.5235325654651893	4.0471791643047114e-07
72.56652762	0.5160866097833067	4.6430937430428405e-07
73.775969747	0.5088165496383342	5.315235990277635e-07
74.98541187400001	0.5017222097331013	6.068563751233439e-07
76.19485400100001	0.49480316014856446	6.907626555683023e-07
77.404296128	0.4880587381289483	7.83647924608268e-07
78.613738255	0.48148806868981786	8.858606258007797e-07
79.823180382	0.4750900840200338	9.976858916725261e-07
81.032622509	0.46886354166068733	1.1193405919516273e-06
82.24206463600001	0.462807041455605	1.2509695647881363e-06
83.45150676300001	0.45691904127860333	1.3926427988408314e-06
84.66094889	0.4511978715520444	1.5443532026906216e-06
85.870391017	0.44564174858005484	1.7060145676376719e-06
87.079833144	0.4402487867272207	1.87745943147934e-06
88.28927527100001	0.43501700948035094	2.0584366480124247e-06
89.49871739800001	0.4299443594366948	2.2486086943315032e-06
90.708159525	0.42502870726687497	2.4475490204822724e-06
91.917601652	0.42026785970495506	2.6547398080407602e-06
93.127043779	0.4156595666214005	2.869570773522204e-06
94.33648590600001	0.4112015272372442	3.0913394572064705e-06
95.54592803300001	0.4068913955396769	3.3192534828390663e-06
96.75537016000001	0.40272678496051867	3.552435012231213e-06
97.964812287	0.3987052723796017	3.7899274742719783e-06
99.174254414	0.3948244015151631	4.030704418865307e-06
100.383696541	0.3910816857628551	4.273680292828725e-06
101.59313866800001	0.38747461054395294	4.517722787601449e-06
102.80258079500001	0.38400063522205446	4.761666417511293e-06
104.01202292200001	0.3806571946457359	5.004327141999939e-06
105.221465049	0.37744170037274194	5.2445177686758785e-06
106.430907176	0.3743515416289459	5.481064029148872e-06
107.64034930300001	0.37138408605298673	5.712821222517192e-06
108.84979143000001	0.36853668027473363	5.9386911509229075e-06
110.05923355700001	0.3658066503728717	6.15763910664987e-06
111.268675684	0.36319130225364404	6.368710406541728e-06
112.478117811	0.36068792198949684	6.5710461627046245e-06
113.687559938	0.3582937761529071	6.763897814417381e-06
114.89700206500001	0.35600611217722644	6.94664016957856e-06
116.10644419200001	0.3538221587731199	7.118782713327056e-06
117.31588631900001	0.3517391264258835	7.2799790230326485e-06
118.525328446	0.3497542079957708	7.430034137959012e-06
119.734770573	0.34786457944037985	7.5689097369232306e-06
120.94421270000001	0.3460674006752544	7.696726907307481e-06
122.15365482700001	0.3443598165858442	7.813766244620911e-06
123.36309695400001	0.34273895820129113	7.920464995043432e-06
124.572539081	0.34120194403777737	8.017410910482342e-06
125.781981208	0.3397458816166511	8.105332529509048e-06
126.99142333500001	0.3383678691600497	8.18508576175941e-06
128.200865462	0.3370649974644397	8.257636844406803e-06
129.410307589	0.33583435195016736	8.324042126939932e-06
130.619749716	0.3346730148829484	8.385425587624736e-06
131.82919184300002	0.3335780677610862	8.442955493169574e-06
133.03863397	0.33254659386012764	8.497822085213966e-06
134.24807609700002	0.3315756809247584	8.551218439912526e-06
135.457518224	0.3306624239959483	8.604326527339798e-06
136.666960351	0.329803928359959	8.658309736641257e-06
137.87640247800002	0.32899731260469545	8.714311825281952e-06
139.085844605	0.32823971176836797	8.773460769136879e-06
140.29528673200002	0.32752828056524125	8.836874542866403e-06
141.504728859	0.3268601966733332	8.905665484787589e-06
142.714170986	0.32623266406894863	8.980940362630114e-06
143.92361311300002	0.32564291639279386	9.063794577498815e-06
145.13305524	0.32508822033210616	9.155300488532897e-06
146.34249736700002	0.32456587900288286	9.25649094988603e-06
147.551939494	0.32407323531605986	9.368339786477737e-06
148.761381621	0.32360767531157403	9.491740933527382e-06
149.97082374800002	0.32316663144438257	9.627487805348033e-06
151.180265875	0.3227475858069364	9.776254171618139e-06
152.38970800200002	0.322348073272964	9.938577573607758e-06
153.599150129	0.32196568454782776	1.0114846021760804e-05
154.808592256	0.3215980691112651	1.0305288443377285e-05
156.018034383	0.32124293803880016	1.0509969015891839e-05
157.22747651	0.32089806668890625	1.0728785266183656e-05
158.43691863700002	0.3205612972438229	1.0961469608826844e-05
159.646360764	0.3202305410929893	1.1207593929826012e-05
160.85580289100002	0.319903781049122	1.146657677527647e-05
162.065245018	0.319579073388127	1.1737692792251726e-05
163.274687145	0.3192545497051269	1.202008398583772e-05
164.48412927200002	0.3189284185799753	1.2312772420111581e-05
165.693571399	0.3185989670467204	1.2614673894090788e-05
166.90301352600002	0.3182645618625234	1.2924612128673611e-05
168.112455653	0.3179236505725516	1.3241333023996638e-05
169.32189778	0.31757476236848975	1.3563518610011811e-05
170.53133990700002	0.3172165087393163	1.3889800397968536e-05
171.740782034	0.3168475839140946	1.4218771998013274e-05
172.95022416100002	0.3164667650975669	1.45490009689503e-05
174.159666288	0.3160729125002939	1.4879039971441705e-05
175.369108415	0.31566496916617753	1.5207437338381305e-05
176.57855054200002	0.31524196060107196	1.5532747218031586e-05
177.787992669	0.31480299420700225	1.58535393886879e-05
178.99743479600002	0.3143472585275071	1.6168408851172547e-05
180.206876923	0.3138740223101525	1.6475985232904464e-05
181.41631905	0.3133826333931474	1.6774941996143926e-05
182.62576117700002	0.3128725174234522	1.7064005401805123e-05
183.835203304	0.3123431764144241	1.7341963161748436e-05
185.04464543100002	0.31179418715143525	1.760767264494484e-05
186.254087558	0.3112251994544067	1.786006852723697e-05
187.46352968500003	0.31063593430647396	1.8098169756410513e-05
188.67297181200001	0.31002618185840475	1.8321085664724937e-05
189.882413939	0.3093957993186042	1.8528021156613282e-05
191.09185606600002	0.3087447087387818	1.871828082046001e-05
192.301298193	0.3080728947055439	1.889127195853078e-05
193.51074032000002	0.30738040194830096	1.9046506459169982e-05
194.720182447	0.3066673328738478	1.9183601567159797e-05
195.929624574	0.3059338450380724	1.9302279550119235e-05
197.13906670100002	0.3051801485650796	1.9402366347079203e-05
198.348508828	0.3044065035239225	1.9483789231163136e-05
199.55795095500002	0.3036132172729246	1.9546573569961277e-05
200.767393082	0.3028006417813695	1.9590838749309722e-05
201.976835209	0.30196917093805065	1.961679334223227e-05
203.18627733600002	0.3011192378558472	1.9624729575100112e-05
204.395719463	0.3002513121811635	1.9615017237310904e-05
205.60516159000002	0.29936589741663705	1.9588097122403926e-05
206.814603717	0.29846352826522105	1.954447412313785e-05
208.02404584400003	0.2975447680031375	1.9484710149554892e-05
209.23348797100002	0.29661020588894715	1.940941694599246e-05
210.442930098	0.295660454615359	1.9319248940176814e-05
211.65237222500002	0.29469614781004233	1.921489617616195e-05
212.861814352	0.29371793759115383	1.909707737163776e-05
214.07125647900003	0.2927264921828629	1.8966533119289814e-05
215.28069860600002	0.29172249359560093	1.8824019270154243e-05
216.490140733	0.2907066353753607	1.8670300530694585e-05
217.69958286000002	0.28967962042581236	1.850614430557614e-05
218.909024987	0.28864215890651934	1.8332314838379766e-05
220.11846711400003	0.2875949662101717	1.8149567710646544e-05
221.32790924100001	0.2865387610211352	1.795864475658093e-05
222.537351368	0.285474263457348	1.776026939607573e-05
223.74679349500002	0.2844021932970483	1.755514248614582e-05
224.956235622	0.2833232682914773	1.7343938647544985e-05
226.16567774900003	0.28223820256433	1.7127303144782497e-05
227.375119876	0.281147705098286	1.6905849274948417e-05
228.584562003	0.2800524783087114	1.66801563082923e-05
229.79400413000002	0.2789532167042224	1.6450767935336747e-05
231.003446257	0.2778506056334971	1.6218191217713724e-05
232.21288838400002	0.27674532011749203	1.5982896028715675e-05
233.422330511	0.27563802376590313	1.5745314934533156e-05
234.63177263800003	0.27452936777646975	1.5505843486495675e-05
235.84121476500002	0.2734199900154988	1.5264840890094116e-05
237.050656892	0.2723105141778148	1.5022630987433152e-05
238.26009901900002	0.27120154902407495	1.4779503516781059e-05
239.469541146	0.27009368769331055	1.4535715580906662e-05
240.67898327300003	0.26898750708833263	1.4291493267148126e-05
241.88842540000002	0.2678835673315757	1.4047033374854661e-05
243.097867527	0.2667824112887942	1.3802505152221932e-05
244.30730965400002	0.265684564157984	1.3558052036432639e-05
245.516751781	0.26459053312078595	1.3313793304467296e-05
246.72619390800003	0.2635008070536056	1.3069825606906674e-05
247.93563603500002	0.26241585629563297	1.282622435481802e-05
249.145078162	0.2613361324709426	1.2583044938330002e-05
250.35452028900002	0.2602620683618397	1.2340323785049447e-05
251.563962416	0.25919407783064186	1.2098079268744008e-05
252.77340454300003	0.2581325557871368	1.1856312532969862e-05
253.98284667000001	0.2570778781989832	1.1615008258636498e-05
255.192288797	0.25603040214242273	1.1374135514221992e-05
256.401730924	0.2549904658907103	1.1133648720868617e-05
257.61117305100004	0.25395838903778745	1.0893488861348431e-05
258.820615178	0.2529344726547797	1.0653585000968335e-05
260.030057305	0.2519189994769899	1.0413856171567764e-05
261.239499432	0.25091223411911645	1.0174213659477124e-05
262.448941559	0.24991442331650987	9.934563684163345e-06
263.65838368600004	0.2489257961903644	9.694810436586446e-06
264.867825813	0.24794656453474453	9.454859428758128e-06
266.07726794	0.24697692312347455	9.214621058647183e-06
267.286710067	0.24601705003498373	8.97401434320083e-06
268.49615219400005	0.24506710699321904	8.732970686611731e-06
269.70559432100004	0.24412723972287426	8.491437626634216e-06
270.915036448	0.24319757831722605	8.249382451510943e-06
272.124478575	0.24227823761696674	8.006795580698964e-06
273.333920702	0.24136931759850538	7.763693644658833e-06
274.54336282900005	0.2404709037703227	7.52012213536186e-06
275.75280495600003	0.23958306757602282	7.276157564701503e-06
276.962247083	0.23870586680288272	7.031909033882448e-06
278.17168921	0.2378393459947388	6.787519182422112e-06
279.381131337	0.23698353686821494	6.543164452483508e-06
280.59057346400004	0.2361384587313091	6.299054685626106e-06
281.80001559100003	0.23530411890351793	6.055432072274954e-06
283.009457718	0.2344805131366841	5.81256950268887e-06
284.218899845	0.23366762603588018	5.570768409135337e-06
285.428341972	0.23286543147962155	5.330356185444096e-06
286.63778409900004	0.2320738930388399	5.091683280098162e-06
287.84722622600003	0.23129296439401623	4.855120084305327e-06
289.056668353	0.2305225897499704	4.621053699585221e-06
290.26611048	0.22976270424780643	4.38988466753941e-06
291.475552607	0.2290132343735733	4.162023768519137e-06
292.68499473400004	0.22827409836324694	3.937888913174817e-06
293.89443686100003	0.22754520660364883	3.71790219984791e-06
295.103878988	0.2268264620289844	3.5024871816745443e-06
296.313321115	0.22611776051268356	3.292066333461499e-06
297.522763242	0.22541899125430737	3.087058779930987e-06
298.73220536900004	0.22473003716126103	2.88787825411711e-06
299.94164749600003	0.2240507752251127	2.6949313182308712e-06
301.151089623	0.22338107689233885	2.5086158313247985e-06
302.36053175	0.22272080842931205	2.329319643046161e-06
303.569973877	0.22206983128141952	2.157419523921296e-06
304.77941600400004	0.22142800242612223	1.993280301917474e-06
305.98885813100003	0.22079517471989715	1.8372541996657422e-06
307.198300258	0.22017119723890505	1.6896803291536852e-06
308.407742385	0.21955591561329524	1.5508843491659493e-06
309.617184512	0.21894917235505454	1.421178244202164e-06
310.82662663900004	0.2183508071792969	1.3008602118008441e-06
312.036068766	0.21776065731891756	1.1902146180210512e-06
313.245510893	0.21717855783251055	1.0895120234904164e-06
314.45495302	0.21660434190548217	9.990092338508105e-07
315.664395147	0.21603784114427357	9.189493774073326e-07
316.87383727400004	0.21547888586360214	8.495619847716338e-07
318.083279401	0.21492730536665963	7.910630719238796e-07
319.292721528	0.2143829282181664	7.436552235039702e-07
320.502163655	0.21384558251019234	7.075276725787562e-07
321.71160578200005	0.21331509612065258	6.828563947145674e-07
322.92104790900004	0.2127912969643466	6.698042077251562e-07
324.130490036	0.21227401323643183	6.685208875707808e-07
325.339932163	0.21176307364820218	6.7914329773064e-07
326.54937429	0.2112583076550057	7.017955236696926e-07
327.75881641700005	0.2107595456761857	7.365890061673526e-07
328.96825854400004	0.2102666193069195	7.836226574027551e-07
330.177700671	0.20977936152181076	8.429829643915076e-07
331.387142798	0.20929760687014617	9.147440823912627e-07
332.596584925	0.20882119166274637	9.98967906617818e-07
333.80602705200005	0.20834995415031635	1.0957041630219152e-06
335.01546917900004	0.20788373469326377	1.2049904911493897e-06
336.224911306	0.2074223759229345	1.3268525741520374e-06
337.434353433	0.20696572289424633	1.4613042868240027e-06
338.64379556	0.2065136232296987	1.6083479056409782e-06
339.85323768700005	0.20606592725474585	1.7679743402324393e-06
341.06267981400003	0.20562248812454526	1.9401634253099195e-06
342.272121941	0.2051831619420769	2.124884242532242e-06
343.481564068	0.2047478078676613	2.3220954776262726e-06
344.691006195	0.20431628821990327	2.531745795279804e-06
345.90044832200005	0.2038884685680991	2.7537742272698046e-06
347.10989044900003	0.2034642178161567	2.9881105585800776e-06
348.319332576	0.20304340827810785	3.2346757090240638e-06
349.528774703	0.20262591574527483	3.4933820768545636e-06
350.73821683	0.2022116195451813	3.7641338634766523e-06
351.94765895700004	0.2018004025923375	4.046827344541094e-06
353.15710108400003	0.20139215143098754	4.3413510851719765e-06
354.366543211	0.20098675626997203	4.647586098132584e-06
355.575985338	0.2005841110098418	4.965405923616693e-06
356.785427465	0.20018411326239446	5.2946766255000515e-06
357.99486959200004	0.1997866643627936	5.635256720134309e-06
359.20431171900003	0.19939166937445998	5.986997005823503e-06
360.413753846	0.19899903708694427	6.349740307093425e-06
361.623195973	0.19860868000696952	6.723321136940569e-06
362.8326381	0.19822051434288615	7.1075652646664385e-06
364.04208022700004	0.19783445998275193	7.502289217893123e-06
365.25152235400003	0.19745044046629567	7.907299698554262e-06
366.460964481	0.1970683829509942	8.322392948684321e-06
367.670406608	0.1966882181725477	8.747354050692172e-06
368.87984873500005	0.19630988039999175	9.181956203845693e-06
370.08929086200004	0.19593330738574186	9.625959958846247e-06
371.29873298900003	0.19555844031084013	1.0079112455155872e-05
372.508175116	0.19518522372568575	1.0541146666012827e-05
373.717617243	0.19481360548653812	1.10117806620764e-05
374.92705937000005	0.19444353668809683	1.1490716923332408e-05
376.13650149700004	0.19407497159242823	1.1977641706264758e-05
377.34594362400003	0.19370786755455563	1.2472224500344134e-05
378.555385751	0.19334218494499145	1.2974117568568096e-05
379.764827878	0.19297788706950986	1.3482955608432936e-05
380.97427000500005	0.19261494008645663	1.399835552948568e-05
382.18371213200004	0.19225331292187278	1.4519916373707025e-05
383.393154259	0.19189297718271306	1.5047219386506166e-05
384.602596386	0.19153390706846452	1.557982823353611e-05
385.812038513	0.19117607928140296	1.611728938783819e-05
387.02148064000005	0.19081947293577256	1.6659132684642344e-05
388.23092276700004	0.19046406946614589	1.7204872031114832e-05
389.440364894	0.19010985253520366	1.7754006288130857e-05
390.649807021	0.189756807941196	1.830602031170878e-05
391.859249148	0.1894049235252846	1.8860386133913166e-05
393.06869127500005	0.18905418907902646	1.9416564301587112e-05
394.27813340200004	0.1887045962521684	1.9974005340666324e-05
395.487575529	0.1883561384609852	2.0532151332484503e-05
396.697017656	0.1880088107973362	2.109043759892074e-05
397.906459783	0.18766260993861814	2.1648294466285306e-05
399.11590191000005	0.18731753405878057	2.2205149108907735e-05
400.32534403700004	0.1869735827405618	2.276042742123609e-05
401.534786164	0.1866307568890828	2.3313555945981967e-05
402.744228291	0.18628905864694417	2.3863963787947086e-05
403.953670418	0.18594849131092428	2.4411084542218536e-05
405.16311254500005	0.18560905925041304	2.4954358173337447e-05
406.37255467200004	0.18527076782766047	2.5493232869738993e-05
407.581996799	0.18493362331994645	2.6027166826204106e-05
408.791438926	0.18459763284373126	2.655562994611587e-05
410.000881053	0.18426280428087272	2.7078105462479408e-05
411.21032318000005	0.18392914620696799	2.7594091445798796e-05
412.41976530700003	0.1835966678218542	2.8103102202909803e-05
413.629207434	0.18326537888233196	2.8604669543130332e-05
414.838649561	0.18293528963713424	2.9098343926818494e-05
416.04809168800006	0.1826064107641683	2.9583695462579616e-05
417.25753381500004	0.1822787533100603	3.006031477687925e-05
418.46697594200003	0.18195232863200284	3.0527813731684365e-05
419.676418069	0.1816271483419175	3.098582601011642e-05
420.885860196	0.18130322425293982	3.1434007562681104e-05
422.09530232300006	0.18098056832821546	3.1872036910841905e-05
423.30474445000004	0.18065919263199634	3.229961533172112e-05
424.51418657700003	0.18033910928303515	3.271646691365005e-05
425.723628704	0.18002033041024532	3.312233849913367e-05
426.933070831	0.17970286811061584	3.351699952187742e-05
428.14251295800005	0.1793867344093438	3.390024174787075e-05
429.35195508500004	0.1790719412221693	3.427187892384728e-05
430.56139721200003	0.1787585003198623	3.4631746357875007e-05
431.770839339	0.17844642329484692	3.497970043064437e-05
432.980281466	0.1781357215299061	3.531561805018622e-05
434.18972359300005	0.17782640616893275	3.5639396064803074e-05
435.39916572000004	0.17751848808968956	3.5950950637399034e-05
436.60860784700003	0.17721197787852463	3.625021659858838e-05
437.818049974	0.17690688580699085	3.653714678416125e-05
439.027492101	0.17660322181034435	3.6811711361754215e-05
440.23693422800005	0.17630099546783579	3.7073897161463964e-05
441.44637635500004	0.17600021598476934	3.732370700924472e-05
442.65581848200003	0.1757008921762636	3.7561159079259024e-05
443.865260609	0.1754030324526631	3.778628625496995e-05
445.074702736	0.1751066448065477	3.799913552207507e-05
446.28414486300005	0.17481173680126974	3.819976737850786e-05
447.49358699000004	0.1745183155609808	3.83882552786394e-05
448.703029117	0.17422638776207494	3.8564685096508514e-05
449.912471244	0.17393595962600264	3.87291546294707e-05
451.121913371	0.17364703691337216	3.888177312143693e-05
452.33135549800005	0.17335962491931547	3.902266081993588e-05
453.54079762500004	0.17307372847002986	3.91519485539301e-05
454.750239752	0.1727893519204512	3.9269777343718894e-05
455.959681879	0.17250649915299718	3.9376298020263094e-05
457.169124006	0.17222517357732012	3.9471670878725805e-05
458.37856613300005	0.17194537813101668	3.955606533432007e-05
459.58800826000004	0.1716671152812309	3.9629659596019537e-05
460.797450387	0.17139038702711085	3.96926403473272e-05
462.006892514	0.171115194903038	3.9745202434019844e-05
463.216334641	0.1708415399826074	3.978754854833236e-05
464.42577676800005	0.17056942288327473	3.9819888918418216e-05
465.63521889500004	0.17029884377164878	3.9842440983362866e-05
466.844661022	0.17002980236936155	3.9855429065832414e-05
468.054103149	0.1697622979594727	3.985908403770493e-05
469.26354527600006	0.16949632939336437	3.985364295629172e-05
470.47298740300005	0.1692318950980844	3.9839348703661204e-05
471.68242953000004	0.16896899308409447	3.9816449598413606e-05
472.891871657	0.16870762095337452	3.978519898883162e-05
474.101313784	0.16844777590785626	3.9745854830604875e-05
475.31075591100006	0.1681894547581468	3.969867924523237e-05
476.52019803800005	0.1679326539325052	3.96439380536444e-05
477.72964016500003	0.16767736948603454	3.958190029725089e-05
478.939082292	0.16742359711007776	3.951283773577565e-05
480.148524419	0.16717133214175828	3.943702433024923e-05
481.35796654600006	0.16692056957366952	3.935473571007542e-05
482.56740867300005	0.1666713040636677	3.926624862763152e-05
483.77685080000003	0.1664235299447507	3.9171840398453615e-05
484.986292927	0.16617724123500813	3.9071788335575726e-05
486.195735054	0.16593243164761012	3.896636917732476e-05
487.40517718100006	0.16568909460082631	3.8855858508414464e-05
488.61461930800004	0.16544722322805613	3.8740530180467425e-05
489.82406143500003	0.1652068103878557	3.862065573736099e-05
491.033503562	0.16496784867394101	3.849650384703159e-05
492.242945689	0.16473033042516583	3.8368339734678326e-05
493.45238781600005	0.16449424773545354	3.8236424631137806e-05
494.66182994300004	0.16425959246367616	3.810101523905375e-05
495.87127207000003	0.16402635624347622	3.796236321037395e-05
497.080714197	0.16379453049301515	3.7820714643971937e-05
498.290156324	0.16356410642464161	3.767630961037512e-05
499.49959845100005	0.16333507505448044	3.752938169818124e-05
500.70904057800004	0.16310742721193094	3.738015758725737e-05
501.91848270500003	0.16288115354906876	3.722885665639425e-05
503.127924832	0.16265624454994498	3.7075690616712885e-05
504.337366959	0.16243269053979176	3.692086318609705e-05
505.54680908600005	0.16221048169410665	3.676456978878176e-05
506.75625121300004	0.1619896080476414	3.6606997306616856e-05
507.96569334000003	0.16177005950326714	3.6448323852204474e-05
509.175135467	0.16155182584072558	3.628871859333814e-05
510.384577594	0.16133489672526957	3.612834161343992e-05
511.59401972100005	0.1611192617161764	3.59673438103628e-05
512.803461848	0.16090491027514117	3.580586683449092e-05
514.0129039750001	0.1606918317745546	3.564404307323086e-05
515.2223461020001	0.16048001550564459	3.548199566409729e-05
516.4317882290001	0.1602694506865079	3.5319838559303476e-05
517.641230356	0.16006012646999912	3.51576766111923e-05
518.850672483	0.159852031951509	3.499560570875131e-05
520.06011461	0.15964515617659586	3.48337129365262e-05
521.269556737	0.15943948814850586	3.467207676972861e-05
522.478998864	0.1592350168355442	3.451076729841669e-05
523.688440991	0.15903173117833905	3.434984647527982e-05
524.897883118	0.15882962009694124	3.41893683894834e-05
526.1073252450001	0.1586286724978201	3.4029379560897065e-05
527.3167673720001	0.15842887728070645	3.3869919254712956e-05
528.5262094990001	0.15823022334530307	3.371101980666013e-05
529.735651626	0.15803269959786204	3.355270696335362e-05
530.945093753	0.157836294957619	3.3395000231873834e-05
532.15453588	0.15764099836309006	3.323791323441597e-05
533.363978007	0.15744679877822632	3.3081454070861e-05
534.573420134	0.15725368519842306	3.292562567833264e-05
535.782862261	0.15706164665638808	3.277042618799517e-05
536.9923043880001	0.15687067222786547	3.2615849286252814e-05
538.2017465150001	0.15668075103720303	3.246188456273929e-05
539.4111886420001	0.15649187226277977	3.2308517854675736e-05
540.6206307690001	0.15630402514227612	3.215573157969714e-05
541.830072896	0.1561171989777969	3.200350506042527e-05
543.039515023	0.15593138314082913	3.185181483534435e-05
544.24895715	0.15574656707705858	3.1700634961991004e-05
545.458399277	0.15556274031101258	3.154993729549198e-05
546.667841404	0.15537989245055323	3.139969176624429e-05
547.877283531	0.15519801319120596	3.1249866632650454e-05
549.0867256580001	0.15501709232032443	3.11004287227656e-05
550.2961677850001	0.15483711972108488	3.095134366411052e-05
551.5056099120001	0.15465808537633083	3.0802576095841226e-05
552.715052039	0.1544799793722283	3.0654089862028986e-05
553.924494166	0.15430279190176988	3.05058482018787e-05
555.133936293	0.15412651326810115	3.0357813918840374e-05
556.34337842	0.15395113388767404	3.0209949533821344e-05
557.552820547	0.15377664429323779	3.006221743771485e-05
558.762262674	0.15360303513664805	2.991458002023266e-05
559.971704801	0.1534302971915079	2.9766999798954475e-05
561.1811469280001	0.1532584213556359	2.961943952954907e-05
562.3905890550001	0.1530873986533628	2.9471862311168986e-05
563.6000311820001	0.15291722023765147	2.9324231685599656e-05
564.809473309	0.15274787739204884	2.9176511727875013e-05
566.018915436	0.15257936153246499	2.9028667129321665e-05
567.228357563	0.15241166420877716	2.8880663275426595e-05
568.43779969	0.15224477710627712	2.873246631889005e-05
569.647241817	0.15207869204693067	2.8584043251675176e-05
570.856683944	0.15191340099049067	2.8435361966122475e-05
572.066126071	0.15174889603542624	2.8286391323535845e-05
573.2755681980001	0.15158516941970357	2.81371012080145e-05
574.4850103250001	0.1514222135213979	2.7987462588269537e-05
575.6944524520001	0.15126002085914617	2.7837447570757208e-05
576.903894579	0.151098584092447	2.7687029453997243e-05
578.113336706	0.15093789602180346	2.7536182786373662e-05
579.322778833	0.15077794958871896	2.738488340875166e-05
580.53222096	0.1506187378755365	2.723310851119092e-05
581.741663087	0.1504602541051435	2.7080836676829437e-05
582.951105214	0.1503024916405296	2.6928047931888192e-05
584.160547341	0.15014544398420493	2.6774723787966025e-05
585.3699894680001	0.14998910477748786	2.66208472902538e-05
586.5794315950001	0.14983346779965712	2.6466403050704388e-05
587.7888737220001	0.14967852696697878	2.6311377295033906e-05
588.998315849	0.14952427633161297	2.6155757894476015e-05
590.207757976	0.14937071008039376	2.599953439849806e-05
591.417200103	0.14921782253350013	2.5842698065827562e-05
592.62664223	0.1490656081430135	2.568524189150125e-05
593.836084357	0.14891406149136505	2.552716062768729e-05
595.045526484	0.14876317728968327	2.5368450801574003e-05
596.2549686110001	0.14861295037604713	2.520911072961411e-05
597.4644107380001	0.14846337571363113	2.5049140524415814e-05
598.6738528650001	0.14831444838878133	2.4888542099806775e-05
599.8832949920001	0.1481661636089804	2.4727319167138393e-05
601.092737119	0.14801851670075303	2.4565477227278636e-05
602.302179246	0.14787150310748312	2.4403023558061436e-05
603.511621373	0.14772511838716923	2.423996719316865e-05
604.7210635	0.14757935821009266	2.4076318899211777e-05
605.930505627	0.14743421835644416	2.3912091142318e-05
607.139947754	0.14728969471387807	2.3747298049166444e-05
608.3493898810001	0.14714578327501876	2.358195536841418e-05
609.5588320080001	0.14700248013491304	2.3416080416291076e-05
610.7682741350001	0.14685978148843684	2.324969202162631e-05
611.9777162620001	0.14671768362766743	2.3082810472194213e-05
613.187158389	0.14657618293921043	2.291545743884244e-05
614.396600516	0.14643527590149966	2.274765591296686e-05
615.606042643	0.14629495908206744	2.2579430125992134e-05
616.81548477	0.14615522913479043	2.2410805473553735e-05
618.024926897	0.1460160827971191	2.2241808429808593e-05
619.234369024	0.14587751688728817	2.207246645988665e-05
620.4438111510001	0.14573952830151868	2.1902807928711053e-05
621.6532532780001	0.14560211401121248	2.1732862013124487e-05
622.8626954050001	0.1454652710601403	2.156265860073474e-05
624.072137532	0.14532899656163703	2.1392228196750546e-05
625.281579659	0.14519328769579945	2.1221601826399082e-05
626.491021786	0.14505814170668666	2.105081093502561e-05
627.700463913	0.14492355589954475	2.0879887290673055e-05
628.90990604	0.14478952763803474	2.0708862883547894e-05
630.119348167	0.1446560543414921	2.0537769834551273e-05
631.328790294	0.1445231334821972	2.036664029166423e-05
632.5382324210001	0.14439076258268327	2.0195506338491696e-05
633.7476745480001	0.14425893921307165	2.0024399906054703e-05
634.9571166750001	0.14412766098842933	1.985335267687297e-05
636.166558802	0.1439969255661798	1.9682396002802045e-05
637.376000929	0.143866730643536	1.9511560819057508e-05
638.585443056	0.14373707395499064	1.9340877566922354e-05
639.794885183	0.14360795326983786	1.9170376116661952e-05
641.00432731	0.143479366389748	1.9000085697373637e-05
642.213769437	0.14335131114639355	1.8830034827722663e-05
643.4232115640001	0.14322378539912242	1.866025125774636e-05
644.6326536910001	0.14309678703269094	1.8490761906164476e-05
645.8420958180001	0.14297031395504478	1.8321592813599787e-05
647.0515379450001	0.14284436409516835	1.8152769090594655e-05
648.260980072	0.14271893540098232	1.798431488192031e-05
649.470422199	0.14259402583731792	1.7816253321952137e-05
650.679864326	0.14246963338393687	1.7648606506256355e-05
651.889306453	0.14234575603363345	1.7481395467096794e-05
653.09874858	0.1422223917903853	1.731464014848875e-05
654.308190707	0.14209953866759079	1.7148359390618962e-05
655.5176328340001	0.1419771946863541	1.6982570918765976e-05
656.7270749610001	0.14185535787385584	1.681729133687498e-05
657.9365170880001	0.1417340262617841	1.6652536123970745e-05
659.1459592150001	0.14161319788483695	1.6488319635953748e-05
660.355401342	0.14149287077930245	1.63246551128023e-05
661.564843469	0.1413730429817021	1.6161554689249648e-05
662.774285596	0.14125371252750824	1.599902940619729e-05
663.983727723	0.14113487744993614	1.583708922951995e-05
665.19316985	0.14101653577880377	1.5675743074087194e-05
666.402611977	0.14089868553946486	1.5514998821339837e-05
667.6120541040001	0.1407813247518142	1.5354863351803025e-05
668.8214962310001	0.140664451429362	1.5195342569804395e-05
670.0309383580001	0.14054806357837835	1.5036441439399247e-05
671.2403804850001	0.14043215919710936	1.4878164013657514e-05
672.449822612	0.1403167362750615	1.472051347106412e-05
673.659264739	0.14020179279235706	1.4563492154275346e-05
674.868706866	0.1400873267191521	1.4407101606618878e-05
676.078148993	0.13997333601512468	1.4251342612705196e-05
677.28759112	0.13985981862902078	1.4096215235652469e-05
678.497033247	0.13974677249828338	1.3941718858416702e-05
679.7064753740001	0.13963419554872028	1.3787852228983784e-05
680.9159175010001	0.13952208569425292	1.3634613494478253e-05
682.1253596280001	0.1394104408367121	1.3482000250542436e-05
683.3348017550001	0.13929925886570255	1.3330009574559039e-05
684.544243882	0.1391885376585182	1.3178638072828757e-05
685.753686009	0.13907827508011497	1.302788191791806e-05
686.963128136	0.13896846898313908	1.287773688907185e-05
688.172570263	0.13885911720800337	1.2728198409659927e-05
689.38201239	0.13875021758302064	1.2579261589054e-05
690.5914545170001	0.13864176792457736	1.2430921255747054e-05
691.8008966440001	0.138533766037359	1.2283171997008281e-05
693.0103387710001	0.1384262097146244	1.2136008192423623e-05
694.2197808980001	0.13831909673851192	1.1989424049128282e-05
695.429223025	0.13821242488039326	1.1843413631255293e-05
696.638665152	0.13810619190126822	1.1697970895688133e-05
697.848107279	0.13800039555219049	1.1553089719080365e-05
699.057549406	0.13789503357473218	1.140876392719822e-05
700.266991533	0.13779010370148062	1.1264987325273898e-05
701.47643366	0.13768560365656343	1.1121753719493511e-05
702.6858757870001	0.13758153115620161	1.097905694334446e-05
703.8953179140001	0.1374778839092983	1.0836890883120287e-05
705.1047600410001	0.13737465961803666	1.0695249494880847e-05
706.3142021680001	0.1372718559785118	1.0554126828013851e-05
707.523644295	0.13716947068138163	1.0413517044824542e-05
708.733086422	0.13706750141253118	1.0273414435469803e-05
709.942528549	0.13696594585375535	1.0133813436836744e-05
711.151970676	0.1368648016834569	9.994708643493774e-06
712.361412803	0.13676406657735446	9.85609482691429e-06
713.57085493	0.13666373820920696	9.717966943680638e-06
714.7802970570001	0.13656381425153877	9.580320147066783e-06
715.9897391840001	0.136464292376373	9.443149799223613e-06
717.1991813110001	0.13636517025597414	9.306451476805284e-06
718.4086234380001	0.13626644556359202	9.170220981794673e-06
719.618065565	0.1361681159741983	9.034454345283898e-06
720.827507692	0.1360701791652356	8.899147834201353e-06
722.036949819	0.13597263281735855	8.764297957828343e-06
723.246391946	0.13587547461516614	8.629901468414974e-06
724.455834073	0.13577870224793753	8.495955366118827e-06
725.6652762	0.13568231341035372	8.362456898810477e-06
726.8747183270001	0.1355863058032152	8.229403565276451e-06
728.0841604540001	0.13549067713415083	8.096793115335636e-06
729.2936025810001	0.13539542511830685	7.96462354759053e-06
730.5030447080001	0.13530054747903805	7.832893111082201e-06
731.712486835	0.13520604194857114	7.70160029944804e-06
732.921928962	0.13511190626866315	7.570743853456805e-06
734.131371089	0.1350181381912391	7.440322754480403e-06
735.340813216	0.13492473547901557	7.310336223609953e-06
736.550255343	0.13483169590610283	7.180783713316953e-06
737.7596974700001	0.13473901725859602	7.051664909753063e-06
738.9691395970001	0.1346466973351359	6.922979722262875e-06
740.1785817240001	0.1345547339474612	6.794728280216357e-06
741.3880238510001	0.13446312492092613	6.666910925740621e-06
742.5974659780001	0.13437186809501467	6.539528210776567e-06
743.806908105	0.13428096132381637	6.412580888565853e-06
745.016350232	0.1341904024764859	6.28606990658468e-06
746.225792359	0.134100189437682	6.159996402562841e-06
747.435234486	0.13401032010798078	6.034361694579404e-06
748.644676613	0.1339207924042624	5.909167274058615e-06
749.8541187400001	0.1338316042600809	5.784414799701185e-06
751.0635608670001	0.13374275362600524	5.660106089246387e-06
752.2730029940001	0.13365423846993066	5.5362431112009855e-06
753.4824451210001	0.13356605677738212	5.412827977394871e-06
754.6918872480001	0.13347820655177728	5.289862935766035e-06
755.901329375	0.13339068581467065	5.167350360341872e-06
757.110771502	0.133303492605977	5.045292743933142e-06
758.320213629	0.13321662498416614	4.9236926914596406e-06
759.529655756	0.1331300810264374	4.8025529102649935e-06
760.739097883	0.1330438588288685	4.681876201036535e-06
761.9485400100001	0.1329579565065401	4.561665450452007e-06
763.1579821370001	0.13287237219364048	4.441923624886421e-06
764.3674242640001	0.13278710404354743	4.322653758585505e-06
765.5768663910001	0.1327021502288813	4.203858946072251e-06
766.786308518	0.13261750894154783	4.085542337659361e-06
767.995750645	0.13253317839275125	3.967707125859398e-06
769.205192772	0.1324491568129878	3.850356541785351e-06
770.414634899	0.13236544245202037	3.7334938443101187e-06
771.624077026	0.13228203357883483	3.61712231218531e-06
772.833519153	0.13219892848157588	3.501245237864668e-06
774.0429612800001	0.13211612546746357	3.385865917840213e-06
775.2524034070001	0.13203362286269502	3.270987645243268e-06
776.4618455340001	0.13195141901232194	3.1566137036764505e-06
777.6712876610001	0.13186951228012453	3.042747356745377e-06
778.880729788	0.1317879010484585	2.92939184307385e-06
780.090171915	0.1317065837180856	2.816550368241541e-06
781.299614042	0.13162555870800544	2.7042260947491095e-06
782.509056169	0.1315448244552562	2.5924221402826174e-06
783.718498296	0.13146437941471195	2.48114156596457e-06
784.9279404230001	0.13138422205886305	2.3703873704880662e-06
786.1373825500001	0.13130435087759287	2.260162484883288e-06
787.3468246770001	0.13122476437793631	2.150469764025698e-06
788.5562668040001	0.13114546108383168	2.0413119807038006e-06
789.7657089310001	0.1310664395358612	1.9326918193693087e-06
790.975151058	0.13098769829098722	1.8246118699297028e-06
792.184593185	0.13090923592228013	1.717074622384406e-06
793.394035312	0.13083105101863587	1.6100824589558828e-06
794.603477439	0.1307531421844884	1.503637649129152e-06
795.812919566	0.1306755080395219	1.3977423456926012e-06
797.0223616930001	0.1305981472183703	1.2923985756071362e-06
798.2318038200001	0.13052105837031944	1.1876082392659256e-06
799.4412459470001	0.1304442401590023	1.0833731017258253e-06
800.6506880740001	0.1303676912620931	9.796947909534868e-07
801.8601302010001	0.13029141037099598	8.765747907543417e-07
803.069572328	0.13021539619054168	7.74014437960799e-07
804.279014455	0.13013964743866946	6.720149170844318e-07
805.488456582	0.13006416284611938	5.705772567428583e-07
806.697898709	0.12998894115612109	4.6970232457620114e-07
807.907340836	0.12991398112408595	3.6939082642496615e-07
809.1167829630001	0.1298392815172963	2.696433025394279e-07
810.3262250900001	0.1297648411145998	1.7046012180125632e-07
811.5356672170001	0.12969065870610608	7.184148025780989e-08
812.7451093440001	0.12961673309288588	-2.6212599760840796e-08
813.9545514710001	0.12954306308667168	-1.2370227256356094e-07
815.163993598	0.12946964750956563	-2.206278741582167e-07
816.373435725	0.12939648519374866	-3.169899195654732e-07
817.582877852	0.12932357498119554	-4.127891089068798e-07
818.792319979	0.12925091572339234	-5.080263245520312e-07
820.001762106	0.1291785062810654	-6.027026341235309e-07
821.2112042330001	0.12910634552390507	-6.968192917997067e-07
822.4206463600001	0.12903443233030573	-7.903777366464652e-07
823.6300884870001	0.12896276558710779	-8.833795955226915e-07
824.8395306140001	0.12889134418934398	-9.758266797706839e-07
826.0489727410001	0.1288201670399917	-1.0677209881477383e-06
827.258414868	0.12874923304973857	-1.1590647038464432e-06
828.467856995	0.12867854113674715	-1.2498601941879396e-06
829.677299122	0.12860809022642866	-1.3401100092863362e-06
830.886741249	0.12853787925122642	-1.4298168812382394e-06
832.0961833760001	0.12846790715040357	-1.5189837211455238e-06
833.3056255030001	0.12839817286983798	-1.6076136186117462e-06
834.5150676300001	0.12832867536182765	-1.6957098366127244e-06
835.7245097570001	0.1282594135848955	-1.7832758122937598e-06
836.9339518840001	0.1281903865036138	-1.8703151504909037e-06
838.143394011	0.12812159308842333	-1.9568316254366056e-06
839.352836138	0.12805303231547008	-2.0428291712516003e-06
840.562278265	0.12798470316643912	-2.1283118835091435e-06
841.771720392	0.1279166046284037	-2.2132840128313773e-06
842.981162519	0.12784873569368185	-2.2977499612534377e-06
844.1906046460001	0.12778109535969134	-2.3817142773976705e-06
845.4000467730001	0.1277136826288204	-2.465181650905838e-06
846.6094889000001	0.12764649650830082	-2.5481569112775254e-06
847.8189310270001	0.12757953601008964	-2.6306450173669393e-06
849.0283731540001	0.12751280015075667	-2.712651057340155e-06
850.237815281	0.1274462879513786	-2.794180239834464e-06
851.447257408	0.1273799984374383	-2.8752378893506485e-06
852.656699535	0.12731393063873278	-2.9558294394482955e-06
853.866141662	0.12724808358928752	-3.0359604283327034e-06
855.075583789	0.12718245632727032	-3.115636490688621e-06
856.2850259160001	0.12711704789491837	-3.194863353337928e-06
857.4944680430001	0.1270518573384663	-3.273646826021313e-06
858.7039101700001	0.12698688370808373	-3.3519927992875826e-06
859.9133522970001	0.12692212605781186	-3.429907229214396e-06
861.1227944240001	0.12685758344551207	-3.5073961404093728e-06
862.332236551	0.1267932549328127	-3.5844656121811464e-06
863.541678678	0.1267291395850652	-3.661121771745478e-06
864.751120805	0.12666523647130037	-3.7373707901749514e-06
865.960562932	0.12660154466419302	-3.8132188726659598e-06
867.170005059	0.12653806324002945	-3.888672251423716e-06
868.3794471860001	0.12647479127867658	-3.963737177436869e-06
869.5888893130001	0.12641172786355745	-4.038419914826784e-06
870.7983314400001	0.12634887208162796	-4.1127267302057365e-06
872.0077735670001	0.1262862230233589	-4.186663887145682e-06
873.2172156940001	0.12622377978271798	-4.260237637903812e-06
874.426657821	0.1261615414571592	-4.33345421468558e-06
875.636099948	0.1260995071476124	-4.406319824209286e-06
876.845542075	0.12603767595847534	-4.478840636587945e-06
878.054984202	0.12597604699760873	-4.551022780255252e-06
879.2644263290001	0.1259146193763318	-4.6228723357768075e-06
880.4738684560001	0.12585339220942332	-4.6943953221898905e-06
881.6833105830001	0.12579236461512638	-4.765597698841204e-06
882.8927527100001	0.1257315357151467	-4.836485348678405e-06
884.1021948370001	0.12567090463466143	-4.907064077434133e-06
885.3116369640001	0.12561047050232543	-4.97733960456655e-06
886.521079091	0.1255502324502797	-5.047317557043747e-06
887.730521218	0.12549018961416214	-5.117003462143087e-06
888.939963345	0.12543034113312124	-5.186402742677182e-06
890.149405472	0.12537068614982752	-5.255520709938539e-06
891.3588475990001	0.12531122381048687	-5.3243625584017055e-06
892.5682897260001	0.1252519532648615	-5.392933364426052e-06
893.7777318530001	0.1251928736662831	-5.461238076130917e-06
894.9871739800001	0.12513398417167382	-5.529281513268559e-06
896.1966161070001	0.125075283941564	-5.59706836209703e-06
897.406058234	0.1250167721401141	-5.664603173454633e-06
898.615500361	0.12495844793513834	-5.731890361497653e-06
899.824942488	0.12490031049812507	-5.7989342019696e-06
901.034384615	0.12484235900426315	-5.8657388319415995e-06
902.243826742	0.12478459263246434	-5.9323082486613e-06
903.4532688690001	0.12472701056539628	-5.998646315321294e-06
904.6627109960001	0.12466961198949818	-6.064756759353064e-06
905.8721531230001	0.1246123960950213	-6.1306431785296064e-06
907.0815952500001	0.1245553620760505	-6.196309045787948e-06
908.2910373770001	0.12449850913053592	-6.26175771214852e-06
909.500479504	0.12444183646032464	-6.326992418869578e-06
910.709921631	0.12438534327119116	-6.3920163018514796e-06
911.919363758	0.12432902877287275	-6.4568324031145846e-06
913.128805885	0.12427289217909968	-6.521443681103632e-06
914.338248012	0.12421693270763176	-6.585853022236752e-06
915.5476901390001	0.1241611495802909	-6.650063255101927e-06
916.7571322660001	0.12410554202299957	-6.714077164746076e-06
917.9665743930001	0.12405010926581383	-6.777897508097504e-06
919.1760165200001	0.12399485054296333	-6.841527027880411e-06
920.3854586470001	0.12393976509288673	-6.904968474936189e-06
921.594900774	0.12388485215826946	-6.968224621538788e-06
922.804342901	0.12383011098608093	-7.031298280866064e-06
924.013785028	0.12377554082761844	-7.094192327831904e-06
925.223227155	0.1237211409385392	-7.1569097148252e-06
926.432669282	0.12366691057890329	-7.219453494659483e-06
927.6421114090001	0.12361284901321036	-7.2818268367955594e-06
928.8515535360001	0.12355895551044214	-7.344033047208919e-06
930.0609956630001	0.12350522934409586	-7.406075584723312e-06
931.2704377900001	0.1234516697922296	-7.467958080851824e-06
932.4798799170001	0.12339827613749525	-7.529684353944235e-06
933.689322044	0.12334504766717919	-7.591258423106768e-06
934.898764171	0.12329198367323844	-7.65268452488592e-06
936.108206298	0.12323908345233917	-7.713967121795341e-06
937.317648425	0.12318634630588983	-7.77511091181846e-06
938.5270905520001	0.12313377154007724	-7.836120837852636e-06
939.7365326790001	0.12308135846589865	-7.897002089483638e-06
940.9459748060001	0.12302910639919941	-7.957760107741462e-06
942.1554169330001	0.12297701466069608	-8.018400582225345e-06
943.3648590600001	0.12292508257601036	-8.078929446949644e-06
944.5743011870001	0.12287330947569605	-8.139352875886153e-06
945.783743314	0.12282169469526437	-8.199677270588164e-06
946.993185441	0.12277023757520276	-8.259909244428958e-06
948.202627568	0.12271893746100537	-8.32005560958626e-06
949.412069695	0.12266779370317929	-8.38012335112581e-06
950.6215118220001	0.12261680565726964	-8.440119607077476e-06
951.8309539490001	0.1225659726838648	-8.500051634667585e-06
953.0403960760001	0.12251529414860993	-8.559926783668419e-06
954.2498382030001	0.122464769422207	-8.619752458843106e-06
955.4592803300001	0.12241439788042353	-8.679536080865104e-06
956.6687224570001	0.12236417890408462	-8.73928504588213e-06
957.878164584	0.12231411187906925	-8.79900667973307e-06
959.087606711	0.12226419619629947	-8.858708192195358e-06
960.297048838	0.12221443125172468	-8.91839662570838e-06
961.506490965	0.1221648164463022	-8.978078803655593e-06
962.7159330920001	0.12211535118597576	-9.037761277769095e-06
963.9253752190001	0.12206603488164049	-9.097450271362055e-06
965.1348173460001	0.12201686694911465	-9.157151624955203e-06
966.3442594730001	0.12196784680909822	-9.216870739842755e-06
967.5537016000001	0.12191897388713087	-9.276612518977429e-06
968.763143727	0.1218702476135399	-9.336381311124599e-06
969.972585854	0.1218216674233887	-9.396180854749385e-06
971.182027981	0.12177323275641697	-9.456014224693989e-06
972.391470108	0.12172494305698006	-9.51588377801725e-06
973.600912235	0.12167679777397458	-9.575791100957482e-06
974.8103543620001	0.12162879636077184	-9.635736963117481e-06
976.0197964890001	0.121580938275136	-9.695721269896803e-06
977.2292386160001	0.12153322297914472	-9.755743019214403e-06
978.4386807430001	0.12148564993910117	-9.81580026577742e-06
979.6481228700001	0.12143821862544675	-9.875890083496753e-06
980.857564997	0.12139092851266745	-9.936008534605788e-06
982.067007124	0.12134377907919669	-9.996150648322298e-06
983.276449251	0.12129676980731623	-1.0056310397168844e-05
984.485891378	0.12124990018305477	-1.01164806787931e-05
985.6953335050001	0.12120316969608294	-1.0176653311356403e-05
986.9047756320001	0.1211565778396086	-1.0236819025252431e-05
988.1142177590001	0.12111012411026849	-1.029696746453035e-05
989.3236598860001	0.12106380800802051	-1.0357087194857745e-05
990.5331020130001	0.12101762903603039	-1.0417165712902002e-05
991.7425441400001	0.12097158670056787	-1.0477189467174561e-05
992.951986267	0.12092568051089103	-1.0537143878785155e-05
994.161428394	0.12087990997914223	-1.0597013370673331e-05
995.370870521	0.12083427462023306	-1.0656781403085343e-05
996.580312648	0.120788773951742	-1.0716430509699118e-05
997.7897547750001	0.12074340749380641	-1.0775942340754339e-05
998.9991969020001	0.12069817476901629	-1.0835297714201128e-05
1000.2086390290001	0.12065307530231544	-1.0894476665636779e-05
1001.4180811560001	0.12060810862089744	-1.0953458502847758e-05
1002.6275232830001	0.1205632742541142	-1.1012221868585387e-05
1003.8369654100001	0.12051857173337874	-1.1070744798671578e-05
1005.046407537	0.1204740005920732	-1.1129004788748751e-05
1006.255849664	0.12042956036546558	-1.1186978863778726e-05
1007.465291791	0.12038525059062041	-1.1244643643685585e-05
1008.674733918	0.12034107080632685	-1.1301975413553455e-05
1009.8841760450001	0.12029702055301812	-1.135895019830587e-05
1011.0936181720001	0.12025309937270066	-1.1415543831630175e-05
1012.3030602990001	0.12020930680888771	-1.1471732029553076e-05
1013.5125024260001	0.12016564240653933	-1.1527490460500414e-05
1014.7219445530001	0.12012210571199955	-1.1582794819032351e-05
1015.9313866800001	0.12007869627294754	-1.1637620894710858e-05
1017.140828807	0.12003541363834554	-1.1691944638585226e-05
1018.350270934	0.11999225735839245	-1.1745742235087898e-05
1019.559713061	0.11994922698448804	-1.1798990161118393e-05
1020.769155188	0.11990632206919573	-1.1851665252488148e-05
1021.9785973150001	0.11986354216620844	-1.190374476562826e-05
1023.1880394420001	0.11982088683032309	-1.195520643110177e-05
1024.397481569	0.11977835561741638	-1.200602850969577e-05
1025.606923696	0.1197359480844279	-1.205618984282533e-05
1026.816365823	0.11969366378934199	-1.210566990226282e-05
1028.0258079500002	0.11965150229117588	-1.2154448832165884e-05
1029.235250077	0.11960946314997196	-1.2202507490846746e-05
1030.4446922040001	0.11956754592679344	-1.2249827491106899e-05
1031.654134331	0.11952575018372169	-1.22963912284472e-05
1032.8635764580001	0.11948407548385809	-1.2342181913792316e-05
1034.073018585	0.11944252139132461	-1.238718360431539e-05
1035.282460712	0.11940108747127613	-1.2431381218859621e-05
1036.491902839	0.11935977328990738	-1.247476056151002e-05
1037.701344966	0.11931857841445977	-1.251730833885369e-05
1038.9107870930002	0.11927750241324	-1.2559012169623298e-05
1040.12022922	0.1192365448556342	-1.259986059574646e-05
1041.3296713470002	0.1191957053121229	-1.2639843089066092e-05
1042.539113474	0.11915498335429932	-1.2678950054445485e-05
1043.7485556010001	0.11911437855489326	-1.2717172832204749e-05
1044.957997728	0.11907389048778505	-1.2754503690893927e-05
1046.167439855	0.11903351872803394	-1.2790935827332025e-05
1047.376881982	0.11899326285189991	-1.2826463359852688e-05
1048.586324109	0.11895312243686156	-1.2861081317379201e-05
1049.795766236	0.11891309706164795	-1.2894785629569752e-05
1051.005208363	0.11887318630625687	-1.2927573113288977e-05
1052.2146504900002	0.11883338975198292	-1.2959441457794737e-05
1053.424092617	0.11879370698144204	-1.2990389210091339e-05
1054.6335347440001	0.11875413757859547	-1.3020415755586744e-05
1055.842976871	0.11871468112877614	-1.3049521300922366e-05
1057.0524189980001	0.11867533721871555	-1.3077706852396041e-05
1058.261861125	0.11863610543656006	-1.3104974197244412e-05
1059.471303252	0.11859698537190513	-1.3131325879691347e-05
1060.680745379	0.11855797661581359	-1.3156765180352862e-05
1061.890187506	0.11851907876084065	-1.3181296090959588e-05
1063.0996296330002	0.11848029140105457	-1.3204923290990414e-05
1064.30907176	0.11844161413205928	-1.3227652125832557e-05
1065.5185138870002	0.11840304655101778	-1.3249488577043836e-05
1066.727956014	0.11836458825667058	-1.327043924032778e-05
1067.9373981410001	0.11832623884935442	-1.3290511297649003e-05
1069.146840268	0.11828799793101792	-1.3309712491724386e-05
1070.356282395	0.11824986510524478	-1.3328051095188366e-05
1071.565724522	0.11821183997726686	-1.3345535888566087e-05
1072.775166649	0.11817392215397667	-1.3362176127601914e-05
1073.9846087760002	0.11813611124394488	-1.3377981513422205e-05
1075.194050903	0.11809840685742555	-1.339296216542309e-05
1076.4034930300002	0.11806080860637955	-1.3407128588297957e-05
1077.612935157	0.11802331610446999	-1.3420491640288717e-05
1078.8223772840001	0.11798592896707974	-1.3433062499563733e-05
1080.031819411	0.11794864681131682	-1.3444852632865035e-05
1081.2412615380001	0.11791146925601599	-1.3455873755184358e-05
1082.450703665	0.11787439592174917	-1.3466137795936167e-05
1083.660145792	0.1178374264308245	-1.3475656861280426e-05
1084.869587919	0.11780056040728919	-1.3484443193202972e-05
1086.079030046	0.11776379747693345	-1.3492509127687987e-05
1087.2884721730002	0.11772713726728908	-1.3499867055336446e-05
1088.4979143	0.11769057940762576	-1.3506529372673575e-05
1089.7073564270001	0.11765412352895403	-1.3512508440935391e-05
1090.916798554	0.11761776926402615	-1.3517816537260818e-05
1092.1262406810001	0.11758151624732549	-1.3522465808233704e-05
1093.335682808	0.11754536411507296	-1.3526468221223443e-05
1094.545124935	0.11750931250521911	-1.3529835512692117e-05
1095.754567062	0.11747336105744546	-1.3532579142328399e-05
1096.964009189	0.11743750941315781	-1.3534710241352746e-05
1098.1734513160002	0.11740175721549032	-1.3536239562355427e-05
1099.382893443	0.11736610410929656	-1.3537177432448058e-05
1100.5923355700002	0.11733054974115423	-1.3537533702633661e-05
1101.801777697	0.11729509375936052	-1.3537317704254136e-05
1103.0112198240001	0.11725973581393506	-1.353653820238629e-05
1104.220661951	0.11722447555661636	-1.3535203353614035e-05
1105.430104078	0.11718931264086585	-1.3533320666953132e-05
1106.639546205	0.11715424672186718	-1.3530896969667497e-05
1107.848988332	0.1171192774565259	-1.3527938371562986e-05
1109.058430459	0.11708440450347668	-1.352445023891236e-05
1110.267872586	0.11704962752308008	-1.3520437170525193e-05
1111.4773147130002	0.11701494617742857	-1.351590297940795e-05
1112.68675684	0.11698036013034643	-1.3510850678371909e-05
1113.8961989670001	0.11694586904739421	-1.3505282473828933e-05
1115.105641094	0.11691147259587119	-1.349919976353886e-05
1116.3150832210001	0.11687717044481377	-1.3492603142612864e-05
1117.524525348	0.11684296226500206	-1.3485492410235742e-05
1118.733967475	0.11680884772895676	-1.3477866593088215e-05
1119.943409602	0.11677482651094293	-1.3469723963167951e-05
1121.152851729	0.11674089828696349	-1.3461062073698094e-05
1122.3622938560002	0.1167070627347648	-1.3451877791853887e-05
1123.571735983	0.1166733195338301	-1.3442167343663503e-05
1124.7811781100002	0.11663966836537318	-1.3431926360792443e-05
1125.990620237	0.11660610891233991	-1.3421149937586646e-05
1127.2000623640001	0.11657264085939532	-1.3409832689637818e-05
1128.409504491	0.11653926389292152	-1.3397968819762617e-05
1129.618946618	0.11650597770100284	-1.3385552187535507e-05
1130.828388745	0.11647278197342188	-1.3372576381429238e-05
1132.037830872	0.11643967640164347	-1.3359034800165196e-05
1133.2472729990002	0.11640666067880326	-1.3344920728990022e-05
1134.456715126	0.1163737344996942	-1.3330227425540383e-05
1135.6661572530002	0.11634089756075236	-1.3314948202028727e-05
1136.87559938	0.11630814956004049	-1.3299076513045493e-05
1138.0850415070001	0.11627549019723041	-1.3282606040969927e-05
1139.294483634	0.11624291917359009	-1.3265530781981378e-05
1140.5039257610001	0.11621043619196202	-1.3247845132742511e-05
1141.713367888	0.1161780409567473	-1.3229543970603288e-05
1142.922810015	0.11614573317388807	-1.3210622739891733e-05
1144.132252142	0.1161135125508517	-1.3191077528100028e-05
1145.341694269	0.11608137879660944	-1.3170905140480296e-05
1146.5511363960002	0.11604933162162248	-1.3150103172275056e-05
1147.760578523	0.11601737073782545	-1.3128670075647855e-05
1148.9700206500002	0.11598549585861363	-1.310660521993067e-05
1150.179462777	0.11595370669882406	-1.308390894882824e-05
1151.3889049040001	0.11592200297472462	-1.3060582628346885e-05
1152.598347031	0.11589038440400352	-1.3036628690956223e-05
1153.807789158	0.11585885070575717	-1.3012050672332007e-05
1155.017231285	0.11582740160047958	-1.2986853238542922e-05
1156.226673412	0.11579603681005891	-1.2961042209435366e-05
1157.4361155390002	0.11576475605776736	-1.2934624571482496e-05
1158.645557666	0.11573355906825607	-1.2907608486936412e-05
1159.8549997930002	0.11570244556755536	-1.2880003287559222e-05
1161.06444192	0.11567141528306837	-1.285181946946398e-05
1162.2738840470001	0.11564046794357506	-1.2823068676353789e-05
1163.483326174	0.11560960327922701	-1.2793763674362877e-05
1164.6927683010001	0.11557882102155469	-1.2763918318288364e-05
1165.902210428	0.11554812090346639	-1.2733547516392938e-05
1167.111652555	0.11551750265925556	-1.2702667182191226e-05
1168.321094682	0.11548696602459949	-1.2671294183925624e-05
1169.530536809	0.11545651073656761	-1.2639446286294958e-05
1170.7399789360002	0.11542613653362471	-1.2607142085017235e-05
1171.949421063	0.11539584315563747	-1.2574400940220545e-05
1173.1588631900001	0.11536563034388132	-1.2541242899828637e-05
1174.368305317	0.11533549784103805	-1.2507688625139915e-05
1175.5777474440001	0.11530544539120721	-1.2473759307518127e-05
1176.787189571	0.1152754727399067	-1.2439476584075465e-05
1177.996631698	0.11524557963407234	-1.2404862450920813e-05
1179.206073825	0.11521576582206676	-1.236993917578354e-05
1180.415515952	0.11518603105367138	-1.2334729208926536e-05
1181.6249580790002	0.11515637508009194	-1.2299255090629592e-05
1182.834400206	0.1151267976539512	-1.2263539364790306e-05
1184.0438423330002	0.11509729852928988	-1.2227604487494348e-05
1185.25328446	0.11506787746155457	-1.219147273749891e-05
1186.4627265870001	0.11503853420759673	-1.2155166134524282e-05
1187.672168714	0.11500926852565925	-1.2118706353097174e-05
1188.881610841	0.1149800801753659	-1.2082114640592167e-05
1190.091052968	0.11495096891770924	-1.204541174313028e-05
1191.300495095	0.1149219345150351	-1.2008617830565014e-05
1192.5099372220002	0.11489297673102766	-1.1971752423546289e-05
1193.719379349	0.11486409533068952	-1.19348343360545e-05
1194.9288214760002	0.11483529008031834	-1.1897881608948235e-05
1196.138263603	0.11480656074749312	-1.186091145983612e-05
1197.3477057300001	0.11477790710104584	-1.1823940229087984e-05
1198.557147857	0.11474932891103762	-1.1786983342565985e-05
1199.7665899840001	0.11472082594873247	-1.1750055267080201e-05
1200.976032111	0.11469239798657398	-1.1713169483563204e-05
1202.185474238	0.11466404479815437	-1.1676338455535416e-05
1203.394916365	0.11463576615818455	-1.1639573614259036e-05
1204.604358492	0.11460756184247319	-1.160288534061084e-05
1205.8138006190002	0.11457943162788554	-1.1566282957843755e-05
1207.023242746	0.11455137529232427	-1.1529774726593493e-05
1208.2326848730002	0.1145233926146918	-1.1493367848094739e-05
1209.442127	0.11449548337486502	-1.145706847425185e-05
